4 0.940625 0.464583 0.904687 0.479167 0.884375 0.485417 0.864062 0.491667 0.845313 0.495833 0.854688 0.516667 0.857812 0.537500 0.857812 0.564583 0.864062 0.591667 0.865625 0.616667 0.868750 0.635417 0.882812 0.629167 0.898438 0.625000 0.918750 0.618750 0.935937 0.612500 0.954688 0.608333 0.956250 0.589583 0.951562 0.558333 0.945312 0.520833 0.940625 0.489583 0.939063 0.466667
4 0.737500 0.281250 0.718750 0.277083 0.695312 0.268750 0.657813 0.268750 0.637500 0.270833 0.628125 0.287500 0.621875 0.312500 0.621875 0.341667 0.623437 0.368750 0.623437 0.400000 0.625000 0.422917 0.642188 0.429167 0.665625 0.429167 0.687500 0.429167 0.714063 0.429167 0.732812 0.429167 0.735938 0.404167 0.735938 0.372917 0.735938 0.345833 0.734375 0.318750 0.734375 0.289583
4 0.756250 0.693750 0.737500 0.689583 0.718750 0.689583 0.695312 0.689583 0.670312 0.691667 0.654687 0.697917 0.651563 0.718750 0.656250 0.750000 0.657813 0.785417 0.657813 0.812500 0.660937 0.833333 0.675000 0.839583 0.690625 0.841667 0.710938 0.835417 0.731250 0.829167 0.748437 0.829167 0.759375 0.820833 0.759375 0.797917 0.759375 0.770833 0.756250 0.735417 0.751563 0.706250
4 0.596875 0.458333 0.571875 0.452083 0.551562 0.450000 0.526563 0.450000 0.503125 0.447917 0.490625 0.456250 0.484375 0.483333 0.481250 0.504167 0.479687 0.535417 0.479687 0.572917 0.482812 0.595833 0.501563 0.595833 0.526563 0.595833 0.551562 0.593750 0.575000 0.593750 0.593750 0.595833 0.596875 0.572917 0.596875 0.545833 0.596875 0.512500 0.596875 0.487500 0.596875 0.460417
8 0.589063 0.070833 0.564063 0.075000 0.535937 0.075000 0.526563 0.095833 0.525000 0.131250 0.526563 0.164583 0.526563 0.206250 0.526563 0.241667 0.528125 0.270833 0.539062 0.289583 0.553125 0.304167 0.575000 0.308333 0.596875 0.306250 0.606250 0.285417 0.612500 0.260417 0.612500 0.229167 0.609375 0.197917 0.609375 0.166667 0.606250 0.137500 0.604688 0.108333 0.601562 0.077083
8 0.279687 0.400000 0.279687 0.435417 0.278125 0.470833 0.290625 0.487500 0.312500 0.497917 0.335938 0.497917 0.362500 0.497917 0.384375 0.491667 0.409375 0.487500 0.435937 0.487500 0.451562 0.472917 0.457813 0.443750 0.453125 0.410417 0.437500 0.393750 0.412500 0.393750 0.384375 0.393750 0.351562 0.391667 0.328125 0.389583 0.295312 0.385417 0.279687 0.393750 0.279687 0.433333
7 0.495312 0.170833 0.470313 0.170833 0.457813 0.175000 0.454688 0.197917 0.454688 0.225000 0.453125 0.252083 0.457813 0.285417 0.464062 0.308333 0.470313 0.325000 0.485938 0.325000 0.500000 0.318750 0.507812 0.304167 0.507812 0.279167 0.503125 0.262500 0.484375 0.262500 0.478125 0.245833 0.482812 0.227083 0.498437 0.229167 0.503125 0.212500 0.503125 0.189583 0.496875 0.172917
7 0.450000 0.300000 0.423438 0.300000 0.400000 0.300000 0.378125 0.293750 0.357812 0.291667 0.342187 0.293750 0.346875 0.314583 0.348438 0.337500 0.356250 0.352083 0.370312 0.358333 0.384375 0.352083 0.393750 0.331250 0.407813 0.325000 0.414062 0.343750 0.414062 0.366667 0.434375 0.366667 0.453125 0.370833 0.462500 0.358333 0.462500 0.335417 0.462500 0.306250 0.448437 0.300000
7 0.904687 0.770833 0.898438 0.743750 0.885938 0.733333 0.870313 0.745833 0.864062 0.764583 0.859375 0.756250 0.854688 0.737500 0.842187 0.727083 0.823438 0.727083 0.817187 0.743750 0.809375 0.764583 0.803125 0.781250 0.814063 0.791667 0.829688 0.793750 0.837500 0.808333 0.854688 0.808333 0.865625 0.793750 0.882812 0.793750 0.900000 0.793750 0.910937 0.787500 0.904687 0.766667
7 0.520312 0.818750 0.500000 0.814583 0.489063 0.800000 0.478125 0.814583 0.470313 0.831250 0.467187 0.850000 0.464062 0.872917 0.465625 0.895833 0.467187 0.920833 0.470313 0.943750 0.484375 0.950000 0.500000 0.943750 0.517188 0.943750 0.523438 0.922917 0.512500 0.906250 0.498437 0.902083 0.493750 0.881250 0.503125 0.864583 0.520312 0.862500 0.528125 0.841667 0.525000 0.820833
7 0.318750 0.845833 0.281250 0.843750 0.239063 0.858333 0.193750 0.877083 0.173437 0.889583 0.140625 0.906250 0.115625 0.925000 0.114062 0.964583 0.120313 0.993750 0.145313 1.004167 0.176563 1.004167 0.204687 1.014583 0.246875 1.012500 0.285938 1.016667 0.321875 1.020833 0.353125 1.020833 0.376563 1.004167 0.367188 0.968750 0.354687 0.935417 0.340625 0.885417 0.321875 0.850000
3 0.857812 0.547917 0.848437 0.547917 0.843750 0.541667 0.843750 0.529167 0.837500 0.522917 0.828125 0.525000 0.825000 0.535417 0.820312 0.545833 0.809375 0.554167 0.804688 0.562500 0.807813 0.577083 0.809375 0.589583 0.817187 0.597917 0.823438 0.602083 0.829688 0.595833 0.839063 0.595833 0.848437 0.595833 0.856250 0.593750 0.857812 0.581250 0.862500 0.572917 0.862500 0.560417 0.860938 0.550000
