1 0.266406 0.155208 0.026562 0.106250
1 0.261719 0.361458 0.029687 0.097917
1 0.261719 0.555208 0.023438 0.106250
1 0.276562 0.722917 0.267188 0.722917 0.257812 0.722917 0.256250 0.731250 0.256250 0.739583 0.259375 0.745833 0.267188 0.750000 0.270313 0.754167 0.271875 0.764583 0.271875 0.775000 0.273438 0.785417 0.273438 0.795833 0.275000 0.804167 0.281250 0.802083 0.282813 0.791667 0.282813 0.783333 0.281250 0.775000 0.279687 0.762500 0.279687 0.752083 0.278125 0.739583 0.278125 0.729167
1 0.457031 0.702083 0.035937 0.079167
1 0.460156 0.498958 0.029687 0.097917
1 0.459375 0.300000 0.037500 0.120833
1 0.459375 0.106250 0.025000 0.091667
1 0.673438 0.127083 0.031250 0.100000
1 0.677344 0.315625 0.032813 0.093750
1 0.681250 0.504167 0.028125 0.112500
1 0.678906 0.702083 0.032813 0.079167
1 0.708594 0.858333 0.089063 0.037500
1 0.850781 0.841667 0.064062 0.029167
1 0.957812 0.825000 0.059375 0.025000
1 0.257031 0.930208 0.054688 0.031250
1 0.125000 0.893750 0.117188 0.893750 0.110937 0.891667 0.104688 0.891667 0.098437 0.889583 0.090625 0.889583 0.082812 0.889583 0.076563 0.889583 0.073438 0.895833 0.073438 0.904167 0.073438 0.914583 0.076563 0.920833 0.084375 0.920833 0.089063 0.922917 0.096875 0.925000 0.101562 0.925000 0.109375 0.925000 0.115625 0.925000 0.121875 0.925000 0.123438 0.914583 0.123438 0.906250 0.123438 0.897917
1 0.020313 0.893750 0.014063 0.885417 0.009375 0.879167 0.007812 0.875000 0.004687 0.875000 0.003125 0.877083 0.001563 0.879167 0.000000 0.881250 0.000000 0.885417 -0.001563 0.889583 -0.001563 0.895833 0.000000 0.900000 0.000000 0.904167 0.001563 0.908333 0.004687 0.908333 0.007812 0.908333 0.010937 0.908333 0.014063 0.908333 0.017188 0.908333 0.017188 0.904167 0.017188 0.900000 0.017188 0.895833 0.018750 0.895833
7 0.270313 0.756250 0.253125 0.747917 0.237500 0.741667 0.228125 0.758333 0.228125 0.785417 0.228125 0.808333 0.225000 0.847917 0.228125 0.887500 0.228125 0.912500 0.226562 0.914583 0.229687 0.891667 0.246875 0.897917 0.264062 0.897917 0.275000 0.889583 0.285938 0.868750 0.282813 0.850000 0.270313 0.839583 0.262500 0.822917 0.267188 0.808333 0.267188 0.783333 0.267188 0.762500
7 0.228125 0.891667 0.210938 0.879167 0.195312 0.868750 0.178125 0.864583 0.159375 0.862500 0.143750 0.864583 0.132812 0.868750 0.128125 0.887500 0.126562 0.906250 0.125000 0.925000 0.134375 0.931250 0.150000 0.931250 0.165625 0.931250 0.176563 0.937500 0.187500 0.943750 0.198437 0.947917 0.210938 0.952083 0.223438 0.945833 0.228125 0.929167 0.226562 0.908333 0.225000 0.891667
0 0.225000 0.987500 0.210938 0.981250 0.195312 0.987500 0.178125 0.987500 0.160938 0.981250 0.145313 0.977083 0.128125 0.970833 0.110937 0.960417 0.089063 0.954167 0.071875 0.952083 0.064062 0.970833 0.067187 0.993750 0.085938 0.993750 0.101562 0.993750 0.121875 0.993750 0.140625 0.993750 0.162500 0.993750 0.182812 0.997917 0.201563 1.002083 0.220312 1.004167 0.228125 0.987500
0 0.364844 0.713542 0.114062 0.239583
2 0.675000 0.225000 0.034375 0.095833
2 0.682813 0.407292 0.031250 0.077083
2 0.679688 0.613542 0.031250 0.093750
2 0.678125 0.790625 0.028125 0.089583
2 0.785937 0.848958 0.068750 0.027083
2 0.907813 0.838542 0.046875 0.039583
2 0.460156 0.406250 0.029687 0.087500
2 0.459375 0.604167 0.031250 0.100000
2 0.452344 0.797917 0.026562 0.104167
2 0.264062 0.667708 0.034375 0.102083
2 0.258594 0.457292 0.026562 0.081250
2 0.264844 0.259375 0.026562 0.102083
2 0.458594 0.197917 0.029687 0.087500
2 0.068750 0.889583 0.059375 0.891667 0.051562 0.891667 0.045312 0.893750 0.039062 0.893750 0.034375 0.893750 0.026562 0.895833 0.023438 0.900000 0.020313 0.904167 0.020313 0.912500 0.023438 0.916667 0.028125 0.918750 0.034375 0.920833 0.040625 0.920833 0.045312 0.925000 0.051562 0.925000 0.059375 0.925000 0.064062 0.925000 0.068750 0.920833 0.068750 0.912500 0.068750 0.904167 0.068750 0.897917 0.068750 0.889583
6 0.281250 0.089583 0.251563 0.127083 0.250000 0.206250 0.250000 0.275000 0.250000 0.345833 0.250000 0.414583 0.246875 0.479167 0.250000 0.550000 0.250000 0.625000 0.251563 0.697917 0.262500 0.758333 0.278125 0.814583 0.282813 0.752083 0.278125 0.679167 0.278125 0.591667 0.276562 0.510417 0.279687 0.433333 0.276562 0.337500 0.279687 0.250000 0.282813 0.170833 0.282813 0.089583
6 0.471875 0.060417 0.443750 0.087500 0.434375 0.162500 0.439063 0.245833 0.440625 0.320833 0.446875 0.391667 0.442188 0.464583 0.440625 0.537500 0.440625 0.614583 0.439063 0.693750 0.440625 0.768750 0.439063 0.841667 0.468750 0.839583 0.470313 0.758333 0.471875 0.672917 0.476562 0.554167 0.476562 0.464583 0.473438 0.354167 0.476562 0.245833 0.479687 0.135417 0.471875 0.064583
6 0.684375 0.077083 0.654687 0.104167 0.650000 0.172917 0.657813 0.254167 0.656250 0.335417 0.662500 0.404167 0.664062 0.489583 0.664062 0.564583 0.664062 0.645833 0.660937 0.712500 0.662500 0.804167 0.687500 0.835417 0.692187 0.768750 0.695312 0.693750 0.695312 0.610417 0.693750 0.520833 0.693750 0.441667 0.693750 0.347917 0.696875 0.239583 0.692187 0.150000 0.681250 0.077083
6 0.742188 0.835417 0.704688 0.831250 0.671875 0.827083 0.662500 0.860417 0.689063 0.870833 0.721875 0.866667 0.759375 0.864583 0.796875 0.864583 0.839063 0.868750 0.878125 0.868750 0.923438 0.864583 0.957812 0.856250 0.990625 0.837500 0.995313 0.808333 0.960938 0.808333 0.923438 0.818750 0.889062 0.822917 0.843750 0.825000 0.804688 0.825000 0.764062 0.822917 0.729688 0.827083
6 0.285938 0.925000 0.278125 0.920833 0.267188 0.914583 0.259375 0.912500 0.250000 0.908333 0.243750 0.908333 0.235937 0.908333 0.229687 0.912500 0.226562 0.916667 0.225000 0.925000 0.225000 0.933333 0.228125 0.941667 0.234375 0.943750 0.240625 0.945833 0.246875 0.947917 0.256250 0.947917 0.267188 0.947917 0.276562 0.947917 0.284375 0.947917 0.289062 0.943750 0.290625 0.933333 0.289062 0.925000
6 0.120313 0.893750 0.101562 0.895833 0.082812 0.893750 0.068750 0.891667 0.053125 0.889583 0.039062 0.887500 0.021875 0.885417 0.007812 0.881250 0.000000 0.887500 0.000000 0.906250 0.004687 0.916667 0.017188 0.916667 0.031250 0.916667 0.046875 0.916667 0.062500 0.920833 0.079687 0.920833 0.093750 0.920833 0.106250 0.920833 0.117188 0.920833 0.125000 0.904167
