3 0.471875 0.457292 0.031250 0.106250
3 0.378906 0.365625 0.023438 0.110417
3 0.317969 0.445833 0.042188 0.095833
3 0.383594 0.538542 0.039062 0.089583
7 0.127344 0.729167 0.154688 0.179167
7 0.192969 0.960417 0.129688 0.141667
7 0.292187 0.667708 0.034375 0.127083
7 0.256250 0.383333 0.043750 0.062500
7 0.296875 0.353125 0.037500 0.089583
7 0.512500 0.627083 0.075000 0.083333
0 0.847656 0.591667 0.104688 0.104167
0 0.761719 0.601042 0.104688 0.093750
0 0.654687 0.590625 0.084375 0.093750
0 0.569531 0.581250 0.095312 0.075000
0 0.121875 0.452083 0.118750 0.070833
0 0.360156 0.328125 0.060937 0.106250
