1 0.575000 0.118750 0.579688 0.118750 0.581250 0.118750 0.587500 0.118750 0.590625 0.118750 0.595313 0.118750 0.596875 0.118750 0.596875 0.110417 0.596875 0.104167 0.596875 0.100000 0.595313 0.093750 0.595313 0.087500 0.593750 0.087500 0.590625 0.087500 0.585938 0.085417 0.581250 0.085417 0.578125 0.085417 0.575000 0.085417 0.573438 0.087500 0.573438 0.093750 0.573438 0.100000 0.573438 0.106250 0.573438 0.106250
1 0.615625 0.225000 0.612500 0.225000 0.606250 0.225000 0.603125 0.225000 0.600000 0.229167 0.603125 0.235417 0.606250 0.243750 0.606250 0.250000 0.606250 0.254167 0.606250 0.262500 0.609375 0.266667 0.612500 0.266667 0.617188 0.266667 0.618750 0.262500 0.618750 0.254167 0.618750 0.247917 0.617188 0.241667 0.615625 0.235417 0.615625 0.229167 0.612500 0.225000 0.609375 0.218750
1 0.590625 0.147917 0.584375 0.147917 0.587500 0.160417 0.590625 0.166667 0.590625 0.172917 0.593750 0.175000 0.593750 0.179167 0.595313 0.185417 0.600000 0.187500 0.606250 0.187500 0.609375 0.187500 0.612500 0.185417 0.612500 0.175000 0.612500 0.166667 0.612500 0.162500 0.612500 0.156250 0.610938 0.150000 0.609375 0.143750 0.609375 0.141667 0.603125 0.141667 0.600000 0.141667 0.595313 0.143750 0.590625 0.143750
1 0.634375 0.312500 0.628125 0.312500 0.625000 0.312500 0.618750 0.316667 0.620313 0.318750 0.621875 0.329167 0.621875 0.331250 0.621875 0.341667 0.625000 0.347917 0.625000 0.350000 0.625000 0.356250 0.628125 0.360417 0.631250 0.360417 0.637500 0.362500 0.640625 0.362500 0.643750 0.362500 0.642188 0.356250 0.637500 0.347917 0.637500 0.341667 0.637500 0.335417 0.637500 0.331250 0.635938 0.318750 0.634375 0.312500 0.634375 0.306250
1 0.093750 0.612500 0.093750 0.612500 0.085938 0.612500 0.075000 0.612500 0.065625 0.612500 0.059375 0.612500 0.053125 0.612500 0.050000 0.618750 0.050000 0.625000 0.046875 0.631250 0.050000 0.637500 0.059375 0.637500 0.068750 0.637500 0.075000 0.643750 0.081250 0.643750 0.085938 0.643750 0.089063 0.637500 0.089063 0.629167 0.089063 0.622917 0.092188 0.612500 0.093750 0.610417
1 0.159375 0.610417 0.160938 0.616667 0.160938 0.631250 0.160938 0.643750 0.171875 0.643750 0.181250 0.643750 0.190625 0.643750 0.201563 0.650000 0.209375 0.654167 0.218750 0.650000 0.218750 0.643750 0.218750 0.631250 0.221875 0.622917 0.218750 0.612500 0.212500 0.612500 0.203125 0.612500 0.185938 0.610417 0.176563 0.606250 0.165625 0.606250 0.156250 0.604167 0.156250 0.606250
1 0.282813 0.604167 0.282813 0.612500 0.282813 0.625000 0.282813 0.631250 0.287500 0.635417 0.303125 0.635417 0.306250 0.637500 0.314063 0.637500 0.325000 0.637500 0.331250 0.637500 0.335938 0.641667 0.337500 0.631250 0.337500 0.622917 0.337500 0.612500 0.337500 0.606250 0.329688 0.604167 0.321875 0.604167 0.314063 0.600000 0.306250 0.600000 0.298438 0.600000 0.290625 0.600000 0.282813 0.600000
1 0.415625 0.600000 0.418750 0.606250 0.418750 0.618750 0.415625 0.631250 0.431250 0.637500 0.446875 0.637500 0.460938 0.635417 0.473438 0.631250 0.481250 0.629167 0.487500 0.622917 0.485938 0.610417 0.485938 0.600000 0.481250 0.593750 0.473438 0.593750 0.462500 0.593750 0.454688 0.593750 0.443750 0.593750 0.434375 0.593750 0.426563 0.600000 0.415625 0.600000 0.406250 0.606250
1 0.860938 0.560417 0.859375 0.568750 0.859375 0.572917 0.860938 0.575000 0.865625 0.575000 0.878125 0.581250 0.890625 0.581250 0.896875 0.581250 0.898438 0.581250 0.896875 0.572917 0.896875 0.566667 0.896875 0.562500 0.893750 0.556250 0.893750 0.554167 0.893750 0.550000 0.885938 0.550000 0.878125 0.554167 0.875000 0.556250 0.870313 0.556250 0.867188 0.556250 0.856250 0.556250 0.854688 0.560417
1 0.953125 0.550000 0.956250 0.550000 0.959375 0.556250 0.960938 0.562500 0.964063 0.568750 0.964063 0.575000 0.965625 0.579167 0.975000 0.575000 0.981250 0.575000 0.987500 0.575000 0.992188 0.572917 0.990625 0.566667 0.990625 0.560417 0.990625 0.554167 0.987500 0.550000 0.987500 0.541667 0.985938 0.537500 0.971875 0.541667 0.968750 0.541667 0.964063 0.543750 0.960938 0.543750 0.956250 0.543750 0.956250 0.550000
1 0.745313 0.822917 0.725000 0.822917 0.729688 0.835417 0.729688 0.850000 0.728125 0.862500 0.728125 0.881250 0.728125 0.893750 0.728125 0.906250 0.731250 0.916667 0.735938 0.925000 0.751563 0.925000 0.760938 0.925000 0.768750 0.918750 0.768750 0.906250 0.762500 0.893750 0.762500 0.881250 0.760938 0.862500 0.760938 0.850000 0.759375 0.835417 0.756250 0.822917 0.750000 0.818750
2 0.590625 0.118750 0.585938 0.118750 0.578125 0.118750 0.573438 0.116667 0.575000 0.118750 0.579688 0.125000 0.579688 0.131250 0.579688 0.137500 0.581250 0.141667 0.585938 0.141667 0.596875 0.141667 0.600000 0.143750 0.606250 0.143750 0.609375 0.137500 0.609375 0.129167 0.609375 0.122917 0.606250 0.116667 0.603125 0.116667 0.596875 0.116667 0.593750 0.112500 0.589063 0.112500
2 0.606250 0.187500 0.600000 0.187500 0.595313 0.187500 0.596875 0.191667 0.600000 0.200000 0.600000 0.212500 0.600000 0.218750 0.600000 0.222917 0.606250 0.222917 0.612500 0.218750 0.617188 0.218750 0.621875 0.218750 0.625000 0.210417 0.626563 0.200000 0.625000 0.193750 0.625000 0.191667 0.621875 0.181250 0.617188 0.181250 0.609375 0.185417 0.606250 0.187500 0.590625 0.193750 0.578125 0.197917 0.581250 0.197917 0.585938 0.193750
2 0.609375 0.266667 0.609375 0.281250 0.609375 0.293750 0.609375 0.300000 0.610938 0.306250 0.612500 0.312500 0.617188 0.312500 0.626563 0.312500 0.631250 0.312500 0.637500 0.312500 0.642188 0.312500 0.642188 0.300000 0.643750 0.293750 0.643750 0.287500 0.642188 0.281250 0.642188 0.275000 0.637500 0.268750 0.631250 0.268750 0.628125 0.275000 0.621875 0.275000 0.617188 0.275000 0.612500 0.272917 0.609375 0.268750 0.606250 0.268750
2 0.896875 0.543750 0.900000 0.560417 0.900000 0.568750 0.900000 0.579167 0.903125 0.585417 0.909375 0.585417 0.932813 0.585417 0.939063 0.585417 0.946875 0.585417 0.953125 0.581250 0.956250 0.581250 0.956250 0.566667 0.956250 0.562500 0.953125 0.554167 0.953125 0.543750 0.950000 0.537500 0.943750 0.537500 0.932813 0.537500 0.923438 0.537500 0.915625 0.537500 0.909375 0.537500 0.900000 0.537500
2 0.335938 0.635417 0.350000 0.635417 0.360938 0.635417 0.371875 0.637500 0.381250 0.641667 0.392188 0.643750 0.400000 0.641667 0.406250 0.625000 0.407813 0.610417 0.409375 0.597917 0.407813 0.587500 0.387500 0.591667 0.378125 0.593750 0.367188 0.591667 0.356250 0.591667 0.346875 0.587500 0.340625 0.593750 0.340625 0.604167 0.337500 0.612500 0.337500 0.629167 0.337500 0.637500
2 0.745313 0.918750 0.746875 0.929167 0.751563 0.937500 0.751563 0.950000 0.751563 0.960417 0.751563 0.968750 0.753125 0.975000 0.753125 0.987500 0.756250 0.997917 0.760938 1.004167 0.775000 1.004167 0.782813 1.000000 0.787500 1.000000 0.784375 0.993750 0.784375 0.975000 0.784375 0.962500 0.782813 0.956250 0.778125 0.947917 0.776563 0.937500 0.775000 0.929167 0.771875 0.918750 0.753125 0.925000 0.746875 0.929167
2 0.000000 0.618750 0.000000 0.629167 0.000000 0.637500 0.003125 0.641667 0.009375 0.641667 0.018750 0.641667 0.023438 0.641667 0.031250 0.643750 0.034375 0.643750 0.042188 0.643750 0.043750 0.637500 0.043750 0.625000 0.043750 0.618750 0.040625 0.612500 0.025000 0.612500 0.015625 0.612500 0.009375 0.612500 0.001563 0.612500 -0.006250 0.616667 -0.003125 0.625000
2 0.093750 0.643750 0.103125 0.643750 0.120313 0.643750 0.128125 0.643750 0.140625 0.643750 0.146875 0.643750 0.153125 0.643750 0.154688 0.625000 0.154688 0.616667 0.153125 0.606250 0.153125 0.597917 0.134375 0.600000 0.123438 0.604167 0.109375 0.604167 0.104688 0.604167 0.093750 0.610417 0.093750 0.618750 0.093750 0.631250 0.092188 0.641667 0.100000 0.643750 0.109375 0.647917
2 0.225000 0.631250 0.231250 0.631250 0.246875 0.631250 0.253125 0.631250 0.273438 0.637500 0.278125 0.625000 0.278125 0.610417 0.278125 0.604167 0.278125 0.597917 0.259375 0.597917 0.250000 0.593750 0.237500 0.593750 0.225000 0.593750 0.210938 0.587500 0.212500 0.591667 0.217188 0.600000 0.217188 0.606250 0.217188 0.616667 0.218750 0.625000 0.218750 0.631250 0.231250 0.631250
3 0.778125 0.318750 0.767188 0.318750 0.751563 0.318750 0.756250 0.322917 0.760938 0.337500 0.762500 0.350000 0.765625 0.366667 0.768750 0.375000 0.775000 0.387500 0.778125 0.393750 0.784375 0.404167 0.798438 0.404167 0.812500 0.400000 0.807813 0.379167 0.803125 0.368750 0.800000 0.356250 0.796875 0.343750 0.793750 0.331250 0.790625 0.325000 0.784375 0.318750 0.776563 0.316667
3 0.650000 0.275000 0.657813 0.266667 0.662500 0.243750 0.667188 0.225000 0.675000 0.191667 0.679688 0.168750 0.682813 0.156250 0.679688 0.150000 0.667188 0.147917 0.657813 0.154167 0.653125 0.162500 0.650000 0.179167 0.643750 0.187500 0.637500 0.204167 0.631250 0.222917 0.626563 0.231250 0.621875 0.243750 0.620313 0.262500 0.618750 0.279167 0.621875 0.285417 0.634375 0.279167 0.643750 0.275000
3 0.630469 0.618750 0.073438 0.112500
3 0.759375 0.665625 0.109375 0.068750
6 0.251563 0.629167 0.503125 0.037500
6 0.603125 0.081250 0.578125 0.081250 0.575000 0.118750 0.581250 0.156250 0.584375 0.191667 0.590625 0.231250 0.596875 0.268750 0.606250 0.300000 0.612500 0.325000 0.618750 0.356250 0.637500 0.360417 0.637500 0.335417 0.634375 0.306250 0.628125 0.281250 0.626563 0.250000 0.628125 0.218750 0.625000 0.193750 0.620313 0.162500 0.615625 0.135417 0.609375 0.106250 0.600000 0.081250
6 0.992188 0.537500 0.948438 0.541667 0.925000 0.543750 0.906250 0.550000 0.890625 0.550000 0.868750 0.550000 0.856250 0.554167 0.850000 0.562500 0.854688 0.581250 0.860938 0.587500 0.875000 0.587500 0.887500 0.585417 0.901563 0.581250 0.918750 0.581250 0.940625 0.575000 0.959375 0.575000 0.971875 0.575000 0.984375 0.575000 0.992188 0.568750 0.993750 0.550000 0.993750 0.535417
6 0.746875 0.810417 0.731250 0.822917 0.728125 0.843750 0.731250 0.862500 0.734375 0.881250 0.737500 0.900000 0.735938 0.929167 0.737500 0.947917 0.743750 0.962500 0.751563 0.979167 0.759375 0.987500 0.771875 0.993750 0.782813 0.981250 0.784375 0.968750 0.781250 0.943750 0.775000 0.929167 0.768750 0.904167 0.765625 0.881250 0.762500 0.847917 0.756250 0.818750 0.746875 0.800000
7 0.450000 0.421875 0.109375 0.068750
7 0.521875 0.297917 0.509375 0.304167 0.496875 0.316667 0.492188 0.325000 0.489063 0.341667 0.493750 0.356250 0.503125 0.368750 0.512500 0.381250 0.518750 0.400000 0.523438 0.412500 0.531250 0.418750 0.543750 0.418750 0.553125 0.412500 0.559375 0.404167 0.559375 0.385417 0.557813 0.368750 0.550000 0.362500 0.543750 0.350000 0.537500 0.335417 0.531250 0.322917 0.523438 0.306250 0.518750 0.293750
7 0.593750 0.840625 0.056250 0.135417
7 0.975000 0.693750 0.953125 0.687500 0.940625 0.687500 0.928125 0.687500 0.918750 0.681250 0.906250 0.681250 0.890625 0.681250 0.887500 0.693750 0.884375 0.712500 0.884375 0.731250 0.885938 0.743750 0.893750 0.750000 0.909375 0.754167 0.928125 0.754167 0.939063 0.754167 0.950000 0.750000 0.960938 0.750000 0.968750 0.743750 0.975000 0.731250 0.975000 0.718750 0.975000 0.700000 0.975000 0.687500
7 0.418750 0.856250 0.306250 0.862500 0.243750 0.872917 0.181250 0.887500 0.134375 0.912500 0.123438 0.947917 0.134375 0.972917 0.153125 0.987500 0.168750 0.993750 0.206250 0.993750 0.234375 0.987500 0.259375 0.987500 0.293750 0.993750 0.334375 0.993750 0.360938 0.997917 0.392188 0.997917 0.421875 0.993750 0.431250 0.981250 0.434375 0.929167 0.426563 0.868750 0.415625 0.856250
