6 0.781250 0.004167 0.759375 0.037500 0.767188 0.108333 0.779687 0.177083 0.789062 0.250000 0.796875 0.318750 0.809375 0.391667 0.818750 0.470833 0.825000 0.541667 0.829688 0.618750 0.839063 0.693750 0.842187 0.768750 0.870313 0.750000 0.860938 0.679167 0.854688 0.602083 0.845313 0.510417 0.835938 0.429167 0.821875 0.308333 0.809375 0.195833 0.795312 0.085417 0.781250 0.004167
1 0.776563 0.004167 0.767188 0.004167 0.764062 0.004167 0.757812 0.004167 0.753125 0.002083 0.748437 0.000000 0.751563 0.004167 0.754687 0.008333 0.756250 0.012500 0.759375 0.016667 0.760938 0.025000 0.764062 0.029167 0.764062 0.035417 0.764062 0.043750 0.767188 0.045833 0.773438 0.045833 0.779687 0.045833 0.784375 0.045833 0.784375 0.037500 0.784375 0.031250 0.782813 0.022917 0.781250 0.016667 0.779687 0.010417 0.776563 0.006250
1 0.793750 0.106250 0.789062 0.106250 0.784375 0.106250 0.779687 0.106250 0.775000 0.104167 0.775000 0.110417 0.775000 0.118750 0.776563 0.125000 0.776563 0.133333 0.779687 0.143750 0.779687 0.150000 0.781250 0.156250 0.782813 0.158333 0.787500 0.158333 0.793750 0.160417 0.798438 0.160417 0.800000 0.156250 0.800000 0.145833 0.798438 0.129167 0.796875 0.116667 0.796875 0.110417 0.796875 0.102083
1 0.809375 0.218750 0.804688 0.218750 0.796875 0.218750 0.793750 0.218750 0.792188 0.220833 0.792188 0.229167 0.792188 0.235417 0.792188 0.243750 0.792188 0.252083 0.792188 0.258333 0.792188 0.266667 0.793750 0.270833 0.796875 0.270833 0.801562 0.275000 0.807813 0.275000 0.812500 0.275000 0.812500 0.266667 0.810937 0.256250 0.809375 0.243750 0.809375 0.235417 0.809375 0.227083 0.809375 0.218750
1 0.829688 0.366667 0.821875 0.368750 0.817187 0.368750 0.810937 0.368750 0.812500 0.377083 0.812500 0.387500 0.812500 0.395833 0.812500 0.404167 0.812500 0.410417 0.814063 0.416667 0.814063 0.425000 0.815625 0.431250 0.821875 0.431250 0.829688 0.431250 0.831250 0.425000 0.831250 0.416667 0.831250 0.408333 0.829688 0.400000 0.829688 0.391667 0.826562 0.383333 0.826562 0.375000
1 0.845313 0.508333 0.835938 0.516667 0.831250 0.516667 0.823438 0.516667 0.825000 0.525000 0.826562 0.535417 0.829688 0.543750 0.829688 0.554167 0.831250 0.564583 0.831250 0.572917 0.831250 0.581250 0.835938 0.583333 0.842187 0.587500 0.848437 0.589583 0.850000 0.583333 0.848437 0.577083 0.846875 0.564583 0.845313 0.552083 0.843750 0.539583 0.842187 0.529167 0.842187 0.518750 0.842187 0.508333
1 0.859375 0.689583 0.851562 0.685417 0.843750 0.685417 0.839063 0.689583 0.840625 0.702083 0.842187 0.712500 0.843750 0.722917 0.845313 0.733333 0.845313 0.739583 0.845313 0.750000 0.848437 0.756250 0.851562 0.760417 0.857812 0.762500 0.860938 0.760417 0.864062 0.754167 0.864062 0.743750 0.864062 0.733333 0.864062 0.722917 0.864062 0.714583 0.864062 0.706250 0.862500 0.695833
7 0.998437 0.695833 0.975000 0.697917 0.957812 0.702083 0.939063 0.704167 0.921875 0.710417 0.909375 0.716667 0.898438 0.722917 0.895312 0.739583 0.901563 0.754167 0.906250 0.766667 0.918750 0.770833 0.932813 0.758333 0.940625 0.741667 0.946875 0.731250 0.956250 0.737500 0.962500 0.747917 0.971875 0.758333 0.984375 0.750000 0.996875 0.741667 0.996875 0.718750 0.995313 0.695833
7 0.892969 0.638542 0.054688 0.147917
1 0.957812 0.739583 0.953125 0.739583 0.946875 0.739583 0.943750 0.743750 0.942187 0.752083 0.940625 0.758333 0.937500 0.762500 0.932813 0.766667 0.937500 0.768750 0.945312 0.768750 0.951562 0.768750 0.959375 0.768750 0.967187 0.768750 0.971875 0.766667 0.978125 0.764583 0.981250 0.762500 0.982812 0.754167 0.978125 0.750000 0.973437 0.750000 0.968750 0.752083 0.960938 0.752083 0.957812 0.745833
2 0.998437 0.739583 0.995313 0.739583 0.993750 0.739583 0.990625 0.739583 0.989062 0.741667 0.987500 0.743750 0.985938 0.745833 0.984375 0.745833 0.982812 0.750000 0.981250 0.750000 0.978125 0.752083 0.978125 0.754167 0.981250 0.758333 0.982812 0.758333 0.985938 0.760417 0.987500 0.762500 0.990625 0.762500 0.992188 0.762500 0.995313 0.762500 0.996875 0.760417 0.998437 0.758333 1.000000 0.756250 1.003125 0.754167 1.003125 0.752083 1.003125 0.747917
2 0.900000 0.750000 0.896875 0.745833 0.892188 0.745833 0.885938 0.743750 0.882812 0.743750 0.881250 0.745833 0.879687 0.750000 0.876563 0.754167 0.875000 0.758333 0.873437 0.762500 0.878125 0.764583 0.879687 0.766667 0.881250 0.770833 0.885938 0.772917 0.889062 0.772917 0.892188 0.775000 0.895312 0.775000 0.898438 0.775000 0.903125 0.775000 0.904687 0.772917 0.906250 0.768750 0.906250 0.764583 0.906250 0.758333 0.904687 0.754167
6 0.898438 0.745833 0.884375 0.750000 0.873437 0.758333 0.878125 0.775000 0.893750 0.775000 0.912500 0.772917 0.932813 0.772917 0.953125 0.770833 0.970313 0.766667 0.989062 0.762500 1.003125 0.760417 1.003125 0.745833 0.990625 0.745833 0.976562 0.752083 0.964063 0.750000 0.953125 0.739583 0.943750 0.750000 0.934375 0.760417 0.918750 0.762500 0.906250 0.760417 0.900000 0.747917
0 0.996875 0.814583 0.975000 0.816667 0.960938 0.816667 0.945312 0.816667 0.929688 0.814583 0.926562 0.825000 0.926562 0.852083 0.929688 0.868750 0.929688 0.887500 0.932813 0.904167 0.935937 0.916667 0.948438 0.914583 0.957812 0.908333 0.970313 0.906250 0.982812 0.902083 0.993750 0.897917 1.000000 0.885417 1.000000 0.868750 1.000000 0.847917 1.000000 0.827083 1.000000 0.810417
3 0.995313 0.897917 0.971875 0.904167 0.957812 0.908333 0.940625 0.916667 0.918750 0.920833 0.906250 0.929167 0.900000 0.945833 0.898438 0.970833 0.898438 1.000000 0.900000 1.027083 0.907813 1.043750 0.912500 1.020833 0.912500 1.000000 0.917188 0.985417 0.932813 0.977083 0.950000 0.972917 0.970313 0.968750 0.984375 0.962500 1.000000 0.960417 1.000000 0.931250 0.995313 0.908333
2 0.789062 0.054167 0.778125 0.050000 0.771875 0.050000 0.767188 0.050000 0.760938 0.050000 0.760938 0.056250 0.762500 0.064583 0.764062 0.072917 0.764062 0.081250 0.767188 0.087500 0.768750 0.091667 0.770312 0.097917 0.775000 0.102083 0.782813 0.102083 0.789062 0.102083 0.793750 0.102083 0.793750 0.093750 0.793750 0.083333 0.790625 0.070833 0.789062 0.058333 0.789062 0.050000
2 0.806250 0.166667 0.801562 0.166667 0.796875 0.166667 0.790625 0.164583 0.784375 0.162500 0.781250 0.164583 0.781250 0.170833 0.782813 0.177083 0.784375 0.183333 0.784375 0.189583 0.784375 0.195833 0.785937 0.202083 0.789062 0.206250 0.792188 0.206250 0.796875 0.210417 0.801562 0.210417 0.806250 0.210417 0.807813 0.206250 0.807813 0.197917 0.806250 0.187500 0.806250 0.181250 0.804688 0.177083
2 0.817187 0.275000 0.806250 0.275000 0.800000 0.275000 0.796875 0.279167 0.796875 0.293750 0.796875 0.304167 0.796875 0.314583 0.796875 0.322917 0.798438 0.335417 0.801562 0.347917 0.803125 0.354167 0.807813 0.356250 0.815625 0.358333 0.820312 0.358333 0.823438 0.356250 0.823438 0.331250 0.821875 0.308333 0.820312 0.295833 0.818750 0.289583 0.817187 0.283333 0.815625 0.277083
2 0.832812 0.433333 0.826562 0.437500 0.825000 0.441667 0.820312 0.445833 0.818750 0.452083 0.818750 0.460417 0.818750 0.464583 0.818750 0.472917 0.818750 0.479167 0.820312 0.485417 0.821875 0.491667 0.825000 0.497917 0.829688 0.500000 0.834375 0.500000 0.837500 0.500000 0.839063 0.489583 0.839063 0.475000 0.839063 0.468750 0.835938 0.460417 0.832812 0.447917 0.832812 0.439583
2 0.851562 0.593750 0.843750 0.593750 0.839063 0.593750 0.834375 0.597917 0.834375 0.606250 0.835938 0.614583 0.835938 0.622917 0.835938 0.631250 0.835938 0.639583 0.835938 0.650000 0.835938 0.658333 0.837500 0.664583 0.839063 0.670833 0.843750 0.672917 0.848437 0.675000 0.856250 0.675000 0.856250 0.664583 0.856250 0.650000 0.854688 0.637500 0.851562 0.622917 0.850000 0.610417 0.848437 0.600000
0 0.792969 0.597917 0.082812 0.212500
6 0.676562 0.000000 0.648438 0.020833 0.657813 0.077083 0.659375 0.141667 0.664062 0.206250 0.670312 0.268750 0.675000 0.347917 0.685937 0.431250 0.692187 0.550000 0.700000 0.629167 0.709375 0.729167 0.731250 0.695833 0.725000 0.629167 0.723437 0.566667 0.718750 0.481250 0.712500 0.400000 0.706250 0.312500 0.703125 0.218750 0.692187 0.122917 0.678125 0.012500 0.646875 -0.004167
1 0.668750 0.006250 0.662500 0.006250 0.657813 0.006250 0.654687 0.010417 0.654687 0.016667 0.654687 0.025000 0.654687 0.031250 0.656250 0.037500 0.657813 0.045833 0.657813 0.052083 0.662500 0.054167 0.667188 0.054167 0.673438 0.054167 0.676562 0.054167 0.676562 0.043750 0.676562 0.033333 0.676562 0.022917 0.676562 0.016667 0.675000 0.008333 0.673438 0.004167
1 0.690625 0.164583 0.682813 0.162500 0.676562 0.162500 0.671875 0.162500 0.667188 0.164583 0.667188 0.172917 0.667188 0.179167 0.668750 0.185417 0.670312 0.197917 0.670312 0.206250 0.670312 0.214583 0.670312 0.218750 0.675000 0.222917 0.679688 0.225000 0.682813 0.225000 0.689063 0.225000 0.693750 0.222917 0.693750 0.216667 0.693750 0.202083 0.693750 0.189583 0.693750 0.181250 0.692187 0.175000 0.692187 0.168750
1 0.700000 0.304167 0.690625 0.304167 0.685937 0.304167 0.679688 0.304167 0.681250 0.310417 0.681250 0.325000 0.681250 0.339583 0.681250 0.347917 0.681250 0.354167 0.681250 0.360417 0.682813 0.368750 0.687500 0.368750 0.692187 0.368750 0.696875 0.368750 0.701562 0.368750 0.703125 0.356250 0.703125 0.339583 0.703125 0.331250 0.703125 0.322917 0.703125 0.310417 0.701562 0.304167
1 0.712500 0.443750 0.706250 0.443750 0.700000 0.443750 0.696875 0.445833 0.693750 0.450000 0.693750 0.464583 0.692187 0.485417 0.692187 0.491667 0.692187 0.500000 0.692187 0.508333 0.695312 0.512500 0.700000 0.512500 0.703125 0.516667 0.709375 0.516667 0.712500 0.516667 0.712500 0.508333 0.717187 0.493750 0.717187 0.487500 0.717187 0.477083 0.717187 0.464583 0.715625 0.454167 0.715625 0.445833
1 0.721875 0.625000 0.714063 0.625000 0.709375 0.622917 0.704688 0.627083 0.704688 0.637500 0.704688 0.645833 0.704688 0.662500 0.704688 0.668750 0.704688 0.679167 0.703125 0.689583 0.703125 0.702083 0.703125 0.710417 0.707812 0.712500 0.712500 0.712500 0.721875 0.710417 0.723437 0.706250 0.725000 0.683333 0.725000 0.670833 0.723437 0.656250 0.721875 0.643750 0.721875 0.633333
2 0.710156 0.567708 0.032813 0.093750
2 0.701562 0.409375 0.028125 0.060417
2 0.687500 0.262500 0.034375 0.070833
2 0.680469 0.134375 0.026562 0.047917
2 0.678125 0.058333 0.673438 0.058333 0.670312 0.056250 0.664062 0.056250 0.660937 0.058333 0.660937 0.064583 0.660937 0.068750 0.660937 0.077083 0.660937 0.081250 0.660937 0.087500 0.662500 0.093750 0.662500 0.097917 0.664062 0.102083 0.670312 0.102083 0.675000 0.104167 0.679688 0.104167 0.682813 0.104167 0.682813 0.097917 0.682813 0.089583 0.682813 0.081250 0.681250 0.077083 0.679688 0.070833 0.679688 0.064583 0.678125 0.060417
3 0.842187 0.722917 0.823438 0.729167 0.806250 0.735417 0.789062 0.743750 0.781250 0.754167 0.759375 0.772917 0.746875 0.785417 0.739062 0.800000 0.739062 0.814583 0.753125 0.814583 0.764062 0.820833 0.776563 0.827083 0.789062 0.827083 0.801562 0.825000 0.815625 0.814583 0.828125 0.808333 0.842187 0.791667 0.848437 0.779167 0.848437 0.762500 0.839063 0.739583 0.831250 0.722917
6 0.560937 0.000000 0.534375 0.029167 0.532813 0.110417 0.532813 0.185417 0.532813 0.250000 0.534375 0.318750 0.532813 0.404167 0.521875 0.506250 0.528125 0.581250 0.531250 0.689583 0.540625 0.791667 0.570312 0.785417 0.564063 0.712500 0.564063 0.641667 0.562500 0.572917 0.562500 0.495833 0.564063 0.379167 0.565625 0.264583 0.562500 0.189583 0.560937 0.085417 0.564063 0.016667
1 0.547656 0.011458 0.023438 0.022917
1 0.550000 0.116667 0.025000 0.062500
1 0.546875 0.252083 0.025000 0.066667
1 0.546094 0.393750 0.026562 0.075000
1 0.543750 0.545833 0.031250 0.083333
1 0.549219 0.732292 0.032813 0.089583
2 0.549219 0.054167 0.026562 0.058333
2 0.550000 0.182292 0.025000 0.064583
2 0.547656 0.320833 0.026562 0.066667
2 0.546875 0.466667 0.031250 0.066667
2 0.548438 0.635417 0.034375 0.100000
7 0.534375 0.762500 0.507812 0.766667 0.489063 0.758333 0.468750 0.750000 0.446875 0.743750 0.429688 0.747917 0.420312 0.764583 0.420312 0.781250 0.423438 0.800000 0.434375 0.806250 0.446875 0.814583 0.465625 0.814583 0.471875 0.804167 0.476562 0.791667 0.489063 0.787500 0.493750 0.802083 0.495312 0.825000 0.510938 0.829167 0.528125 0.825000 0.543750 0.818750 0.540625 0.772917
6 0.050000 0.743750 0.017188 0.743750 0.026562 0.779167 0.065625 0.785417 0.110937 0.787500 0.153125 0.795833 0.190625 0.800000 0.234375 0.802083 0.282813 0.804167 0.328125 0.808333 0.368750 0.808333 0.415625 0.804167 0.418750 0.766667 0.373437 0.766667 0.317188 0.766667 0.267188 0.762500 0.220312 0.758333 0.175000 0.758333 0.128125 0.752083 0.081250 0.745833 0.035937 0.741667
1 0.415625 0.766667 0.412500 0.766667 0.409375 0.766667 0.409375 0.768750 0.407813 0.770833 0.406250 0.772917 0.406250 0.775000 0.406250 0.779167 0.406250 0.783333 0.406250 0.787500 0.406250 0.791667 0.406250 0.793750 0.406250 0.795833 0.407813 0.800000 0.409375 0.800000 0.412500 0.800000 0.414062 0.797917 0.414062 0.793750 0.415625 0.789583 0.415625 0.785417 0.415625 0.779167 0.415625 0.775000 0.415625 0.772917 0.415625 0.770833
1 0.299219 0.783333 0.073438 0.037500
1 0.215625 0.766667 0.196875 0.762500 0.190625 0.762500 0.182812 0.760417 0.171875 0.758333 0.165625 0.758333 0.160938 0.762500 0.159375 0.768750 0.159375 0.777083 0.159375 0.785417 0.160938 0.791667 0.168750 0.793750 0.179688 0.795833 0.185938 0.795833 0.192188 0.795833 0.198437 0.795833 0.203125 0.797917 0.209375 0.797917 0.214062 0.795833 0.215625 0.791667 0.215625 0.779167 0.215625 0.770833
1 0.079687 0.750000 0.060937 0.745833 0.048438 0.743750 0.037500 0.743750 0.028125 0.743750 0.020313 0.743750 0.017188 0.745833 0.017188 0.758333 0.017188 0.766667 0.017188 0.775000 0.021875 0.775000 0.028125 0.775000 0.034375 0.777083 0.040625 0.779167 0.050000 0.783333 0.057813 0.783333 0.064062 0.783333 0.070312 0.783333 0.076563 0.783333 0.079687 0.779167 0.081250 0.764583 0.081250 0.754167
2 0.371094 0.781250 0.067187 0.033333
2 0.254688 0.764583 0.240625 0.764583 0.237500 0.764583 0.228125 0.764583 0.221875 0.764583 0.215625 0.764583 0.214062 0.768750 0.214062 0.777083 0.214062 0.785417 0.214062 0.791667 0.215625 0.797917 0.221875 0.800000 0.226562 0.800000 0.232813 0.800000 0.240625 0.800000 0.248438 0.800000 0.253125 0.800000 0.254688 0.795833 0.257812 0.781250 0.257812 0.775000 0.257812 0.762500
2 0.151562 0.760417 0.134375 0.754167 0.123438 0.752083 0.114062 0.750000 0.107813 0.750000 0.101562 0.750000 0.093750 0.750000 0.089063 0.754167 0.084375 0.758333 0.082812 0.768750 0.085938 0.775000 0.092188 0.779167 0.098437 0.781250 0.109375 0.781250 0.118750 0.781250 0.128125 0.783333 0.135937 0.785417 0.142187 0.785417 0.150000 0.787500 0.154688 0.783333 0.156250 0.775000 0.156250 0.766667
0 0.217188 0.882292 0.165625 0.114583
0 0.485938 0.829167 0.457813 0.820833 0.437500 0.827083 0.412500 0.831250 0.379688 0.831250 0.348438 0.831250 0.315625 0.837500 0.304688 0.856250 0.312500 0.879167 0.315625 0.916667 0.315625 0.947917 0.334375 0.954167 0.365625 0.954167 0.395313 0.952083 0.431250 0.947917 0.457813 0.947917 0.485938 0.945833 0.495312 0.920833 0.489063 0.891667 0.482812 0.858333 0.482812 0.831250
1 0.089063 0.983333 0.073438 0.983333 0.065625 0.981250 0.060937 0.981250 0.054688 0.981250 0.048438 0.981250 0.043750 0.981250 0.037500 0.981250 0.032813 0.981250 0.031250 0.985417 0.029687 0.993750 0.037500 0.993750 0.046875 0.993750 0.053125 0.993750 0.059375 0.993750 0.064062 0.993750 0.071875 0.993750 0.076563 0.993750 0.081250 0.993750 0.085938 0.989583
2 0.026562 0.972917 0.017188 0.970833 0.010937 0.968750 0.006250 0.968750 0.004687 0.968750 0.001563 0.968750 0.001563 0.975000 0.001563 0.985417 0.001563 0.991667 0.001563 0.993750 0.001563 1.000000 0.001563 1.000000 0.004687 1.000000 0.007812 1.000000 0.009375 1.000000 0.014063 0.997917 0.020313 0.993750 0.021875 0.993750 0.023438 0.993750 0.025000 0.989583 0.025000 0.983333 0.025000 0.972917 0.023438 0.968750 0.023438 0.964583
2 0.160938 0.997917 0.153125 0.995833 0.143750 0.993750 0.137500 0.991667 0.125000 0.985417 0.115625 0.981250 0.112500 0.981250 0.107813 0.981250 0.101562 0.981250 0.101562 0.981250 0.100000 0.987500 0.098437 0.993750 0.098437 1.000000 0.095312 1.002083 0.092188 1.004167 0.101562 1.004167 0.112500 1.000000 0.118750 1.000000 0.128125 1.000000 0.134375 1.000000 0.140625 1.000000 0.146875 1.000000 0.150000 1.000000 0.150000 0.993750 0.148438 0.987500
6 0.143750 0.987500 0.123438 0.987500 0.110937 0.987500 0.098437 0.983333 0.056250 0.979167 0.021875 0.977083 0.000000 0.977083 -0.017188 0.972917 -0.035937 0.968750 -0.031250 0.972917 0.001563 0.981250 0.003125 0.989583 0.009375 1.000000 0.031250 0.993750 0.048438 0.993750 0.064062 0.993750 0.085938 0.991667 0.101562 0.991667 0.120313 0.995833 0.135937 1.002083 0.143750 1.000000 0.146875 0.985417
7 0.428125 0.422917 0.128125 0.320833
7 0.350000 0.337500 0.304688 0.335417 0.270313 0.337500 0.246875 0.345833 0.232813 0.366667 0.235937 0.418750 0.235937 0.450000 0.232813 0.483333 0.231250 0.529167 0.231250 0.572917 0.234375 0.593750 0.262500 0.600000 0.301563 0.597917 0.334375 0.597917 0.364063 0.589583 0.365625 0.543750 0.364063 0.508333 0.364063 0.470833 0.364063 0.433333 0.362500 0.379167 0.359375 0.339583
7 0.198437 0.443750 0.173437 0.420833 0.153125 0.408333 0.131250 0.408333 0.114062 0.410417 0.106250 0.427083 0.098437 0.464583 0.090625 0.500000 0.085938 0.527083 0.081250 0.550000 0.079687 0.577083 0.089063 0.589583 0.106250 0.597917 0.123438 0.602083 0.143750 0.610417 0.160938 0.610417 0.168750 0.597917 0.173437 0.570833 0.178125 0.529167 0.182812 0.502083 0.190625 0.468750 0.196875 0.447917
