0 0.468750 0.061458 0.056250 0.093750
0 0.470313 0.164583 0.043750 0.087500
0 0.667969 0.394792 0.089063 0.060417
0 0.470313 0.546875 0.059375 0.110417
0 0.368750 0.310417 0.087500 0.062500
0 0.286719 0.309375 0.073438 0.068750
1 0.506250 0.063542 0.021875 0.047917
1 0.508594 0.115625 0.017188 0.031250
1 0.618750 0.347917 0.028125 0.025000
1 0.684375 0.344792 0.034375 0.022917
1 0.745313 0.348958 0.028125 0.031250
1 0.796875 0.347917 0.028125 0.025000
1 0.839063 0.352083 0.025000 0.025000
1 0.881250 0.354167 0.034375 0.029167
1 0.940625 0.352083 0.043750 0.025000
1 0.505469 0.503125 0.020313 0.056250
1 0.511719 0.593750 0.023438 0.041667
1 0.518750 0.679167 0.021875 0.054167
1 0.517969 0.775000 0.020313 0.054167
1 0.068750 0.366667 0.028125 0.029167
1 0.121875 0.358333 0.025000 0.025000
1 0.202344 0.355208 0.032813 0.031250
1 0.264062 0.357292 0.034375 0.022917
1 0.321875 0.351042 0.031250 0.022917
1 0.392188 0.345833 0.037500 0.025000
2 0.510938 0.025000 0.025000 0.025000
2 0.507812 0.090625 0.025000 0.031250
2 0.652344 0.345833 0.032813 0.025000
2 0.715625 0.347917 0.028125 0.037500
2 0.770312 0.346875 0.021875 0.031250
2 0.818750 0.348958 0.021875 0.031250
2 0.862500 0.351042 0.025000 0.035417
2 0.914062 0.352083 0.034375 0.025000
2 0.512500 0.552083 0.021875 0.050000
2 0.514062 0.634375 0.028125 0.035417
2 0.520312 0.729167 0.034375 0.041667
2 0.520312 0.825000 0.025000 0.037500
2 0.096094 0.358333 0.023438 0.025000
2 0.150000 0.352083 0.025000 0.025000
2 0.174219 0.357292 0.023438 0.022917
2 0.230469 0.360417 0.020313 0.029167
2 0.290625 0.351042 0.028125 0.035417
2 0.354687 0.352083 0.037500 0.037500
3 0.512500 0.168750 0.521875 0.156250 0.528125 0.147917 0.534375 0.141667 0.540625 0.131250 0.554688 0.118750 0.553125 0.110417 0.542188 0.106250 0.532813 0.104167 0.523438 0.106250 0.509375 0.116667 0.503125 0.122917 0.493750 0.131250 0.487500 0.147917 0.481250 0.156250 0.478125 0.166667 0.481250 0.181250 0.490625 0.181250 0.509375 0.181250 0.515625 0.175000 0.517188 0.160417
3 0.553125 0.212500 0.543750 0.218750 0.540625 0.225000 0.537500 0.237500 0.537500 0.250000 0.537500 0.262500 0.540625 0.275000 0.543750 0.285417 0.550000 0.293750 0.553125 0.304167 0.559375 0.310417 0.568750 0.312500 0.575000 0.310417 0.579688 0.300000 0.581250 0.287500 0.581250 0.275000 0.578125 0.262500 0.575000 0.254167 0.565625 0.231250 0.564063 0.218750 0.557813 0.212500
3 0.537500 0.412500 0.528125 0.412500 0.518750 0.406250 0.506250 0.400000 0.500000 0.406250 0.492188 0.412500 0.490625 0.422917 0.489063 0.431250 0.489063 0.437500 0.493750 0.443750 0.506250 0.447917 0.518750 0.450000 0.532813 0.450000 0.537500 0.443750 0.543750 0.441667 0.550000 0.431250 0.553125 0.425000 0.550000 0.418750 0.543750 0.406250 0.537500 0.400000 0.531250 0.404167 0.526563 0.410417
3 0.403125 0.391667 0.384375 0.400000 0.375000 0.406250 0.368750 0.412500 0.364063 0.431250 0.360938 0.441667 0.359375 0.454167 0.356250 0.468750 0.360938 0.475000 0.367188 0.481250 0.375000 0.485417 0.381250 0.487500 0.393750 0.475000 0.400000 0.468750 0.406250 0.456250 0.415625 0.443750 0.415625 0.435417 0.415625 0.418750 0.412500 0.410417 0.410938 0.393750
4 0.903906 0.041667 0.032813 0.041667
4 0.090625 0.042708 0.025000 0.027083
4 1.000000 0.739583 0.990625 0.741667 0.982812 0.743750 0.976562 0.743750 0.971875 0.745833 0.970313 0.754167 0.970313 0.762500 0.970313 0.770833 0.970313 0.779167 0.971875 0.785417 0.973437 0.791667 0.978125 0.793750 0.984375 0.793750 0.990625 0.793750 0.996875 0.793750 1.000000 0.789583 1.000000 0.781250 0.998437 0.775000 0.998437 0.766667 0.996875 0.758333 0.995313 0.750000 0.995313 0.741667
4 0.017188 0.754167 0.025000 0.050000
6 0.784375 0.351042 0.362500 0.039583
6 0.233594 0.363542 0.367188 0.031250
6 0.520312 0.010417 0.504687 0.008333 0.495312 0.010417 0.492188 0.029167 0.490625 0.043750 0.489063 0.062500 0.489063 0.081250 0.489063 0.100000 0.489063 0.116667 0.489063 0.131250 0.493750 0.141667 0.500000 0.133333 0.512500 0.127083 0.515625 0.112500 0.518750 0.097917 0.525000 0.077083 0.526563 0.060417 0.526563 0.045833 0.525000 0.029167 0.521875 0.016667
6 0.515625 0.470833 0.492188 0.479167 0.493750 0.516667 0.498437 0.552083 0.498437 0.587500 0.495312 0.627083 0.496875 0.650000 0.501563 0.691667 0.501563 0.731250 0.503125 0.775000 0.507812 0.808333 0.517188 0.841667 0.531250 0.827083 0.534375 0.775000 0.534375 0.731250 0.532813 0.683333 0.534375 0.641667 0.531250 0.600000 0.528125 0.556250 0.526563 0.514583 0.518750 0.477083
7 0.353125 0.487500 0.329688 0.477083 0.312500 0.477083 0.295312 0.477083 0.273438 0.481250 0.257812 0.487500 0.243750 0.497917 0.234375 0.512500 0.237500 0.529167 0.243750 0.543750 0.242188 0.564583 0.245312 0.581250 0.267188 0.583333 0.287500 0.581250 0.309375 0.577083 0.329688 0.577083 0.353125 0.577083 0.368750 0.570833 0.367188 0.550000 0.359375 0.516667 0.354687 0.483333
7 0.368750 0.583333 0.337500 0.581250 0.317188 0.581250 0.298438 0.581250 0.271875 0.585417 0.256250 0.585417 0.259375 0.593750 0.262500 0.616667 0.265625 0.641667 0.270313 0.660417 0.273438 0.675000 0.284375 0.683333 0.307812 0.683333 0.325000 0.683333 0.350000 0.679167 0.370312 0.675000 0.384375 0.670833 0.384375 0.652083 0.378125 0.633333 0.367188 0.593750 0.364063 0.572917
7 0.375000 0.753125 0.078125 0.068750
7 0.432812 0.456250 0.421875 0.456250 0.417187 0.460417 0.412500 0.462500 0.409375 0.470833 0.407813 0.477083 0.406250 0.489583 0.406250 0.500000 0.406250 0.512500 0.407813 0.520833 0.412500 0.520833 0.420312 0.520833 0.425000 0.516667 0.428125 0.512500 0.431250 0.506250 0.434375 0.497917 0.434375 0.489583 0.439063 0.479167 0.439063 0.470833 0.437500 0.464583 0.434375 0.460417 0.431250 0.456250
7 0.448437 0.175000 0.440625 0.175000 0.434375 0.175000 0.431250 0.179167 0.426563 0.183333 0.425000 0.189583 0.425000 0.197917 0.426563 0.208333 0.429688 0.222917 0.431250 0.231250 0.432812 0.237500 0.434375 0.243750 0.439063 0.245833 0.443750 0.247917 0.446875 0.243750 0.454688 0.239583 0.457813 0.237500 0.457813 0.227083 0.457813 0.218750 0.456250 0.212500 0.451562 0.197917 0.448437 0.179167 0.446875 0.166667
7 0.412500 0.222917 0.396875 0.222917 0.385937 0.222917 0.379688 0.222917 0.373437 0.222917 0.367188 0.222917 0.364063 0.235417 0.362500 0.245833 0.364063 0.254167 0.368750 0.258333 0.373437 0.258333 0.381250 0.258333 0.390625 0.258333 0.396875 0.258333 0.406250 0.258333 0.415625 0.258333 0.421875 0.258333 0.423438 0.250000 0.418750 0.239583 0.418750 0.229167 0.415625 0.222917
