0 0.662500 0.604167 0.096875 0.154167
0 0.714063 0.818750 0.112500 0.175000
0 0.202344 0.329167 0.148438 0.050000
0 0.367969 0.312500 0.129688 0.075000
1 0.481250 0.043750 0.484375 0.043750 0.485938 0.043750 0.489063 0.043750 0.492188 0.043750 0.493750 0.043750 0.496875 0.043750 0.496875 0.037500 0.493750 0.031250 0.493750 0.029167 0.493750 0.025000 0.492188 0.025000 0.489063 0.025000 0.485938 0.025000 0.481250 0.025000 0.478125 0.025000 0.475000 0.025000 0.475000 0.031250 0.475000 0.031250 0.478125 0.037500 0.478125 0.037500 0.481250 0.041667 0.481250 0.041667 0.481250 0.043750
1 0.506250 0.076042 0.034375 0.022917
1 0.515625 0.110417 0.518750 0.112500 0.518750 0.118750 0.521875 0.125000 0.523438 0.129167 0.526563 0.131250 0.528125 0.137500 0.528125 0.141667 0.531250 0.141667 0.534375 0.137500 0.540625 0.135417 0.543750 0.131250 0.540625 0.125000 0.537500 0.122917 0.537500 0.116667 0.534375 0.110417 0.534375 0.106250 0.528125 0.106250 0.518750 0.110417 0.518750 0.112500 0.518750 0.116667 0.518750 0.118750
1 0.784375 0.312500 0.787500 0.312500 0.787500 0.318750 0.787500 0.325000 0.787500 0.325000 0.798438 0.329167 0.803125 0.331250 0.806250 0.331250 0.809375 0.331250 0.814063 0.331250 0.814063 0.325000 0.814063 0.322917 0.814063 0.318750 0.814063 0.312500 0.814063 0.312500 0.809375 0.312500 0.806250 0.312500 0.803125 0.312500 0.796875 0.312500 0.793750 0.312500 0.787500 0.316667
1 0.862500 0.312500 0.862500 0.312500 0.867188 0.316667 0.868750 0.318750 0.870313 0.322917 0.871875 0.325000 0.871875 0.329167 0.875000 0.331250 0.892188 0.331250 0.896875 0.331250 0.900000 0.331250 0.903125 0.331250 0.906250 0.325000 0.903125 0.322917 0.903125 0.312500 0.903125 0.310417 0.900000 0.306250 0.896875 0.306250 0.892188 0.306250 0.885938 0.306250 0.878125 0.310417 0.871875 0.312500 0.868750 0.312500 0.856250 0.316667
1 0.932813 0.300000 0.934375 0.304167 0.939063 0.306250 0.940625 0.318750 0.940625 0.322917 0.940625 0.329167 0.954688 0.331250 0.962500 0.325000 0.968750 0.325000 0.971875 0.325000 0.971875 0.312500 0.971875 0.304167 0.971875 0.297917 0.970313 0.293750 0.960938 0.300000 0.950000 0.304167 0.943750 0.306250 0.937500 0.306250 0.932813 0.310417 0.934375 0.312500 0.939063 0.312500
1 0.987500 0.293750 0.987500 0.300000 0.987500 0.304167 0.987500 0.306250 0.987500 0.306250 0.987500 0.306250 0.987500 0.312500 0.987500 0.312500 0.987500 0.312500 0.995313 0.312500 0.996875 0.312500 0.996875 0.312500 0.996875 0.312500 1.000000 0.306250 1.000000 0.306250 1.000000 0.304167 0.996875 0.300000 0.996875 0.300000 0.996875 0.293750 0.996875 0.293750 0.996875 0.291667 0.996875 0.291667 0.995313 0.291667 0.993750 0.291667 0.990625 0.291667 0.987500 0.293750 0.987500 0.293750 0.984375 0.293750
1 0.052344 0.416667 0.057813 0.029167
1 0.140625 0.393750 0.143750 0.404167 0.143750 0.412500 0.143750 0.418750 0.156250 0.416667 0.196875 0.406250 0.201563 0.406250 0.203125 0.406250 0.203125 0.397917 0.201563 0.393750 0.196875 0.391667 0.193750 0.387500 0.185938 0.387500 0.176563 0.387500 0.165625 0.387500 0.159375 0.387500 0.153125 0.387500 0.148438 0.391667 0.143750 0.391667 0.143750 0.393750 0.143750 0.400000
1 0.256250 0.375000 0.262500 0.381250 0.262500 0.387500 0.262500 0.397917 0.284375 0.397917 0.290625 0.397917 0.301563 0.397917 0.312500 0.393750 0.321875 0.391667 0.315625 0.391667 0.309375 0.387500 0.312500 0.379167 0.312500 0.368750 0.304688 0.366667 0.287500 0.368750 0.282813 0.368750 0.268750 0.372917 0.256250 0.375000 0.250000 0.379167 0.254688 0.381250 0.256250 0.387500
1 0.381250 0.350000 0.381250 0.368750 0.381250 0.381250 0.379688 0.387500 0.396875 0.381250 0.400000 0.379167 0.409375 0.375000 0.425000 0.375000 0.434375 0.375000 0.442188 0.375000 0.446875 0.372917 0.450000 0.362500 0.450000 0.356250 0.446875 0.356250 0.434375 0.356250 0.418750 0.356250 0.412500 0.356250 0.409375 0.360417 0.398438 0.360417 0.393750 0.360417 0.381250 0.360417 0.378125 0.360417
1 0.690625 0.518750 0.696875 0.525000 0.700000 0.537500 0.703125 0.543750 0.704688 0.550000 0.706250 0.560417 0.709375 0.566667 0.714063 0.568750 0.718750 0.572917 0.725000 0.572917 0.731250 0.572917 0.734375 0.566667 0.729688 0.560417 0.725000 0.554167 0.721875 0.550000 0.720313 0.541667 0.718750 0.535417 0.715625 0.525000 0.715625 0.518750 0.712500 0.516667 0.696875 0.516667 0.690625 0.518750 0.693750 0.525000
1 0.742188 0.650000 0.743750 0.660417 0.746875 0.668750 0.751563 0.679167 0.753125 0.687500 0.756250 0.700000 0.760938 0.706250 0.765625 0.712500 0.768750 0.718750 0.781250 0.718750 0.787500 0.712500 0.793750 0.706250 0.787500 0.697917 0.784375 0.687500 0.782813 0.681250 0.781250 0.668750 0.781250 0.656250 0.778125 0.650000 0.776563 0.643750 0.762500 0.647917 0.753125 0.650000 0.746875 0.650000
1 0.818750 0.791667 0.831250 0.787500 0.829688 0.787500 0.815625 0.787500 0.818750 0.800000 0.825000 0.810417 0.829688 0.822917 0.835938 0.831250 0.840625 0.837500 0.846875 0.850000 0.850000 0.860417 0.856250 0.875000 0.870313 0.868750 0.881250 0.862500 0.871875 0.847917 0.860938 0.825000 0.856250 0.812500 0.846875 0.793750 0.843750 0.787500 0.839063 0.775000 0.825000 0.779167
1 0.903125 0.954167 0.912500 0.962500 0.915625 0.968750 0.918750 0.981250 0.923438 0.987500 0.925000 0.993750 0.929688 1.000000 0.940625 1.000000 0.948438 0.991667 0.940625 0.985417 0.934375 0.979167 0.932813 0.968750 0.931250 0.962500 0.928125 0.956250 0.925000 0.947917 0.923438 0.941667 0.918750 0.935417 0.909375 0.935417 0.909375 0.937500 0.909375 0.947917 0.912500 0.956250
2 0.481250 0.043750 0.484375 0.047917 0.485938 0.050000 0.489063 0.054167 0.492188 0.060417 0.493750 0.062500 0.496875 0.066667 0.503125 0.062500 0.506250 0.062500 0.506250 0.060417 0.506250 0.056250 0.506250 0.050000 0.506250 0.043750 0.503125 0.041667 0.501563 0.041667 0.496875 0.043750 0.493750 0.043750 0.492188 0.043750 0.489063 0.047917 0.485938 0.050000 0.484375 0.050000
2 0.510938 0.093750 0.515625 0.100000 0.515625 0.106250 0.515625 0.110417 0.518750 0.112500 0.518750 0.110417 0.523438 0.110417 0.525000 0.106250 0.528125 0.106250 0.528125 0.106250 0.531250 0.106250 0.534375 0.104167 0.532813 0.100000 0.531250 0.097917 0.531250 0.087500 0.531250 0.087500 0.525000 0.087500 0.521875 0.087500 0.518750 0.093750 0.515625 0.093750 0.510938 0.097917 0.512500 0.100000 0.515625 0.100000 0.515625 0.100000 0.517188 0.106250 0.517188 0.106250
2 0.814063 0.306250 0.815625 0.318750 0.815625 0.325000 0.818750 0.331250 0.821875 0.335417 0.837500 0.335417 0.845313 0.335417 0.850000 0.335417 0.856250 0.331250 0.860938 0.331250 0.862500 0.331250 0.862500 0.325000 0.862500 0.318750 0.862500 0.310417 0.856250 0.306250 0.850000 0.306250 0.845313 0.306250 0.835938 0.306250 0.825000 0.306250 0.818750 0.306250
2 0.917188 0.315625 0.034375 0.031250
2 0.975000 0.300000 0.975000 0.304167 0.975000 0.306250 0.975000 0.306250 0.975000 0.306250 0.975000 0.310417 0.975000 0.312500 0.975000 0.312500 0.975000 0.312500 0.975000 0.312500 0.975000 0.318750 0.975000 0.318750 0.975000 0.318750 0.975000 0.322917 0.975000 0.322917 0.978125 0.322917 0.978125 0.322917 0.978125 0.322917 0.979688 0.322917 0.981250 0.322917 0.981250 0.322917 0.981250 0.322917 0.981250 0.322917 0.984375 0.322917 0.984375 0.322917 0.985938 0.322917 0.987500 0.322917 0.987500 0.322917
2 0.714063 0.575000 0.715625 0.585417 0.718750 0.593750 0.721875 0.600000 0.721875 0.610417 0.725000 0.618750 0.728125 0.631250 0.731250 0.637500 0.746875 0.637500 0.756250 0.635417 0.762500 0.635417 0.762500 0.629167 0.756250 0.618750 0.753125 0.612500 0.751563 0.606250 0.751563 0.597917 0.746875 0.587500 0.742188 0.581250 0.725000 0.581250 0.718750 0.581250 0.718750 0.591667 0.721875 0.597917
2 0.776563 0.725000 0.782813 0.737500 0.784375 0.750000 0.790625 0.762500 0.793750 0.768750 0.796875 0.779167 0.800000 0.787500 0.807813 0.791667 0.818750 0.791667 0.823438 0.781250 0.825000 0.775000 0.825000 0.766667 0.821875 0.762500 0.814063 0.750000 0.809375 0.743750 0.803125 0.735417 0.800000 0.729167 0.796875 0.725000 0.793750 0.718750 0.784375 0.718750 0.778125 0.725000 0.781250 0.731250 0.781250 0.741667
2 0.862500 0.875000 0.868750 0.891667 0.876563 0.906250 0.885938 0.918750 0.893750 0.931250 0.898438 0.943750 0.906250 0.950000 0.915625 0.943750 0.918750 0.935417 0.923438 0.925000 0.909375 0.912500 0.903125 0.904167 0.900000 0.893750 0.896875 0.885417 0.893750 0.875000 0.887500 0.862500 0.865625 0.862500 0.856250 0.872917 0.865625 0.881250 0.870313 0.891667 0.875000 0.900000
2 0.092188 0.425000 0.096875 0.425000 0.107813 0.425000 0.125000 0.418750 0.128125 0.418750 0.134375 0.418750 0.137500 0.412500 0.137500 0.404167 0.137500 0.400000 0.137500 0.393750 0.139063 0.391667 0.137500 0.387500 0.125000 0.391667 0.109375 0.393750 0.106250 0.393750 0.093750 0.393750 0.081250 0.393750 0.078125 0.391667 0.081250 0.393750 0.084375 0.400000 0.085938 0.404167 0.085938 0.406250 0.085938 0.412500 0.085938 0.416667
2 0.001563 0.406250 0.001563 0.412500 0.001563 0.422917 0.003125 0.429167 0.003125 0.431250 0.017188 0.431250 0.025000 0.431250 0.025000 0.429167 0.025000 0.425000 0.025000 0.416667 0.025000 0.412500 0.025000 0.406250 0.025000 0.404167 0.025000 0.400000 0.023438 0.393750 0.021875 0.393750 0.017188 0.397917 0.009375 0.400000 0.003125 0.404167 -0.006250 0.404167 -0.014063 0.404167 -0.012500 0.400000 -0.009375 0.400000
2 0.092188 0.418750 0.103125 0.418750 0.109375 0.418750 0.115625 0.418750 0.120313 0.418750 0.123438 0.418750 0.128125 0.418750 0.131250 0.412500 0.131250 0.404167 0.131250 0.400000 0.131250 0.391667 0.131250 0.387500 0.128125 0.381250 0.096875 0.385417 0.081250 0.385417 0.081250 0.387500 0.081250 0.400000 0.081250 0.404167 0.081250 0.406250 0.081250 0.412500 0.087500 0.416667 0.096875 0.418750
2 0.162500 0.375000 0.162500 0.391667 0.162500 0.400000 0.162500 0.406250 0.162500 0.412500 0.162500 0.418750 0.178125 0.412500 0.187500 0.412500 0.193750 0.412500 0.203125 0.410417 0.207813 0.400000 0.207813 0.393750 0.210938 0.387500 0.210938 0.381250 0.210938 0.379167 0.203125 0.379167 0.193750 0.379167 0.179688 0.379167 0.175000 0.381250 0.170313 0.381250 0.162500 0.381250 0.159375 0.385417
2 0.315625 0.362500 0.315625 0.381250 0.315625 0.391667 0.325000 0.391667 0.334375 0.391667 0.345313 0.393750 0.360938 0.393750 0.376563 0.393750 0.381250 0.387500 0.381250 0.375000 0.381250 0.368750 0.381250 0.356250 0.381250 0.347917 0.379688 0.337500 0.365625 0.343750 0.353125 0.343750 0.343750 0.347917 0.334375 0.347917 0.321875 0.347917 0.315625 0.354167 0.315625 0.368750 0.315625 0.375000
4 0.950000 0.056250 0.954688 0.062500 0.956250 0.068750 0.960938 0.075000 0.964063 0.081250 0.965625 0.087500 0.968750 0.087500 0.978125 0.091667 0.984375 0.091667 0.987500 0.087500 0.995313 0.087500 0.990625 0.081250 0.987500 0.079167 0.981250 0.072917 0.979688 0.068750 0.975000 0.062500 0.971875 0.056250 0.965625 0.054167 0.960938 0.050000 0.956250 0.050000 0.950000 0.050000 0.950000 0.050000 0.954688 0.054167
7 0.409375 0.537500 0.348438 0.550000 0.290625 0.566667 0.250000 0.581250 0.210938 0.585417 0.171875 0.600000 0.143750 0.612500 0.134375 0.612500 0.134375 0.654167 0.143750 0.687500 0.154688 0.737500 0.170313 0.768750 0.212500 0.762500 0.275000 0.747917 0.331250 0.731250 0.393750 0.712500 0.443750 0.700000 0.446875 0.666667 0.440625 0.622917 0.425000 0.572917 0.407813 0.535417
7 0.462500 0.706250 0.415625 0.706250 0.359375 0.712500 0.318750 0.731250 0.284375 0.754167 0.243750 0.768750 0.228125 0.779167 0.231250 0.816667 0.232813 0.862500 0.242188 0.900000 0.253125 0.937500 0.287500 0.937500 0.325000 0.929167 0.368750 0.916667 0.431250 0.904167 0.487500 0.885417 0.515625 0.868750 0.506250 0.831250 0.493750 0.791667 0.473438 0.741667 0.459375 0.710417
7 0.581250 0.447917 0.565625 0.447917 0.554688 0.443750 0.543750 0.443750 0.540625 0.460417 0.540625 0.475000 0.543750 0.491667 0.548438 0.510417 0.553125 0.531250 0.556250 0.550000 0.559375 0.562500 0.575000 0.560417 0.589063 0.556250 0.596875 0.550000 0.600000 0.537500 0.600000 0.518750 0.596875 0.506250 0.593750 0.487500 0.590625 0.466667 0.585938 0.454167 0.581250 0.443750
7 0.921875 0.391667 0.901563 0.381250 0.893750 0.379167 0.871875 0.375000 0.859375 0.375000 0.840625 0.375000 0.829688 0.375000 0.818750 0.379167 0.818750 0.391667 0.818750 0.412500 0.818750 0.431250 0.831250 0.443750 0.846875 0.443750 0.862500 0.447917 0.878125 0.447917 0.890625 0.447917 0.898438 0.443750 0.903125 0.431250 0.909375 0.416667 0.915625 0.404167 0.917188 0.387500
7 0.443750 0.137500 0.428125 0.156250 0.418750 0.166667 0.421875 0.175000 0.431250 0.181250 0.439063 0.193750 0.443750 0.206250 0.453125 0.218750 0.460938 0.222917 0.468750 0.235417 0.478125 0.231250 0.489063 0.225000 0.493750 0.212500 0.492188 0.206250 0.487500 0.193750 0.478125 0.181250 0.473438 0.172917 0.465625 0.162500 0.459375 0.154167 0.450000 0.143750
7 0.393750 0.219792 0.093750 0.056250
6 0.714063 0.506250 0.696875 0.537500 0.720313 0.597917 0.746875 0.662500 0.776563 0.722917 0.792188 0.762500 0.821875 0.818750 0.839063 0.850000 0.867188 0.900000 0.878125 0.912500 0.900000 0.968750 0.940625 0.997917 0.915625 0.925000 0.884375 0.866667 0.859375 0.810417 0.825000 0.766667 0.800000 0.718750 0.787500 0.675000 0.760938 0.618750 0.737500 0.562500 0.709375 0.510417
6 1.003125 0.293750 0.950000 0.291667 0.917188 0.293750 0.893750 0.300000 0.870313 0.300000 0.839063 0.304167 0.798438 0.300000 0.787500 0.312500 0.787500 0.335417 0.796875 0.341667 0.812500 0.335417 0.831250 0.335417 0.859375 0.331250 0.881250 0.331250 0.906250 0.331250 0.929688 0.331250 0.948438 0.331250 0.975000 0.331250 0.993750 0.331250 1.000000 0.318750 0.996875 0.297917
6 0.506250 0.025000 0.492188 0.025000 0.481250 0.025000 0.478125 0.035417 0.478125 0.050000 0.485938 0.062500 0.492188 0.072917 0.496875 0.081250 0.506250 0.093750 0.510938 0.106250 0.518750 0.122917 0.523438 0.137500 0.531250 0.143750 0.534375 0.131250 0.534375 0.116667 0.531250 0.100000 0.525000 0.087500 0.518750 0.075000 0.515625 0.060417 0.510938 0.043750 0.506250 0.025000
6 0.446875 0.335417 0.392188 0.343750 0.353125 0.350000 0.321875 0.362500 0.287500 0.375000 0.248438 0.381250 0.192188 0.385417 0.150000 0.387500 0.106250 0.387500 0.056250 0.387500 0.020313 0.400000 0.000000 0.425000 0.048438 0.431250 0.103125 0.425000 0.153125 0.422917 0.250000 0.412500 0.315625 0.410417 0.367188 0.397917 0.412500 0.387500 0.453125 0.360417 0.442188 0.331250
