1 0.387500 0.118750 0.043750 0.025000
1 0.496875 0.101042 0.040625 0.022917
1 0.590625 0.097917 0.040625 0.025000
1 0.657813 0.091667 0.034375 0.029167
1 0.721875 0.082292 0.025000 0.022917
1 0.790625 0.085417 0.037500 0.029167
1 0.859375 0.088542 0.043750 0.022917
1 0.233594 0.365625 0.032813 0.068750
1 0.248438 0.510417 0.037500 0.062500
1 0.262500 0.629167 0.254688 0.629167 0.246875 0.629167 0.243750 0.637500 0.243750 0.650000 0.243750 0.660417 0.246875 0.668750 0.250000 0.681250 0.250000 0.693750 0.250000 0.704167 0.253125 0.716667 0.259375 0.718750 0.268750 0.718750 0.275000 0.712500 0.273438 0.697917 0.270313 0.681250 0.267188 0.675000 0.262500 0.662500 0.262500 0.650000 0.259375 0.637500 0.256250 0.625000
1 0.284375 0.791667 0.275000 0.793750 0.270313 0.793750 0.262500 0.793750 0.256250 0.797917 0.256250 0.812500 0.256250 0.829167 0.256250 0.843750 0.259375 0.854167 0.262500 0.862500 0.267188 0.868750 0.270313 0.875000 0.275000 0.879167 0.282813 0.875000 0.287500 0.868750 0.290625 0.856250 0.290625 0.847917 0.287500 0.835417 0.287500 0.822917 0.285938 0.812500 0.282813 0.800000 0.282813 0.793750
1 0.059375 0.175000 0.046875 0.179167 0.040625 0.179167 0.034375 0.181250 0.028125 0.181250 0.025000 0.187500 0.020313 0.191667 0.017188 0.193750 0.017188 0.206250 0.020313 0.210417 0.025000 0.212500 0.034375 0.212500 0.040625 0.212500 0.046875 0.210417 0.050000 0.206250 0.056250 0.200000 0.059375 0.197917 0.062500 0.193750 0.062500 0.185417 0.062500 0.179167 0.057813 0.175000
2 0.443750 0.116667 0.062500 0.029167
2 0.540625 0.100000 0.050000 0.025000
2 0.625000 0.093750 0.028125 0.025000
2 0.693750 0.087500 0.034375 0.025000
2 0.753125 0.081250 0.028125 0.025000
2 0.825000 0.085417 0.025000 0.029167
2 0.246875 0.406250 0.228125 0.406250 0.221875 0.412500 0.218750 0.418750 0.217188 0.429167 0.218750 0.437500 0.218750 0.447917 0.221875 0.456250 0.223438 0.468750 0.225000 0.475000 0.231250 0.481250 0.237500 0.481250 0.243750 0.481250 0.250000 0.475000 0.254688 0.475000 0.253125 0.462500 0.250000 0.450000 0.246875 0.431250 0.243750 0.425000 0.242188 0.412500 0.240625 0.404167
2 0.262500 0.543750 0.250000 0.550000 0.243750 0.550000 0.243750 0.556250 0.242188 0.562500 0.242188 0.572917 0.243750 0.581250 0.243750 0.587500 0.248438 0.597917 0.251563 0.600000 0.256250 0.606250 0.259375 0.610417 0.262500 0.612500 0.270313 0.612500 0.271875 0.606250 0.273438 0.600000 0.271875 0.591667 0.270313 0.581250 0.267188 0.568750 0.265625 0.560417 0.262500 0.550000 0.262500 0.543750
2 0.275000 0.718750 0.267188 0.718750 0.256250 0.718750 0.253125 0.725000 0.250000 0.735417 0.250000 0.743750 0.253125 0.756250 0.254688 0.762500 0.256250 0.775000 0.259375 0.781250 0.259375 0.791667 0.267188 0.791667 0.275000 0.791667 0.281250 0.787500 0.285938 0.781250 0.287500 0.772917 0.285938 0.762500 0.282813 0.750000 0.278125 0.735417 0.275000 0.729167 0.275000 0.718750 0.273438 0.712500
2 0.293750 0.875000 0.282813 0.881250 0.275000 0.881250 0.268750 0.885417 0.267188 0.893750 0.270313 0.904167 0.270313 0.912500 0.273438 0.922917 0.273438 0.931250 0.275000 0.937500 0.278125 0.947917 0.282813 0.954167 0.287500 0.956250 0.293750 0.956250 0.298438 0.947917 0.298438 0.937500 0.298438 0.925000 0.293750 0.912500 0.293750 0.900000 0.293750 0.891667 0.290625 0.879167
2 0.009375 0.181250 0.003125 0.187500 0.001563 0.187500 0.000000 0.187500 -0.003125 0.193750 -0.003125 0.200000 -0.003125 0.206250 -0.001563 0.210417 -0.001563 0.212500 0.000000 0.216667 0.003125 0.216667 0.009375 0.216667 0.014063 0.216667 0.017188 0.212500 0.020313 0.212500 0.017188 0.206250 0.017188 0.206250 0.014063 0.200000 0.014063 0.193750 0.009375 0.193750 0.009375 0.187500 0.006250 0.185417 0.003125 0.181250
3 0.171875 0.056250 0.192188 0.068750 0.207813 0.072917 0.215625 0.075000 0.221875 0.075000 0.225000 0.081250 0.231250 0.075000 0.232813 0.062500 0.232813 0.054167 0.234375 0.041667 0.234375 0.031250 0.218750 0.031250 0.210938 0.029167 0.203125 0.025000 0.196875 0.018750 0.187500 0.016667 0.181250 0.012500 0.171875 0.006250 0.171875 0.022917 0.171875 0.035417 0.170313 0.043750 0.176563 0.054167 0.185938 0.054167
3 0.273438 0.000000 0.275000 0.004167 0.275000 0.010417 0.275000 0.016667 0.275000 0.022917 0.278125 0.025000 0.282813 0.025000 0.287500 0.025000 0.293750 0.025000 0.298438 0.022917 0.301563 0.022917 0.304688 0.025000 0.304688 0.016667 0.304688 0.012500 0.304688 0.006250 0.304688 0.000000 0.301563 0.000000 0.300000 -0.004167 0.290625 -0.006250 0.287500 -0.006250 0.278125 -0.006250 0.275000 -0.006250
3 0.176563 0.125000 0.146875 0.118750 0.123438 0.116667 0.106250 0.116667 0.093750 0.116667 0.078125 0.122917 0.068750 0.125000 0.062500 0.137500 0.059375 0.156250 0.059375 0.166667 0.073438 0.175000 0.092188 0.179167 0.120313 0.179167 0.139063 0.179167 0.153125 0.179167 0.171875 0.179167 0.185938 0.179167 0.190625 0.162500 0.185938 0.147917 0.184375 0.131250 0.181250 0.118750
6 0.250000 0.335417 0.214062 0.352083 0.212500 0.420833 0.223438 0.489583 0.232813 0.558333 0.235937 0.635417 0.240625 0.706250 0.250000 0.779167 0.256250 0.847917 0.265625 0.904167 0.279687 0.964583 0.304688 0.943750 0.293750 0.879167 0.292187 0.808333 0.284375 0.739583 0.279687 0.670833 0.270313 0.597917 0.267188 0.520833 0.257812 0.447917 0.253125 0.327083 0.225000 0.314583
6 0.884375 0.093750 0.843750 0.070833 0.790625 0.070833 0.737500 0.077083 0.679688 0.083333 0.621875 0.081250 0.570312 0.089583 0.518750 0.083333 0.470313 0.089583 0.418750 0.093750 0.371875 0.106250 0.390625 0.133333 0.450000 0.127083 0.512500 0.122917 0.573438 0.122917 0.631250 0.114583 0.679688 0.108333 0.729688 0.104167 0.781250 0.110417 0.835938 0.106250 0.881250 0.085417
6 0.070312 0.175000 0.059375 0.177083 0.048438 0.177083 0.039062 0.177083 0.031250 0.179167 0.020313 0.179167 0.009375 0.181250 0.007812 0.189583 0.003125 0.200000 0.001563 0.210417 0.004687 0.218750 0.010937 0.222917 0.018750 0.216667 0.026562 0.210417 0.034375 0.206250 0.040625 0.202083 0.050000 0.202083 0.059375 0.200000 0.065625 0.197917 0.071875 0.193750 0.071875 0.181250
7 0.407813 0.239583 0.103125 0.066667
7 0.051562 0.832292 0.106250 0.122917
7 0.120313 0.304167 0.114062 0.293750 0.101562 0.291667 0.092188 0.295833 0.089063 0.314583 0.081250 0.327083 0.076563 0.343750 0.075000 0.360417 0.075000 0.383333 0.076563 0.404167 0.082812 0.414583 0.093750 0.416667 0.101562 0.408333 0.112500 0.395833 0.118750 0.381250 0.123438 0.366667 0.126562 0.352083 0.128125 0.335417 0.126562 0.318750 0.120313 0.304167 0.114062 0.293750
7 0.048438 0.056250 0.084375 0.037500
7 0.006250 0.414583 0.001563 0.435417 0.001563 0.460417 0.001563 0.489583 0.000000 0.516667 0.000000 0.541667 0.000000 0.577083 0.000000 0.602083 -0.001563 0.629167 0.001563 0.652083 0.004687 0.675000 0.020313 0.666667 0.026562 0.650000 0.020313 0.625000 0.020313 0.597917 0.017188 0.572917 0.014063 0.550000 0.014063 0.516667 0.014063 0.491667 0.010937 0.464583 0.007812 0.433333
