8 0.885938 0.368750 0.873437 0.345833 0.859375 0.329167 0.839063 0.331250 0.817187 0.347917 0.800000 0.368750 0.784375 0.389583 0.773438 0.414583 0.759375 0.439583 0.754687 0.466667 0.764062 0.487500 0.776563 0.510417 0.796875 0.516667 0.809375 0.500000 0.825000 0.479167 0.837500 0.462500 0.850000 0.441667 0.868750 0.433333 0.882812 0.410417 0.890625 0.387500 0.885938 0.362500
8 0.443750 0.733333 0.431250 0.710417 0.417187 0.685417 0.395313 0.679167 0.375000 0.691667 0.360938 0.712500 0.340625 0.727083 0.323437 0.750000 0.307812 0.766667 0.290625 0.787500 0.276562 0.812500 0.290625 0.835417 0.303125 0.860417 0.320312 0.875000 0.342187 0.868750 0.357812 0.841667 0.379688 0.827083 0.393750 0.802083 0.417187 0.781250 0.434375 0.760417 0.446875 0.737500
4 0.814063 0.281250 0.798438 0.266667 0.784375 0.254167 0.768750 0.243750 0.753125 0.229167 0.740625 0.216667 0.728125 0.227083 0.715625 0.252083 0.703125 0.277083 0.695312 0.300000 0.692187 0.318750 0.706250 0.331250 0.718750 0.341667 0.737500 0.354167 0.756250 0.364583 0.768750 0.375000 0.779687 0.375000 0.789062 0.354167 0.798438 0.327083 0.806250 0.302083 0.812500 0.279167
4 0.737500 0.535417 0.718750 0.560417 0.706250 0.587500 0.693750 0.612500 0.682813 0.633333 0.696875 0.652083 0.710938 0.670833 0.728125 0.685417 0.742188 0.704167 0.756250 0.716667 0.768750 0.700000 0.779687 0.685417 0.796875 0.666667 0.807813 0.643750 0.820312 0.629167 0.815625 0.608333 0.801562 0.595833 0.789062 0.581250 0.773438 0.566667 0.757812 0.550000 0.742188 0.537500
4 0.503125 0.293750 0.489063 0.308333 0.471875 0.333333 0.454688 0.354167 0.439063 0.370833 0.432812 0.393750 0.442188 0.414583 0.457813 0.429167 0.471875 0.456250 0.489063 0.477083 0.501563 0.491667 0.514062 0.477083 0.531250 0.458333 0.543750 0.439583 0.560937 0.416667 0.571875 0.397917 0.576562 0.383333 0.568750 0.362500 0.546875 0.341667 0.528125 0.314583 0.510938 0.297917
4 0.509375 0.537500 0.490625 0.554167 0.475000 0.566667 0.460938 0.591667 0.443750 0.612500 0.434375 0.637500 0.443750 0.662500 0.459375 0.679167 0.475000 0.693750 0.492188 0.716667 0.507812 0.733333 0.520312 0.727083 0.537500 0.710417 0.556250 0.685417 0.570312 0.668750 0.584375 0.645833 0.581250 0.627083 0.565625 0.608333 0.548438 0.585417 0.531250 0.554167 0.515625 0.541667
3 0.726562 0.347917 0.715625 0.362500 0.712500 0.360417 0.703125 0.358333 0.701562 0.368750 0.704688 0.379167 0.704688 0.395833 0.703125 0.412500 0.706250 0.427083 0.710938 0.433333 0.720313 0.437500 0.728125 0.433333 0.731250 0.422917 0.739062 0.420833 0.748437 0.410417 0.751563 0.400000 0.748437 0.389583 0.745313 0.379167 0.748437 0.368750 0.742188 0.354167 0.735938 0.345833 0.728125 0.341667
7 0.896875 0.460417 0.887500 0.443750 0.873437 0.441667 0.859375 0.445833 0.851562 0.460417 0.853125 0.483333 0.845313 0.489583 0.834375 0.483333 0.821875 0.487500 0.814063 0.504167 0.815625 0.520833 0.823438 0.535417 0.825000 0.554167 0.835938 0.558333 0.845313 0.543750 0.853125 0.531250 0.862500 0.522917 0.876563 0.510417 0.884375 0.500000 0.890625 0.487500 0.895312 0.468750
7 0.692187 0.877083 0.675000 0.870833 0.656250 0.870833 0.642188 0.881250 0.640625 0.897917 0.646875 0.922917 0.656250 0.943750 0.665625 0.964583 0.678125 0.983333 0.692187 0.993750 0.710938 0.997917 0.723437 0.987500 0.735938 0.972917 0.735938 0.947917 0.731250 0.927083 0.714063 0.925000 0.701562 0.935417 0.689063 0.931250 0.687500 0.912500 0.700000 0.902083 0.695312 0.879167
7 0.326562 0.487500 0.307812 0.477083 0.292187 0.485417 0.279687 0.500000 0.276562 0.510417 0.287500 0.527083 0.303125 0.543750 0.315625 0.562500 0.328125 0.583333 0.343750 0.595833 0.357812 0.595833 0.367188 0.577083 0.375000 0.558333 0.367188 0.537500 0.353125 0.527083 0.339062 0.533333 0.325000 0.537500 0.318750 0.520833 0.326562 0.504167 0.317188 0.485417 0.303125 0.475000
7 0.343750 0.595833 0.328125 0.610417 0.314063 0.622917 0.300000 0.637500 0.289062 0.647917 0.279687 0.660417 0.268750 0.675000 0.259375 0.693750 0.262500 0.710417 0.279687 0.716667 0.290625 0.727083 0.306250 0.720833 0.315625 0.706250 0.315625 0.687500 0.312500 0.666667 0.326562 0.660417 0.340625 0.666667 0.356250 0.656250 0.362500 0.643750 0.356250 0.622917 0.348438 0.606250
