1 0.375000 0.036458 0.021875 0.064583
1 0.385156 0.111458 0.060937 0.027083
1 0.496875 0.107292 0.046875 0.043750
1 0.589844 0.107292 0.048438 0.027083
1 0.693750 0.118750 0.053125 0.045833
1 0.790625 0.126042 0.065625 0.052083
1 0.886719 0.139583 0.039062 0.033333
1 0.956250 0.125000 0.954688 0.127083 0.956250 0.131250 0.956250 0.133333 0.956250 0.135417 0.956250 0.141667 0.957812 0.143750 0.957812 0.147917 0.957812 0.150000 0.959375 0.150000 0.960938 0.150000 0.965625 0.150000 0.968750 0.150000 0.971875 0.150000 0.978125 0.150000 0.984375 0.150000 0.987500 0.154167 0.989062 0.154167 0.989062 0.150000 0.989062 0.145833 0.987500 0.143750 0.987500 0.141667 0.987500 0.137500 0.987500 0.135417 0.987500 0.133333 0.987500 0.129167 0.987500 0.129167
1 0.362500 0.266667 0.050000 0.033333
1 0.480469 0.256250 0.039062 0.050000
1 0.589844 0.269792 0.060937 0.035417
1 0.671094 0.276042 0.042188 0.027083
1 0.753906 0.283333 0.029687 0.037500
1 0.846094 0.286458 0.042188 0.035417
1 0.936719 0.293750 0.060937 0.037500
1 0.371094 0.441667 0.048438 0.041667
1 0.489063 0.450000 0.056250 0.033333
1 0.600781 0.459375 0.051562 0.039583
1 0.721875 0.466667 0.056250 0.033333
1 0.759375 0.237500 0.754687 0.235417 0.753125 0.235417 0.753125 0.235417
1 0.825781 0.483333 0.048438 0.037500
1 0.920312 0.478125 0.053125 0.035417
1 0.985938 0.478125 0.031250 0.031250
1 0.042969 0.273958 0.039062 0.022917
1 0.241406 0.034375 0.017188 0.060417
1 0.068750 0.162500 0.096875 0.025000
1 0.312500 0.546875 0.025000 0.068750
1 0.304688 0.689583 0.018750 0.079167
1 0.301563 0.845833 0.018750 0.075000
1 0.293750 0.972917 0.018750 0.045833
1 0.146875 0.953125 0.031250 0.072917
1 0.032031 0.912500 0.023438 0.050000
1 0.171094 0.510417 0.017188 0.083333
1 0.162500 0.667708 0.025000 0.089583
1 0.154688 0.812500 0.021875 0.108333
1 0.053125 0.614583 0.050000 0.614583 0.046875 0.614583 0.043750 0.614583 0.040625 0.614583 0.037500 0.614583 0.037500 0.627083 0.034375 0.637500 0.034375 0.645833 0.034375 0.650000 0.032813 0.654167 0.032813 0.662500 0.032813 0.666667 0.032813 0.670833 0.032813 0.672917 0.032813 0.679167 0.032813 0.683333 0.032813 0.689583 0.032813 0.693750 0.034375 0.693750 0.039062 0.693750 0.042188 0.693750 0.043750 0.693750
1 0.046875 0.758333 0.043750 0.758333 0.040625 0.758333 0.034375 0.754167 0.031250 0.752083 0.029687 0.752083 0.026562 0.750000 0.026562 0.754167 0.026562 0.760417 0.026562 0.762500 0.026562 0.768750 0.025000 0.775000 0.023438 0.779167 0.023438 0.787500 0.023438 0.795833 0.023438 0.800000 0.023438 0.802083 0.023438 0.806250 0.026562 0.808333 0.031250 0.808333 0.032813 0.808333 0.034375 0.808333 0.037500 0.808333 0.039062 0.808333 0.042188 0.810417 0.045312 0.812500
1 0.079687 0.472917 0.073438 0.472917 0.068750 0.477083 0.065625 0.493750 0.064062 0.504167 0.060937 0.510417 0.056250 0.512500 0.051562 0.525000 0.050000 0.531250 0.050000 0.537500 0.050000 0.545833 0.051562 0.554167 0.056250 0.552083 0.060937 0.539583 0.065625 0.529167 0.068750 0.520833 0.071875 0.512500 0.075000 0.502083 0.076563 0.493750 0.078125 0.485417 0.081250 0.477083
1 0.053125 0.413542 0.043750 0.043750
2 0.373437 0.070833 0.018750 0.041667
2 0.442188 0.106250 0.059375 0.025000
2 0.535156 0.106250 0.032813 0.025000
2 0.642188 0.109375 0.059375 0.022917
2 0.742188 0.122917 0.034375 0.033333
2 0.847656 0.132292 0.045312 0.047917
2 0.934375 0.137500 0.071875 0.029167
2 0.980469 0.295833 0.020313 0.041667
2 0.875781 0.291667 0.032813 0.041667
2 0.796875 0.279167 0.046875 0.037500
2 0.716406 0.273958 0.029687 0.039583
2 0.631250 0.262500 0.037500 0.037500
2 0.532031 0.265625 0.042188 0.039583
2 0.420312 0.259375 0.056250 0.039583
2 0.435156 0.443750 0.060937 0.045833
2 0.546875 0.447917 0.056250 0.037500
2 0.667188 0.465625 0.068750 0.035417
2 0.777344 0.475000 0.045312 0.041667
2 0.846875 0.466667 0.846875 0.464583 0.848437 0.464583 0.851562 0.466667 0.856250 0.466667 0.859375 0.468750 0.862500 0.468750 0.864062 0.470833 0.864062 0.470833 0.867188 0.470833 0.867188 0.472917 0.868750 0.472917 0.868750 0.475000 0.870313 0.475000 0.870313 0.477083 0.870313 0.477083 0.870313 0.477083 0.871875 0.479167 0.871875 0.481250 0.873437 0.481250 0.873437 0.481250 0.873437 0.485417 0.873437 0.487500 0.873437 0.489583 0.873437 0.493750 0.873437 0.493750 0.873437 0.495833 0.876563 0.495833 0.879687 0.491667 0.884375 0.487500 0.890625 0.483333 0.890625 0.483333
2 0.962500 0.472917 0.034375 0.033333
2 0.010937 0.273958 0.021875 0.035417
2 0.004687 0.172917 0.021875 0.029167
2 0.065625 0.558333 0.060937 0.558333 0.057813 0.558333 0.056250 0.558333 0.053125 0.558333 0.050000 0.558333 0.050000 0.556250 0.046875 0.554167 0.046875 0.554167 0.043750 0.550000 0.043750 0.556250 0.040625 0.568750 0.040625 0.575000 0.039062 0.581250 0.039062 0.583333 0.039062 0.585417 0.039062 0.587500 0.039062 0.589583 0.039062 0.593750 0.039062 0.595833 0.039062 0.600000 0.039062 0.602083 0.040625 0.604167 0.043750 0.604167 0.046875 0.606250 0.048438 0.608333 0.050000 0.608333 0.053125 0.608333 0.054688 0.608333 0.056250 0.608333
2 0.046875 0.689583 0.043750 0.689583 0.037500 0.689583 0.034375 0.689583 0.026562 0.689583 0.026562 0.693750 0.026562 0.702083 0.026562 0.706250 0.026562 0.710417 0.026562 0.714583 0.026562 0.720833 0.026562 0.727083 0.026562 0.731250 0.026562 0.735417 0.031250 0.735417 0.034375 0.735417 0.037500 0.735417 0.043750 0.739583 0.048438 0.739583 0.054688 0.741667 0.056250 0.741667
2 0.040625 0.814583 0.034375 0.814583 0.026562 0.814583 0.020313 0.812500 0.020313 0.822917 0.020313 0.835417 0.020313 0.845833 0.020313 0.850000 0.020313 0.856250 0.021875 0.862500 0.021875 0.868750 0.025000 0.868750 0.028125 0.868750 0.032813 0.870833 0.040625 0.875000 0.046875 0.875000 0.043750 0.875000 0.046875 0.847917 0.050000 0.839583 0.050000 0.833333 0.045312 0.822917 0.042188 0.816667
2 0.168750 0.860417 0.160938 0.860417 0.148438 0.860417 0.139063 0.860417 0.135937 0.862500 0.135937 0.875000 0.135937 0.881250 0.135937 0.887500 0.135937 0.895833 0.135937 0.900000 0.139063 0.904167 0.140625 0.904167 0.146875 0.904167 0.151562 0.904167 0.153125 0.904167 0.156250 0.904167 0.159375 0.904167 0.162500 0.904167 0.165625 0.904167 0.167187 0.908333 0.168750 0.908333 0.173437 0.908333 0.168750 0.900000
2 0.171875 0.702083 0.165625 0.702083 0.156250 0.704167 0.151562 0.706250 0.150000 0.712500 0.148438 0.718750 0.146875 0.727083 0.146875 0.731250 0.146875 0.735417 0.146875 0.739583 0.146875 0.752083 0.145313 0.756250 0.145313 0.760417 0.153125 0.760417 0.165625 0.760417 0.173437 0.760417 0.179688 0.760417 0.182812 0.758333 0.178125 0.758333 0.170313 0.758333 0.168750 0.758333
2 0.173437 0.558333 0.171875 0.560417 0.168750 0.562500 0.165625 0.564583 0.162500 0.566667 0.159375 0.568750 0.156250 0.568750 0.153125 0.577083 0.150000 0.589583 0.148438 0.600000 0.148438 0.608333 0.146875 0.612500 0.146875 0.616667 0.146875 0.622917 0.146875 0.629167 0.150000 0.629167 0.157812 0.629167 0.168750 0.629167 0.173437 0.627083 0.176563 0.629167 0.179688 0.629167
2 0.329688 0.466667 0.328125 0.468750 0.323437 0.468750 0.318750 0.470833 0.315625 0.472917 0.312500 0.472917 0.307812 0.477083 0.303125 0.477083 0.295312 0.479167 0.292187 0.479167 0.292187 0.487500 0.292187 0.497917 0.292187 0.504167 0.292187 0.506250 0.292187 0.510417 0.295312 0.514583 0.296875 0.516667 0.303125 0.514583 0.309375 0.512500 0.312500 0.510417 0.315625 0.510417 0.318750 0.510417 0.321875 0.510417 0.325000 0.510417 0.325000 0.510417
2 0.318750 0.595833 0.315625 0.595833 0.309375 0.595833 0.304688 0.595833 0.298438 0.595833 0.295312 0.595833 0.293750 0.595833 0.292187 0.602083 0.292187 0.610417 0.292187 0.618750 0.292187 0.629167 0.292187 0.637500 0.292187 0.639583 0.292187 0.643750 0.292187 0.650000 0.292187 0.652083 0.293750 0.654167 0.300000 0.654167 0.304688 0.654167 0.312500 0.654167 0.314063 0.654167 0.317188 0.654167 0.320312 0.654167 0.321875 0.654167
2 0.307812 0.752083 0.306250 0.750000 0.304688 0.745833 0.300000 0.743750 0.295312 0.743750 0.292187 0.741667 0.287500 0.741667 0.285938 0.745833 0.285938 0.756250 0.285938 0.766667 0.285938 0.770833 0.285938 0.775000 0.284375 0.779167 0.282813 0.791667 0.282813 0.797917 0.282813 0.802083 0.282813 0.808333 0.287500 0.808333 0.292187 0.808333 0.295312 0.808333 0.298438 0.810417 0.301563 0.814583 0.304688 0.814583 0.307812 0.814583
2 0.304688 0.895833 0.300000 0.895833 0.296875 0.891667 0.293750 0.891667 0.290625 0.891667 0.287500 0.887500 0.282813 0.887500 0.278125 0.887500 0.275000 0.887500 0.276562 0.900000 0.276562 0.908333 0.276562 0.914583 0.278125 0.920833 0.278125 0.927083 0.278125 0.933333 0.278125 0.937500 0.279687 0.947917 0.282813 0.954167 0.285938 0.956250 0.289062 0.956250 0.292187 0.956250 0.300000 0.956250 0.303125 0.956250 0.306250 0.956250
3 0.270313 0.141667 0.270313 0.133333 0.273438 0.125000 0.273438 0.118750 0.273438 0.112500 0.270313 0.106250 0.265625 0.102083 0.257812 0.102083 0.243750 0.102083 0.242188 0.114583 0.242188 0.122917 0.242188 0.129167 0.242188 0.145833 0.242188 0.150000 0.242188 0.158333 0.243750 0.164583 0.243750 0.172917 0.246875 0.177083 0.250000 0.177083 0.256250 0.177083 0.259375 0.179167 0.267188 0.179167
3 0.125000 0.252083 0.118750 0.252083 0.112500 0.252083 0.104688 0.252083 0.114062 0.291667 0.123438 0.306250 0.128125 0.314583 0.132812 0.325000 0.140625 0.337500 0.143750 0.347917 0.156250 0.347917 0.165625 0.335417 0.162500 0.322917 0.156250 0.310417 0.153125 0.297917 0.148438 0.289583 0.145313 0.279167 0.140625 0.275000 0.134375 0.266667 0.128125 0.258333
3 0.156250 0.037500 0.146875 0.020833 0.140625 0.012500 0.135937 0.006250 0.128125 0.002083 0.120313 0.000000 0.109375 0.018750 0.109375 0.027083 0.118750 0.037500 0.126562 0.045833 0.131250 0.054167 0.135937 0.062500 0.142187 0.072917 0.148438 0.077083 0.153125 0.083333 0.160938 0.085417 0.168750 0.072917 0.168750 0.064583 0.164062 0.054167 0.159375 0.045833
2 0.259375 0.058333 0.257812 0.058333 0.254688 0.058333 0.250000 0.058333 0.246875 0.058333 0.245312 0.058333 0.242188 0.058333 0.240625 0.058333 0.240625 0.058333 0.240625 0.058333
2 0.245312 0.058333 0.242188 0.054167 0.239063 0.054167 0.237500 0.050000 0.234375 0.050000 0.232813 0.050000 0.229687 0.047917 0.228125 0.052083 0.225000 0.058333 0.225000 0.064583 0.223438 0.070833 0.221875 0.072917 0.221875 0.077083 0.220312 0.079167 0.220312 0.085417 0.218750 0.087500 0.218750 0.089583 0.218750 0.095833 0.218750 0.102083 0.218750 0.104167 0.221875 0.104167 0.225000 0.104167 0.228125 0.104167
2 0.250000 0.058333 0.245312 0.058333 0.237500 0.054167 0.232813 0.052083 0.228125 0.050000 0.225000 0.060417 0.220312 0.077083 0.220312 0.083333 0.218750 0.089583 0.218750 0.093750 0.217188 0.102083 0.228125 0.104167 0.232813 0.106250 0.237500 0.095833 0.242188 0.083333 0.246875 0.072917 0.250000 0.066667 0.250000 0.058333 0.251563 0.054167 0.251563 0.045833 0.246875 0.045833
