7 0.982812 0.541667 0.973437 0.508333 0.959375 0.508333 0.946875 0.522917 0.925000 0.522917 0.917188 0.541667 0.898438 0.554167 0.882812 0.562500 0.868750 0.583333 0.870313 0.610417 0.879687 0.631250 0.885938 0.660417 0.907813 0.656250 0.926562 0.647917 0.935937 0.662500 0.954688 0.658333 0.956250 0.629167 0.968750 0.606250 0.982812 0.583333 0.984375 0.554167 0.979688 0.522917
7 0.617188 0.383333 0.604688 0.379167 0.592187 0.375000 0.576562 0.372917 0.567187 0.379167 0.559375 0.389583 0.560937 0.408333 0.567187 0.422917 0.573438 0.439583 0.581250 0.437500 0.581250 0.433333 0.589063 0.447917 0.601562 0.450000 0.615625 0.450000 0.625000 0.456250 0.637500 0.450000 0.637500 0.433333 0.629687 0.422917 0.623437 0.410417 0.617188 0.395833 0.615625 0.379167
7 0.493750 0.733333 0.464062 0.743750 0.428125 0.733333 0.403125 0.762500 0.384375 0.787500 0.356250 0.781250 0.329688 0.777083 0.310937 0.812500 0.312500 0.854167 0.328125 0.891667 0.339062 0.925000 0.368750 0.906250 0.401562 0.895833 0.421875 0.933333 0.448437 0.939583 0.457813 0.908333 0.446875 0.872917 0.470313 0.847917 0.503125 0.833333 0.504687 0.789583 0.500000 0.752083
7 0.517188 0.777083 0.496875 0.770833 0.496875 0.818750 0.514062 0.864583 0.518750 0.908333 0.514062 0.950000 0.529687 0.985417 0.543750 0.960417 0.565625 0.960417 0.593750 0.993750 0.604688 0.954167 0.635938 0.945833 0.646875 0.908333 0.629687 0.864583 0.601562 0.854167 0.568750 0.875000 0.554688 0.835417 0.587500 0.822917 0.579688 0.777083 0.551562 0.762500
8 0.693750 0.781250 0.651563 0.797917 0.618750 0.812500 0.609375 0.845833 0.629687 0.875000 0.650000 0.914583 0.670312 0.956250 0.687500 0.987500 0.710938 1.012500 0.743750 1.020833 0.781250 1.022917 0.814063 1.027083 0.850000 1.020833 0.854688 0.977083 0.832812 0.950000 0.807813 0.929167 0.785937 0.900000 0.768750 0.866667 0.745313 0.835417 0.720313 0.808333 0.696875 0.787500
8 0.873437 0.522917 0.839063 0.539583 0.818750 0.554167 0.801562 0.570833 0.784375 0.583333 0.778125 0.606250 0.795312 0.622917 0.810937 0.633333 0.828125 0.641667 0.846875 0.639583 0.864062 0.650000 0.871875 0.631250 0.875000 0.597917 0.884375 0.581250 0.896875 0.562500 0.910937 0.547917 0.926562 0.539583 0.931250 0.527083 0.917188 0.522917 0.900000 0.531250 0.882812 0.522917
3 0.735938 0.264583 0.718750 0.272917 0.710938 0.291667 0.710938 0.318750 0.710938 0.345833 0.710938 0.372917 0.712500 0.397917 0.712500 0.422917 0.715625 0.443750 0.718750 0.468750 0.728125 0.452083 0.732812 0.431250 0.743750 0.414583 0.740625 0.391667 0.737500 0.366667 0.735938 0.341667 0.735938 0.310417 0.737500 0.279167 0.732812 0.258333 0.715625 0.260417 0.712500 0.287500
3 0.675000 0.285417 0.660937 0.281250 0.648438 0.281250 0.643750 0.291667 0.642188 0.308333 0.642188 0.329167 0.642188 0.345833 0.645312 0.362500 0.650000 0.379167 0.654687 0.395833 0.657813 0.414583 0.662500 0.429167 0.670312 0.441667 0.675000 0.429167 0.678125 0.412500 0.679688 0.389583 0.681250 0.366667 0.681250 0.345833 0.681250 0.327083 0.681250 0.304167 0.678125 0.281250
3 0.490625 0.191667 0.470313 0.193750 0.473438 0.216667 0.470313 0.239583 0.470313 0.264583 0.476562 0.287500 0.476562 0.312500 0.475000 0.337500 0.470313 0.362500 0.476562 0.383333 0.487500 0.395833 0.504687 0.397917 0.517188 0.387500 0.510938 0.362500 0.510938 0.335417 0.506250 0.314583 0.500000 0.291667 0.498437 0.266667 0.498437 0.241667 0.498437 0.216667 0.492188 0.191667
3 0.467187 0.193750 0.442188 0.191667 0.429688 0.208333 0.429688 0.239583 0.429688 0.277083 0.429688 0.316667 0.428125 0.360417 0.426563 0.389583 0.426563 0.422917 0.428125 0.458333 0.435937 0.485417 0.445312 0.456250 0.440625 0.427083 0.434375 0.395833 0.443750 0.368750 0.457813 0.352083 0.470313 0.331250 0.475000 0.306250 0.473438 0.272917 0.471875 0.239583 0.468750 0.204167
4 0.776563 0.172917 0.762500 0.170833 0.748437 0.162500 0.737500 0.156250 0.726562 0.150000 0.715625 0.145833 0.698438 0.143750 0.687500 0.152083 0.678125 0.162500 0.665625 0.166667 0.654687 0.172917 0.662500 0.183333 0.671875 0.191667 0.682813 0.197917 0.693750 0.204167 0.706250 0.210417 0.717187 0.210417 0.728125 0.206250 0.739062 0.200000 0.748437 0.193750 0.759375 0.187500 0.770312 0.179167
4 0.692187 0.206250 0.670312 0.210417 0.654687 0.220833 0.634375 0.225000 0.614062 0.227083 0.593750 0.227083 0.576562 0.222917 0.589063 0.237500 0.604688 0.258333 0.623437 0.272917 0.643750 0.281250 0.662500 0.287500 0.684375 0.281250 0.707812 0.268750 0.728125 0.262500 0.751563 0.254167 0.764062 0.243750 0.751563 0.233333 0.735938 0.220833 0.718750 0.210417 0.701562 0.206250
4 0.467187 0.139583 0.451562 0.143750 0.437500 0.143750 0.421875 0.143750 0.407813 0.145833 0.393750 0.145833 0.381250 0.145833 0.367188 0.145833 0.371875 0.156250 0.381250 0.166667 0.390625 0.175000 0.403125 0.179167 0.417187 0.179167 0.429688 0.179167 0.443750 0.179167 0.457813 0.179167 0.475000 0.179167 0.489063 0.175000 0.493750 0.166667 0.479687 0.152083 0.470313 0.143750
4 0.457813 0.118750 0.445312 0.125000 0.423438 0.131250 0.412500 0.137500 0.409375 0.143750 0.421875 0.145833 0.434375 0.150000 0.446875 0.152083 0.460938 0.152083 0.471875 0.150000 0.484375 0.152083 0.495312 0.158333 0.504687 0.154167 0.515625 0.147917 0.526563 0.143750 0.523438 0.131250 0.512500 0.127083 0.498437 0.125000 0.484375 0.125000 0.471875 0.125000 0.459375 0.120833 0.448437 0.118750
