2 0.145313 0.262500 0.043750 0.025000
2 0.228125 0.240625 0.040625 0.031250
2 0.371875 0.210417 0.043750 0.025000
2 0.473438 0.179167 0.043750 0.025000
2 0.825000 0.413542 0.040625 0.056250
2 0.845313 0.493750 0.839063 0.500000 0.831250 0.500000 0.825000 0.504167 0.825000 0.510417 0.825000 0.522917 0.825000 0.531250 0.828125 0.537500 0.831250 0.547917 0.835938 0.554167 0.839063 0.560417 0.846875 0.562500 0.853125 0.562500 0.856250 0.562500 0.860938 0.550000 0.862500 0.541667 0.860938 0.529167 0.859375 0.518750 0.856250 0.510417 0.850000 0.504167 0.846875 0.500000
2 0.856250 0.629167 0.846875 0.629167 0.840625 0.629167 0.839063 0.637500 0.839063 0.643750 0.839063 0.654167 0.839063 0.662500 0.840625 0.666667 0.843750 0.672917 0.845313 0.679167 0.846875 0.681250 0.856250 0.681250 0.862500 0.685417 0.868750 0.687500 0.871875 0.679167 0.871875 0.672917 0.871875 0.662500 0.871875 0.656250 0.868750 0.643750 0.862500 0.631250 0.860938 0.625000
2 0.875000 0.747917 0.862500 0.750000 0.860938 0.750000 0.859375 0.756250 0.856250 0.762500 0.856250 0.768750 0.856250 0.775000 0.856250 0.781250 0.859375 0.787500 0.860938 0.793750 0.860938 0.800000 0.862500 0.806250 0.870313 0.806250 0.875000 0.806250 0.878125 0.806250 0.881250 0.800000 0.884375 0.793750 0.884375 0.785417 0.884375 0.775000 0.884375 0.766667 0.881250 0.762500 0.878125 0.756250 0.875000 0.750000
2 0.940625 0.106250 0.937500 0.106250 0.932813 0.110417 0.925000 0.110417 0.918750 0.110417 0.909375 0.110417 0.906250 0.112500 0.903125 0.118750 0.903125 0.125000 0.903125 0.129167 0.907813 0.129167 0.909375 0.131250 0.915625 0.131250 0.921875 0.131250 0.929688 0.131250 0.932813 0.131250 0.937500 0.131250 0.940625 0.131250 0.943750 0.129167 0.943750 0.122917 0.946875 0.118750 0.946875 0.112500
2 1.000000 0.100000 0.996875 0.100000 0.990625 0.100000 0.987500 0.100000 0.981250 0.100000 0.978125 0.100000 0.975000 0.106250 0.971875 0.106250 0.971875 0.112500 0.975000 0.118750 0.975000 0.125000 0.981250 0.125000 0.987500 0.129167 0.993750 0.129167 0.996875 0.129167 1.003125 0.125000 1.006250 0.122917 1.009375 0.116667 1.009375 0.110417 1.006250 0.106250 1.006250 0.100000 1.000000 0.100000 0.996875 0.093750
1 0.806250 0.306250 0.790625 0.312500 0.778125 0.318750 0.782813 0.322917 0.787500 0.331250 0.790625 0.341667 0.793750 0.347917 0.796875 0.356250 0.800000 0.362500 0.803125 0.368750 0.806250 0.375000 0.812500 0.381250 0.818750 0.381250 0.821875 0.372917 0.825000 0.362500 0.825000 0.350000 0.823438 0.335417 0.821875 0.325000 0.815625 0.318750 0.814063 0.312500 0.809375 0.306250
1 0.835938 0.435417 0.825000 0.437500 0.815625 0.437500 0.814063 0.443750 0.814063 0.450000 0.815625 0.460417 0.815625 0.466667 0.818750 0.472917 0.818750 0.481250 0.821875 0.487500 0.825000 0.487500 0.829688 0.493750 0.835938 0.497917 0.840625 0.497917 0.845313 0.493750 0.845313 0.481250 0.845313 0.475000 0.843750 0.462500 0.840625 0.454167 0.840625 0.443750 0.839063 0.437500 0.835938 0.435417
1 0.850000 0.560417 0.840625 0.560417 0.839063 0.562500 0.835938 0.568750 0.835938 0.575000 0.835938 0.585417 0.835938 0.593750 0.835938 0.600000 0.835938 0.606250 0.835938 0.612500 0.837500 0.618750 0.840625 0.622917 0.846875 0.625000 0.850000 0.625000 0.854688 0.618750 0.856250 0.612500 0.856250 0.606250 0.856250 0.600000 0.854688 0.587500 0.853125 0.575000 0.850000 0.568750 0.850000 0.560417
1 0.871875 0.681250 0.867188 0.681250 0.860938 0.681250 0.850000 0.687500 0.846875 0.697917 0.846875 0.706250 0.846875 0.712500 0.846875 0.722917 0.846875 0.729167 0.846875 0.737500 0.850000 0.743750 0.850000 0.750000 0.856250 0.750000 0.867188 0.750000 0.871875 0.750000 0.876563 0.741667 0.878125 0.731250 0.878125 0.718750 0.878125 0.706250 0.875000 0.697917 0.875000 0.687500 0.875000 0.681250
1 0.965625 0.104167 0.960938 0.104167 0.953125 0.104167 0.943750 0.106250 0.943750 0.110417 0.943750 0.112500 0.943750 0.118750 0.943750 0.125000 0.943750 0.129167 0.946875 0.131250 0.948438 0.131250 0.950000 0.135417 0.960938 0.137500 0.970313 0.137500 0.971875 0.137500 0.971875 0.131250 0.971875 0.125000 0.971875 0.116667 0.971875 0.110417 0.970313 0.106250 0.968750 0.100000 0.965625 0.100000
1 0.443750 0.168750 0.428125 0.166667 0.421875 0.166667 0.415625 0.166667 0.406250 0.168750 0.400000 0.172917 0.398438 0.179167 0.398438 0.181250 0.398438 0.191667 0.398438 0.197917 0.400000 0.204167 0.403125 0.206250 0.409375 0.206250 0.418750 0.210417 0.426563 0.210417 0.431250 0.206250 0.437500 0.206250 0.443750 0.200000 0.446875 0.197917 0.450000 0.187500 0.453125 0.175000 0.454688 0.166667 0.450000 0.166667
1 0.450000 0.166667 0.446875 0.166667 0.446875 0.166667 0.446875 0.166667 0.443750 0.166667 0.443750 0.166667 0.443750 0.166667 0.440625 0.166667 0.439063 0.166667 0.439063 0.166667 0.437500 0.166667 0.437500 0.166667 0.437500 0.166667
1 0.526563 0.150000 0.510938 0.150000 0.503125 0.150000 0.500000 0.154167 0.496875 0.156250 0.493750 0.162500 0.493750 0.166667 0.493750 0.172917 0.493750 0.179167 0.493750 0.181250 0.500000 0.185417 0.503125 0.187500 0.509375 0.187500 0.517188 0.187500 0.523438 0.187500 0.528125 0.187500 0.528125 0.181250 0.531250 0.179167 0.531250 0.175000 0.531250 0.168750 0.532813 0.162500 0.532813 0.156250 0.532813 0.154167
1 0.640625 0.135417 0.637500 0.131250 0.631250 0.131250 0.621875 0.131250 0.615625 0.131250 0.606250 0.137500 0.603125 0.141667 0.600000 0.143750 0.596875 0.150000 0.595313 0.156250 0.595313 0.166667 0.596875 0.168750 0.606250 0.172917 0.620313 0.175000 0.631250 0.175000 0.637500 0.175000 0.642188 0.168750 0.643750 0.162500 0.648438 0.156250 0.650000 0.150000 0.650000 0.143750 0.648438 0.137500
1 0.340625 0.193750 0.334375 0.193750 0.328125 0.193750 0.318750 0.193750 0.312500 0.193750 0.304688 0.193750 0.303125 0.200000 0.301563 0.206250 0.301563 0.216667 0.304688 0.222917 0.306250 0.229167 0.309375 0.231250 0.318750 0.231250 0.325000 0.231250 0.334375 0.225000 0.337500 0.222917 0.343750 0.218750 0.346875 0.212500 0.350000 0.206250 0.350000 0.200000 0.350000 0.193750 0.346875 0.187500 0.340625 0.187500
1 0.201563 0.222917 0.193750 0.222917 0.187500 0.222917 0.184375 0.222917 0.179688 0.225000 0.175000 0.229167 0.171875 0.235417 0.170313 0.237500 0.168750 0.243750 0.168750 0.254167 0.171875 0.254167 0.176563 0.260417 0.181250 0.262500 0.192188 0.262500 0.196875 0.262500 0.203125 0.262500 0.207813 0.254167 0.207813 0.250000 0.207813 0.243750 0.207813 0.235417 0.203125 0.222917
1 0.115625 0.250000 0.106250 0.254167 0.100000 0.254167 0.093750 0.254167 0.089063 0.254167 0.081250 0.260417 0.076563 0.262500 0.073438 0.268750 0.071875 0.275000 0.071875 0.285417 0.075000 0.291667 0.078125 0.293750 0.093750 0.300000 0.100000 0.300000 0.106250 0.297917 0.109375 0.293750 0.112500 0.287500 0.117188 0.281250 0.120313 0.275000 0.120313 0.268750 0.123438 0.262500 0.120313 0.254167 0.118750 0.250000
3 0.839063 0.175000 0.825000 0.166667 0.809375 0.160417 0.796875 0.156250 0.782813 0.156250 0.768750 0.156250 0.746875 0.168750 0.737500 0.179167 0.737500 0.187500 0.753125 0.200000 0.762500 0.206250 0.781250 0.212500 0.800000 0.212500 0.812500 0.212500 0.829688 0.212500 0.839063 0.210417 0.846875 0.204167 0.856250 0.193750 0.850000 0.181250 0.840625 0.179167
3 0.878125 0.087500 0.887500 0.075000 0.890625 0.062500 0.893750 0.047917 0.896875 0.029167 0.900000 0.000000 0.896875 -0.006250 0.890625 -0.012500 0.878125 -0.018750 0.867188 -0.018750 0.859375 -0.016667 0.856250 -0.006250 0.854688 0.000000 0.853125 0.010417 0.846875 0.016667 0.846875 0.029167 0.850000 0.037500 0.856250 0.047917 0.860938 0.054167 0.865625 0.062500 0.875000 0.068750 0.881250 0.075000
3 0.798438 0.035417 0.753125 0.025000 0.742188 0.018750 0.735938 0.018750 0.729688 0.025000 0.725000 0.031250 0.721875 0.041667 0.725000 0.050000 0.731250 0.056250 0.737500 0.062500 0.746875 0.068750 0.753125 0.072917 0.760938 0.075000 0.771875 0.081250 0.781250 0.081250 0.787500 0.081250 0.792188 0.075000 0.796875 0.060417 0.796875 0.050000 0.796875 0.041667 0.796875 0.031250
6 0.631250 0.125000 0.510938 0.150000 0.431250 0.179167 0.368750 0.181250 0.325000 0.191667 0.275000 0.200000 0.228125 0.206250 0.171875 0.225000 0.121875 0.243750 0.071875 0.262500 0.092188 0.293750 0.150000 0.279167 0.203125 0.266667 0.267188 0.235417 0.329688 0.231250 0.387500 0.216667 0.443750 0.197917 0.501563 0.200000 0.543750 0.187500 0.609375 0.179167 0.642188 0.129167
6 0.809375 0.304167 0.790625 0.337500 0.800000 0.387500 0.809375 0.447917 0.818750 0.500000 0.821875 0.556250 0.829688 0.612500 0.839063 0.675000 0.846875 0.735417 0.854688 0.787500 0.881250 0.791667 0.878125 0.735417 0.862500 0.687500 0.854688 0.631250 0.856250 0.575000 0.845313 0.518750 0.839063 0.460417 0.829688 0.404167 0.821875 0.347917 0.812500 0.300000 0.800000 0.287500
7 0.659375 0.744792 0.109375 0.118750
7 0.602344 0.606250 0.192188 0.112500
7 0.606250 0.347917 0.565625 0.372917 0.528125 0.387500 0.501563 0.400000 0.473438 0.416667 0.443750 0.422917 0.450000 0.447917 0.456250 0.481250 0.465625 0.512500 0.478125 0.543750 0.500000 0.550000 0.518750 0.537500 0.546875 0.518750 0.589063 0.510417 0.612500 0.500000 0.634375 0.487500 0.650000 0.462500 0.643750 0.437500 0.631250 0.406250 0.615625 0.375000 0.603125 0.343750
7 0.725000 0.335417 0.050000 0.104167
7 0.948438 0.222917 0.939063 0.222917 0.929688 0.222917 0.921875 0.222917 0.909375 0.222917 0.903125 0.222917 0.896875 0.231250 0.896875 0.243750 0.896875 0.260417 0.901563 0.266667 0.909375 0.268750 0.918750 0.275000 0.928125 0.279167 0.939063 0.279167 0.948438 0.281250 0.956250 0.279167 0.962500 0.272917 0.962500 0.256250 0.962500 0.243750 0.962500 0.231250 0.959375 0.222917 0.950000 0.222917
7 0.559375 0.004167 0.559375 0.041667 0.564063 0.050000 0.573438 0.050000 0.585938 0.050000 0.595313 0.050000 0.606250 0.047917 0.618750 0.043750 0.628125 0.043750 0.640625 0.041667 0.648438 0.037500 0.651563 0.025000 0.643750 0.010417 0.637500 0.000000 0.628125 0.000000 0.618750 0.000000 0.609375 0.000000 0.600000 0.004167 0.590625 0.004167 0.579688 0.004167 0.568750 0.004167 0.559375 0.004167
6 0.992188 0.100000 0.960938 0.110417 0.950000 0.106250 0.940625 0.102083 0.928125 0.102083 0.917188 0.106250 0.909375 0.110417 0.903125 0.118750 0.906250 0.129167 0.917188 0.133333 0.928125 0.133333 0.939063 0.131250 0.951562 0.129167 0.960938 0.129167 0.975000 0.129167 0.984375 0.133333 0.995313 0.133333 1.006250 0.133333 1.000000 0.125000 0.993750 0.114583 0.990625 0.102083
