8 0.242188 0.577083 0.195312 0.620833 0.168750 0.656250 0.184375 0.685417 0.206250 0.716667 0.225000 0.743750 0.250000 0.764583 0.279687 0.758333 0.300000 0.737500 0.320312 0.708333 0.343750 0.681250 0.376563 0.656250 0.396875 0.631250 0.417187 0.604167 0.421875 0.564583 0.401562 0.539583 0.378125 0.516667 0.346875 0.500000 0.317188 0.518750 0.285938 0.541667 0.251563 0.566667
4 0.781250 0.027083 0.771875 0.020833 0.759375 0.014583 0.750000 0.010417 0.739062 0.004167 0.728125 0.000000 0.717187 0.000000 0.704688 0.000000 0.692187 0.002083 0.692187 0.012500 0.701562 0.020833 0.710938 0.027083 0.718750 0.031250 0.728125 0.037500 0.739062 0.041667 0.748437 0.043750 0.757812 0.050000 0.768750 0.054167 0.778125 0.052083 0.781250 0.039583 0.782813 0.027083
4 0.657813 0.083333 0.637500 0.083333 0.625000 0.075000 0.614062 0.062500 0.600000 0.056250 0.587500 0.047917 0.571875 0.037500 0.556250 0.027083 0.534375 0.041667 0.514062 0.054167 0.500000 0.060417 0.512500 0.070833 0.529687 0.077083 0.546875 0.085417 0.565625 0.091667 0.579688 0.100000 0.596875 0.110417 0.610938 0.112500 0.623437 0.102083 0.637500 0.091667 0.653125 0.087500
4 0.890625 0.162500 0.878125 0.156250 0.859375 0.154167 0.845313 0.150000 0.831250 0.143750 0.815625 0.139583 0.801562 0.135417 0.789062 0.127083 0.776563 0.137500 0.768750 0.150000 0.781250 0.158333 0.793750 0.166667 0.806250 0.175000 0.817187 0.183333 0.831250 0.189583 0.845313 0.193750 0.859375 0.197917 0.875000 0.200000 0.885938 0.191667 0.890625 0.175000
3 0.850000 0.204167 0.832812 0.195833 0.817187 0.189583 0.800000 0.189583 0.792188 0.206250 0.787500 0.227083 0.782813 0.247917 0.776563 0.268750 0.770312 0.285417 0.768750 0.308333 0.779687 0.322917 0.789062 0.335417 0.801562 0.343750 0.814063 0.341667 0.820312 0.325000 0.828125 0.304167 0.832812 0.285417 0.842187 0.268750 0.850000 0.237500 0.854688 0.204167 0.845313 0.197917
3 0.751563 0.054167 0.732812 0.043750 0.718750 0.031250 0.707812 0.052083 0.703125 0.081250 0.698438 0.108333 0.695312 0.135417 0.695312 0.162500 0.687500 0.179167 0.670312 0.183333 0.670312 0.210417 0.687500 0.220833 0.709375 0.225000 0.728125 0.220833 0.728125 0.193750 0.715625 0.177083 0.718750 0.150000 0.739062 0.143750 0.742188 0.118750 0.746875 0.089583 0.748437 0.058333
3 0.539062 0.004167 0.525000 0.004167 0.510938 0.006250 0.503125 0.016667 0.498437 0.033333 0.493750 0.047917 0.490625 0.066667 0.490625 0.085417 0.496875 0.095833 0.509375 0.102083 0.520312 0.095833 0.529687 0.089583 0.531250 0.077083 0.523438 0.068750 0.515625 0.058333 0.520312 0.047917 0.529687 0.039583 0.539062 0.033333 0.548438 0.022917 0.548438 0.004167 0.535937 0.002083
7 0.854688 0.372917 0.845313 0.372917 0.832812 0.372917 0.821875 0.372917 0.812500 0.379167 0.804688 0.387500 0.801562 0.397917 0.795312 0.408333 0.792188 0.420833 0.793750 0.433333 0.804688 0.439583 0.812500 0.443750 0.817187 0.450000 0.825000 0.450000 0.832812 0.443750 0.837500 0.435417 0.845313 0.427083 0.851562 0.420833 0.857812 0.410417 0.859375 0.395833 0.854688 0.383333
7 0.901563 0.768750 0.890625 0.739583 0.870313 0.729167 0.845313 0.727083 0.828125 0.710417 0.807813 0.693750 0.790625 0.666667 0.767188 0.662500 0.746875 0.672917 0.735938 0.697917 0.726562 0.733333 0.723437 0.766667 0.743750 0.781250 0.770312 0.795833 0.792188 0.814583 0.817187 0.829167 0.845313 0.841667 0.864062 0.854167 0.875000 0.833333 0.889062 0.804167 0.896875 0.768750
7 0.271875 0.316667 0.229687 0.341667 0.201563 0.364583 0.176563 0.379167 0.154688 0.395833 0.156250 0.431250 0.159375 0.464583 0.173437 0.472917 0.192188 0.468750 0.210938 0.464583 0.229687 0.456250 0.240625 0.433333 0.245312 0.410417 0.262500 0.414583 0.279687 0.427083 0.303125 0.420833 0.307812 0.395833 0.306250 0.372917 0.293750 0.354167 0.281250 0.337500
7 0.250000 0.268750 0.235937 0.250000 0.220312 0.233333 0.196875 0.239583 0.179688 0.235417 0.170313 0.262500 0.165625 0.295833 0.173437 0.318750 0.190625 0.331250 0.212500 0.335417 0.235937 0.337500 0.256250 0.329167 0.275000 0.331250 0.287500 0.347917 0.307812 0.352083 0.310937 0.331250 0.303125 0.308333 0.298438 0.283333 0.281250 0.272917 0.259375 0.281250 0.243750 0.270833
