0 0.182812 0.347917 0.159375 0.341667 0.134375 0.339583 0.112500 0.335417 0.089063 0.331250 0.071875 0.335417 0.062500 0.352083 0.059375 0.383333 0.059375 0.412500 0.064062 0.435417 0.085938 0.435417 0.106250 0.433333 0.131250 0.439583 0.153125 0.447917 0.173437 0.452083 0.193750 0.454167 0.200000 0.433333 0.201563 0.408333 0.207813 0.385417 0.204687 0.360417 0.185938 0.347917
0 0.295312 0.339583 0.273438 0.337500 0.248438 0.337500 0.225000 0.335417 0.214062 0.352083 0.210938 0.377083 0.207813 0.408333 0.209375 0.437500 0.231250 0.439583 0.259375 0.437500 0.284375 0.431250 0.307812 0.439583 0.328125 0.445833 0.350000 0.445833 0.364063 0.425000 0.365625 0.391667 0.367188 0.364583 0.354687 0.345833 0.342187 0.333333 0.321875 0.331250 0.298438 0.331250
7 0.101562 0.468750 0.085938 0.468750 0.068750 0.470833 0.064062 0.481250 0.053125 0.481250 0.046875 0.468750 0.037500 0.460417 0.023438 0.464583 0.014063 0.472917 0.007812 0.489583 0.006250 0.508333 0.014063 0.520833 0.026562 0.520833 0.040625 0.522917 0.056250 0.525000 0.071875 0.525000 0.087500 0.525000 0.101562 0.520833 0.101562 0.506250 0.098437 0.487500 0.098437 0.468750
6 0.096875 0.004167 0.093750 0.027083 0.092188 0.039583 0.090625 0.054167 0.089063 0.072917 0.087500 0.089583 0.087500 0.102083 0.089063 0.114583 0.096875 0.116667 0.101562 0.110417 0.110937 0.106250 0.114062 0.095833 0.115625 0.083333 0.117188 0.072917 0.120313 0.062500 0.123438 0.050000 0.123438 0.035417 0.123438 0.020833 0.123438 0.010417 0.117188 0.004167 0.106250 0.004167 0.098437 0.002083
6 0.046875 0.527083 0.035937 0.564583 0.034375 0.614583 0.031250 0.666667 0.035937 0.722917 0.037500 0.779167 0.037500 0.837500 0.039062 0.889583 0.043750 0.941667 0.048438 1.000000 0.070312 0.979167 0.071875 0.931250 0.068750 0.881250 0.064062 0.835417 0.060937 0.787500 0.062500 0.737500 0.059375 0.689583 0.057813 0.639583 0.060937 0.583333 0.059375 0.537500 0.037500 0.533333
6 0.114062 0.287500 0.067187 0.308333 0.109375 0.327083 0.167187 0.325000 0.228125 0.320833 0.282813 0.322917 0.332813 0.322917 0.392188 0.325000 0.454688 0.325000 0.526563 0.327083 0.609375 0.327083 0.700000 0.327083 0.764062 0.327083 0.800000 0.295833 0.753125 0.285417 0.693750 0.285417 0.628125 0.279167 0.567187 0.283333 0.509375 0.281250 0.446875 0.279167
6 0.103125 0.500000 0.101562 0.502083 0.114062 0.533333 0.165625 0.537500 0.210938 0.537500 0.262500 0.541667 0.303125 0.545833 0.351562 0.543750 0.401562 0.543750 0.467187 0.543750 0.515625 0.543750 0.568750 0.537500 0.615625 0.537500 0.676562 0.543750 0.729688 0.533333 0.776563 0.527083 0.840625 0.533333 0.826562 0.500000 0.781250 0.504167 0.703125 0.504167 0.634375 0.502083
6 0.132812 0.106250 0.082812 0.122917 0.084375 0.122917 0.125000 0.141667 0.185938 0.135417 0.245312 0.131250 0.300000 0.125000 0.360938 0.122917 0.421875 0.125000 0.481250 0.129167 0.540625 0.131250 0.632812 0.131250 0.725000 0.139583 0.789062 0.145833 0.795312 0.104167 0.731250 0.104167 0.651563 0.097917 0.570312 0.089583 0.485938 0.087500 0.282813 0.091667 0.125000 0.100000
1 0.117188 0.008333 0.110937 0.008333 0.106250 0.008333 0.104688 0.012500 0.101562 0.018750 0.098437 0.025000 0.096875 0.029167 0.095312 0.035417 0.095312 0.041667 0.095312 0.045833 0.098437 0.050000 0.101562 0.052083 0.107813 0.052083 0.112500 0.052083 0.115625 0.050000 0.118750 0.045833 0.120313 0.041667 0.121875 0.033333 0.121875 0.027083 0.121875 0.020833 0.121875 0.014583 0.118750 0.010417
1 0.145313 0.110417 0.135937 0.110417 0.128125 0.112500 0.118750 0.112500 0.110937 0.112500 0.104688 0.112500 0.095312 0.114583 0.089063 0.118750 0.085938 0.125000 0.085938 0.133333 0.092188 0.133333 0.098437 0.133333 0.107813 0.133333 0.115625 0.131250 0.125000 0.131250 0.131250 0.131250 0.137500 0.131250 0.143750 0.133333 0.146875 0.129167 0.146875 0.118750
1 0.228125 0.114583 0.053125 0.025000
1 0.335156 0.109375 0.060937 0.031250
1 0.451562 0.105208 0.053125 0.031250
1 0.563281 0.112500 0.064062 0.037500
1 0.676562 0.115625 0.043750 0.027083
1 0.773438 0.122917 0.046875 0.025000
1 0.046094 0.636458 0.023438 0.072917
1 0.048438 0.793750 0.025000 0.087500
1 0.055469 0.946875 0.026562 0.064583
1 0.094531 0.313542 0.051562 0.027083
1 0.209375 0.301042 0.056250 0.027083
1 0.329688 0.302083 0.062500 0.033333
1 0.432031 0.298958 0.042188 0.035417
1 0.517969 0.298958 0.035937 0.027083
1 0.617188 0.302083 0.053125 0.033333
1 0.729688 0.302083 0.065625 0.029167
1 0.811719 0.516667 0.042188 0.025000
1 0.700781 0.519792 0.057813 0.031250
1 0.593750 0.526042 0.056250 0.031250
1 0.478906 0.523958 0.057813 0.039583
1 0.346875 0.517708 0.068750 0.027083
1 0.228906 0.519792 0.057813 0.031250
1 0.131250 0.504167 0.128125 0.504167 0.123438 0.504167 0.118750 0.504167 0.114062 0.502083 0.110937 0.502083 0.107813 0.504167 0.107813 0.508333 0.107813 0.512500 0.107813 0.518750 0.110937 0.520833 0.110937 0.525000 0.114062 0.529167 0.115625 0.531250 0.118750 0.533333 0.123438 0.533333 0.126562 0.533333 0.128125 0.527083 0.131250 0.525000 0.131250 0.518750 0.132812 0.514583 0.132812 0.508333
2 0.031250 0.593750 0.039062 0.593750 0.045312 0.593750 0.053125 0.593750 0.059375 0.593750 0.062500 0.585417 0.062500 0.577083 0.062500 0.568750 0.062500 0.560417 0.059375 0.550000 0.059375 0.543750 0.056250 0.537500 0.050000 0.537500 0.046875 0.541667 0.045312 0.545833 0.043750 0.554167 0.042188 0.560417 0.040625 0.566667 0.039062 0.572917 0.037500 0.581250 0.035937 0.589583 0.034375 0.593750
2 0.046094 0.714583 0.023438 0.070833
2 0.053125 0.877083 0.031250 0.070833
2 0.065625 0.983333 0.064062 0.983333 0.062500 0.983333 0.059375 0.983333 0.059375 0.983333 0.056250 0.981250 0.056250 0.981250 0.053125 0.981250 0.051562 0.981250 0.051562 0.985417 0.051562 0.985417 0.050000 0.987500 0.050000 0.989583 0.050000 0.993750 0.050000 0.993750 0.051562 0.997917 0.051562 1.000000 0.053125 1.000000 0.056250 1.000000 0.056250 1.000000 0.059375 1.000000 0.059375 1.000000 0.062500 1.000000 0.062500 0.997917 0.064062 0.995833 0.064062 0.993750 0.064062 0.993750 0.064062 0.989583 0.064062 0.987500 0.065625 0.987500
2 0.112500 0.058333 0.104688 0.056250 0.100000 0.054167 0.093750 0.054167 0.090625 0.058333 0.085938 0.072917 0.085938 0.079167 0.085938 0.087500 0.087500 0.097917 0.089063 0.106250 0.089063 0.110417 0.095312 0.110417 0.098437 0.106250 0.101562 0.102083 0.106250 0.095833 0.109375 0.089583 0.110937 0.083333 0.110937 0.075000 0.110937 0.066667 0.110937 0.058333 0.110937 0.054167 0.104688 0.052083
2 0.176563 0.118750 0.053125 0.025000
2 0.278125 0.109375 0.050000 0.022917
2 0.395313 0.107292 0.062500 0.027083
2 0.503906 0.106250 0.051562 0.025000
2 0.625781 0.114583 0.057813 0.033333
2 0.725000 0.119792 0.050000 0.027083
2 0.150000 0.306250 0.059375 0.029167
2 0.267188 0.303125 0.056250 0.027083
2 0.385937 0.302083 0.050000 0.029167
2 0.474219 0.297917 0.042188 0.033333
2 0.561719 0.300000 0.054688 0.033333
2 0.669531 0.301042 0.048438 0.031250
2 0.778906 0.302083 0.032813 0.029167
2 0.761719 0.514583 0.057813 0.029167
2 0.645312 0.525000 0.046875 0.029167
2 0.536719 0.521875 0.057813 0.035417
2 0.417187 0.520833 0.068750 0.033333
2 0.284375 0.517708 0.050000 0.027083
2 0.166406 0.517708 0.060937 0.035417
