8 0.360938 0.839583 0.379688 0.833333 0.389062 0.816667 0.384375 0.791667 0.376563 0.764583 0.376563 0.739583 0.376563 0.714583 0.376563 0.689583 0.368750 0.666667 0.353125 0.662500 0.332813 0.662500 0.320312 0.677083 0.317188 0.697917 0.320312 0.720833 0.326562 0.741667 0.328125 0.764583 0.328125 0.791667 0.328125 0.816667 0.334375 0.835417 0.350000 0.841667 0.368750 0.841667
8 0.095312 0.347917 0.095312 0.375000 0.095312 0.402083 0.100000 0.418750 0.118750 0.420833 0.137500 0.420833 0.159375 0.420833 0.178125 0.420833 0.198437 0.420833 0.214062 0.416667 0.214062 0.389583 0.217188 0.368750 0.223438 0.352083 0.214062 0.335417 0.193750 0.337500 0.171875 0.341667 0.153125 0.341667 0.134375 0.339583 0.115625 0.335417 0.096875 0.339583 0.095312 0.362500
4 0.557813 0.318750 0.543750 0.325000 0.525000 0.331250 0.506250 0.341667 0.493750 0.347917 0.482812 0.354167 0.485938 0.379167 0.489063 0.395833 0.495312 0.414583 0.500000 0.433333 0.507812 0.443750 0.521875 0.443750 0.534375 0.439583 0.548438 0.433333 0.564063 0.425000 0.576562 0.414583 0.581250 0.402083 0.575000 0.385417 0.570312 0.368750 0.565625 0.352083 0.564063 0.335417 0.559375 0.316667
4 0.336719 0.264583 0.089063 0.108333
4 0.428125 0.500000 0.412500 0.504167 0.398438 0.506250 0.382812 0.510417 0.368750 0.512500 0.354687 0.518750 0.348438 0.537500 0.350000 0.558333 0.353125 0.577083 0.359375 0.597917 0.362500 0.618750 0.375000 0.620833 0.389062 0.618750 0.403125 0.612500 0.418750 0.608333 0.434375 0.604167 0.437500 0.589583 0.434375 0.566667 0.431250 0.547917 0.428125 0.522917 0.426563 0.504167
4 0.255469 0.405208 0.082812 0.106250
7 0.556250 0.535417 0.542188 0.535417 0.526563 0.535417 0.523438 0.552083 0.523438 0.570833 0.520312 0.591667 0.531250 0.595833 0.542188 0.602083 0.553125 0.608333 0.568750 0.608333 0.570312 0.589583 0.584375 0.585417 0.601562 0.585417 0.610938 0.575000 0.604688 0.560417 0.600000 0.543750 0.593750 0.533333 0.579688 0.537500 0.571875 0.547917 0.565625 0.562500 0.560937 0.552083 0.556250 0.537500
7 0.229687 0.150000 0.214062 0.150000 0.200000 0.152083 0.204687 0.164583 0.204687 0.183333 0.201563 0.202083 0.200000 0.220833 0.203125 0.239583 0.209375 0.254167 0.215625 0.270833 0.226562 0.275000 0.235937 0.264583 0.245312 0.258333 0.246875 0.239583 0.239063 0.227083 0.228125 0.222917 0.221875 0.214583 0.220312 0.195833 0.231250 0.195833 0.235937 0.179167 0.234375 0.160417
7 0.168750 0.258333 0.150000 0.258333 0.135937 0.262500 0.121875 0.268750 0.125000 0.283333 0.128125 0.300000 0.135937 0.312500 0.150000 0.314583 0.160938 0.310417 0.167187 0.293750 0.171875 0.281250 0.176563 0.295833 0.185938 0.306250 0.200000 0.308333 0.210938 0.302083 0.212500 0.281250 0.214062 0.264583 0.204687 0.258333 0.190625 0.254167 0.176563 0.252083 0.162500 0.254167
7 0.300000 0.643750 0.287500 0.639583 0.279687 0.627083 0.270313 0.625000 0.267188 0.643750 0.262500 0.662500 0.260937 0.683333 0.259375 0.704167 0.259375 0.722917 0.262500 0.739583 0.271875 0.750000 0.284375 0.745833 0.298438 0.750000 0.307812 0.739583 0.307812 0.720833 0.300000 0.706250 0.287500 0.700000 0.279687 0.687500 0.293750 0.683333 0.303125 0.677083 0.303125 0.656250
7 0.053125 0.760417 0.018750 0.777083 0.012500 0.800000 0.006250 0.829167 0.026562 0.847917 0.037500 0.881250 0.051562 0.902083 0.084375 0.895833 0.121875 0.868750 0.159375 0.841667 0.184375 0.818750 0.201563 0.793750 0.193750 0.760417 0.176563 0.727083 0.154688 0.697917 0.134375 0.679167 0.115625 0.693750 0.098437 0.718750 0.076563 0.733333 0.054688 0.752083 0.032813 0.768750
7 0.201563 0.797917 0.182812 0.814583 0.160938 0.839583 0.140625 0.860417 0.123438 0.885417 0.109375 0.902083 0.106250 0.929167 0.123438 0.941667 0.139063 0.966667 0.157812 0.987500 0.176563 0.995833 0.196875 0.983333 0.214062 0.958333 0.232813 0.937500 0.256250 0.912500 0.267188 0.889583 0.265625 0.866667 0.246875 0.850000 0.226562 0.833333 0.209375 0.818750 0.193750 0.804167
