0 0.365625 0.366667 0.115625 0.095833
0 0.207813 0.037500 0.195312 0.033333 0.182812 0.031250 0.171875 0.029167 0.162500 0.033333 0.153125 0.037500 0.150000 0.050000 0.153125 0.072917 0.156250 0.085417 0.159375 0.102083 0.162500 0.114583 0.165625 0.127083 0.170313 0.139583 0.176563 0.147917 0.184375 0.152083 0.193750 0.150000 0.201563 0.133333 0.207813 0.112500 0.210938 0.091667 0.212500 0.075000 0.212500 0.054167 0.212500 0.039583
0 0.050000 0.245833 0.034375 0.239583 0.026562 0.239583 0.018750 0.239583 0.010937 0.239583 0.003125 0.239583 0.001563 0.245833 0.001563 0.258333 0.000000 0.266667 0.000000 0.275000 0.000000 0.285417 0.000000 0.295833 0.004687 0.300000 0.014063 0.300000 0.021875 0.300000 0.031250 0.300000 0.039062 0.300000 0.048438 0.300000 0.053125 0.295833 0.053125 0.268750 0.053125 0.258333 0.053125 0.247917
0 0.107813 0.500000 0.079687 0.489583 0.059375 0.497917 0.046875 0.510417 0.043750 0.531250 0.042188 0.552083 0.039062 0.572917 0.035937 0.593750 0.031250 0.612500 0.026562 0.633333 0.031250 0.652083 0.040625 0.664583 0.059375 0.664583 0.079687 0.660417 0.100000 0.656250 0.101562 0.637500 0.095312 0.612500 0.095312 0.583333 0.100000 0.552083 0.106250 0.520833 0.109375 0.500000
7 0.292187 0.439583 0.075000 0.062500
7 0.034375 0.433333 0.023438 0.443750 0.017188 0.454167 0.012500 0.468750 0.004687 0.485417 0.000000 0.504167 0.000000 0.518750 0.001563 0.533333 0.004687 0.545833 0.009375 0.558333 0.018750 0.550000 0.031250 0.537500 0.039062 0.527083 0.046875 0.512500 0.054688 0.500000 0.059375 0.487500 0.062500 0.470833 0.056250 0.458333 0.046875 0.447917 0.039062 0.441667 0.031250 0.433333
7 0.096875 0.087500 0.093750 0.100000 0.090625 0.110417 0.087500 0.120833 0.085938 0.131250 0.085938 0.141667 0.084375 0.154167 0.085938 0.162500 0.089063 0.170833 0.098437 0.175000 0.106250 0.175000 0.107813 0.166667 0.110937 0.154167 0.114062 0.145833 0.117188 0.135417 0.118750 0.125000 0.118750 0.112500 0.118750 0.102083 0.118750 0.089583 0.117188 0.083333 0.107813 0.081250 0.100000 0.081250
7 0.071875 0.150000 0.059375 0.150000 0.050000 0.150000 0.043750 0.150000 0.037500 0.150000 0.043750 0.150000 0.050000 0.160417 0.056250 0.172917 0.059375 0.179167 0.060937 0.183333 0.064062 0.189583 0.067187 0.193750 0.071875 0.191667 0.076563 0.189583 0.081250 0.187500 0.085938 0.183333 0.085938 0.172917 0.084375 0.164583 0.079687 0.154167 0.075000 0.147917 0.071875 0.145833
6 0.641406 0.161458 0.632812 0.031250
6 0.614844 0.310417 0.632812 0.029167
6 0.498437 0.458333 0.364063 0.460417 0.304688 0.477083 0.364063 0.485417 0.429688 0.485417 0.485938 0.489583 0.557813 0.493750 0.629687 0.502083 0.721875 0.500000 0.764062 0.504167 0.843750 0.506250 0.923438 0.502083 1.000000 0.495833 0.954688 0.477083 0.892188 0.472917 0.835938 0.470833 0.776563 0.466667 0.706250 0.472917 0.642188 0.464583 0.565625 0.454167 0.496875 0.460417
6 0.153125 0.002083 0.150000 0.010417 0.148438 0.016667 0.146875 0.020833 0.143750 0.027083 0.140625 0.033333 0.137500 0.037500 0.135937 0.043750 0.135937 0.052083 0.137500 0.058333 0.143750 0.056250 0.145313 0.050000 0.150000 0.045833 0.153125 0.037500 0.156250 0.033333 0.160938 0.027083 0.164062 0.020833 0.170313 0.014583 0.173437 0.008333 0.168750 0.004167 0.164062 0.000000 0.157812 0.000000
6 0.120313 0.133333 0.114062 0.139583 0.110937 0.147917 0.106250 0.154167 0.103125 0.158333 0.100000 0.162500 0.098437 0.170833 0.095312 0.179167 0.095312 0.185417 0.098437 0.193750 0.101562 0.197917 0.107813 0.197917 0.115625 0.195833 0.120313 0.193750 0.125000 0.175000 0.129688 0.156250 0.131250 0.147917 0.131250 0.139583 0.131250 0.131250 0.128125 0.125000 0.128125 0.116667
6 0.240625 0.002083 0.239063 0.020833 0.231250 0.035417 0.225000 0.050000 0.218750 0.060417 0.212500 0.081250 0.210938 0.097917 0.210938 0.114583 0.207813 0.133333 0.203125 0.150000 0.204687 0.154167 0.212500 0.143750 0.220312 0.120833 0.229687 0.100000 0.237500 0.083333 0.242188 0.068750 0.248438 0.052083 0.250000 0.035417 0.253125 0.016667 0.253125 0.000000
6 0.356250 0.004167 0.348438 0.016667 0.346875 0.033333 0.346875 0.050000 0.342187 0.072917 0.339062 0.089583 0.334375 0.110417 0.329688 0.125000 0.326562 0.137500 0.326562 0.156250 0.331250 0.158333 0.337500 0.141667 0.343750 0.129167 0.350000 0.112500 0.357812 0.097917 0.362500 0.085417 0.362500 0.070833 0.364063 0.052083 0.367188 0.035417 0.370312 0.018750 0.367188 0.004167 0.357812 0.000000
6 0.046875 0.304167 0.034375 0.304167 0.026562 0.304167 0.017188 0.302083 0.009375 0.302083 0.000000 0.302083 0.000000 0.304167 0.000000 0.314583 0.000000 0.322917 0.001563 0.331250 0.007812 0.327083 0.014063 0.325000 0.023438 0.322917 0.031250 0.322917 0.039062 0.322917 0.046875 0.322917 0.053125 0.320833 0.056250 0.314583 0.053125 0.304167 0.046875 0.300000 0.040625 0.297917
6 0.034375 0.210417 0.026562 0.210417 0.021875 0.210417 0.017188 0.210417 0.014063 0.212500 0.010937 0.212500 0.004687 0.214583 0.001563 0.214583 0.001563 0.220833 0.001563 0.227083 0.001563 0.231250 0.003125 0.235417 0.006250 0.235417 0.010937 0.235417 0.017188 0.235417 0.023438 0.231250 0.028125 0.229167 0.032813 0.229167 0.037500 0.229167 0.037500 0.225000 0.034375 0.218750 0.034375 0.212500 0.031250 0.210417
6 0.150000 0.510417 0.134375 0.504167 0.121875 0.537500 0.123438 0.589583 0.110937 0.641667 0.103125 0.695833 0.100000 0.752083 0.098437 0.802083 0.093750 0.862500 0.089063 0.908333 0.087500 0.964583 0.104688 0.993750 0.114062 0.945833 0.118750 0.891667 0.123438 0.841667 0.128125 0.779167 0.129688 0.731250 0.135937 0.675000 0.140625 0.610417 0.145313 0.552083 0.153125 0.493750
6 0.285938 0.489583 0.262500 0.504167 0.256250 0.550000 0.253125 0.606250 0.246875 0.656250 0.243750 0.714583 0.239063 0.766667 0.235937 0.814583 0.229687 0.864583 0.221875 0.916667 0.217188 0.970833 0.232813 1.000000 0.245312 0.956250 0.250000 0.897917 0.256250 0.839583 0.262500 0.781250 0.262500 0.720833 0.267188 0.675000 0.270313 0.618750 0.279687 0.550000 0.285938 0.500000
6 0.037500 0.533333 0.017188 0.566667 0.014063 0.593750 0.007812 0.620833 0.001563 0.650000 0.000000 0.677083 -0.001563 0.714583 -0.001563 0.747917 0.001563 0.777083 0.000000 0.802083 0.000000 0.856250 0.001563 0.904167 0.007812 0.831250 0.009375 0.783333 0.014063 0.743750 0.020313 0.706250 0.023438 0.672917 0.026562 0.641667 0.034375 0.600000 0.043750 0.543750 0.043750 0.512500
1 0.357031 0.156250 0.064062 0.025000
1 0.479687 0.141667 0.473438 0.141667 0.467187 0.141667 0.460938 0.141667 0.456250 0.141667 0.451562 0.143750 0.446875 0.145833 0.443750 0.145833 0.440625 0.150000 0.435937 0.156250 0.435937 0.162500 0.439063 0.166667 0.445312 0.166667 0.450000 0.166667 0.456250 0.166667 0.460938 0.166667 0.465625 0.166667 0.470313 0.166667 0.476562 0.166667 0.479687 0.162500 0.479687 0.156250 0.479687 0.150000 0.479687 0.141667
1 0.573438 0.141667 0.560937 0.141667 0.556250 0.141667 0.550000 0.141667 0.540625 0.141667 0.535937 0.141667 0.529687 0.141667 0.525000 0.145833 0.523438 0.152083 0.526563 0.156250 0.531250 0.158333 0.535937 0.158333 0.543750 0.160417 0.548438 0.160417 0.554688 0.162500 0.560937 0.162500 0.565625 0.162500 0.571875 0.162500 0.576562 0.158333 0.578125 0.154167 0.575000 0.147917 0.573438 0.141667
1 0.670312 0.145833 0.662500 0.145833 0.654687 0.145833 0.648438 0.145833 0.642188 0.145833 0.635938 0.145833 0.629687 0.145833 0.625000 0.150000 0.623437 0.154167 0.625000 0.160417 0.631250 0.162500 0.637500 0.162500 0.645312 0.162500 0.650000 0.162500 0.657813 0.162500 0.664062 0.162500 0.670312 0.162500 0.676562 0.162500 0.675000 0.156250 0.673438 0.150000 0.670312 0.145833
1 0.771875 0.143750 0.764062 0.143750 0.754687 0.143750 0.748437 0.143750 0.742188 0.143750 0.739062 0.143750 0.732812 0.143750 0.729688 0.145833 0.729688 0.152083 0.728125 0.158333 0.731250 0.162500 0.735938 0.164583 0.742188 0.166667 0.746875 0.166667 0.753125 0.168750 0.760938 0.168750 0.767188 0.170833 0.771875 0.170833 0.771875 0.166667 0.771875 0.158333 0.771875 0.150000 0.770312 0.145833
1 0.862500 0.154167 0.857812 0.154167 0.851562 0.154167 0.846875 0.154167 0.842187 0.154167 0.837500 0.154167 0.832812 0.154167 0.829688 0.154167 0.829688 0.162500 0.829688 0.166667 0.829688 0.172917 0.832812 0.175000 0.839063 0.175000 0.842187 0.175000 0.848437 0.175000 0.856250 0.175000 0.860938 0.175000 0.864062 0.175000 0.864062 0.168750 0.864062 0.162500 0.864062 0.158333 0.864062 0.152083
1 0.951562 0.158333 0.942187 0.158333 0.935937 0.158333 0.929688 0.158333 0.920312 0.158333 0.915625 0.158333 0.909375 0.158333 0.909375 0.164583 0.910937 0.170833 0.910937 0.179167 0.915625 0.181250 0.923438 0.181250 0.928125 0.183333 0.932813 0.183333 0.939063 0.183333 0.945312 0.183333 0.950000 0.183333 0.953125 0.179167 0.953125 0.170833 0.951562 0.162500 0.950000 0.154167
1 0.926562 0.304167 0.918750 0.304167 0.912500 0.302083 0.906250 0.302083 0.898438 0.302083 0.893750 0.302083 0.884375 0.302083 0.875000 0.302083 0.868750 0.302083 0.870313 0.314583 0.871875 0.318750 0.873437 0.325000 0.878125 0.327083 0.884375 0.329167 0.893750 0.329167 0.903125 0.329167 0.907813 0.329167 0.915625 0.327083 0.923438 0.327083 0.926562 0.325000 0.926562 0.314583 0.926562 0.306250 0.926562 0.300000
1 0.981250 0.481250 0.976562 0.481250 0.973437 0.481250 0.970313 0.481250 0.967187 0.481250 0.964063 0.481250 0.960938 0.481250 0.959375 0.483333 0.957812 0.487500 0.957812 0.489583 0.957812 0.493750 0.957812 0.497917 0.957812 0.500000 0.959375 0.502083 0.960938 0.502083 0.964063 0.502083 0.968750 0.502083 0.971875 0.502083 0.975000 0.500000 0.978125 0.500000 0.981250 0.500000 0.981250 0.497917 0.981250 0.493750 0.981250 0.489583 0.981250 0.487500 0.979688 0.485417 0.979688 0.481250
1 0.879687 0.488542 0.050000 0.027083
1 0.782031 0.489583 0.045312 0.025000
1 0.679688 0.486458 0.053125 0.031250
1 0.555469 0.482292 0.060937 0.035417
1 0.449219 0.473958 0.045312 0.027083
1 0.378125 0.476042 0.059375 0.027083
1 0.544531 0.301042 0.051562 0.031250
1 0.634375 0.298958 0.037500 0.022917
1 0.710938 0.304167 0.028125 0.025000
1 0.797656 0.306250 0.048438 0.029167
1 0.442969 0.297917 0.032813 0.029167
1 0.329688 0.298958 0.050000 0.022917
1 0.364063 0.066667 0.359375 0.066667 0.356250 0.066667 0.353125 0.066667 0.348438 0.066667 0.343750 0.068750 0.339062 0.068750 0.337500 0.070833 0.334375 0.072917 0.331250 0.075000 0.329688 0.077083 0.329688 0.083333 0.329688 0.087500 0.331250 0.089583 0.334375 0.091667 0.337500 0.093750 0.345313 0.093750 0.350000 0.093750 0.353125 0.093750 0.356250 0.093750 0.357812 0.089583 0.357812 0.083333 0.357812 0.077083 0.357812 0.072917 0.357812 0.068750
1 0.362500 0.004167 0.359375 0.004167 0.356250 0.008333 0.354687 0.010417 0.353125 0.012500 0.351562 0.014583 0.351562 0.016667 0.351562 0.020833 0.351562 0.025000 0.353125 0.027083 0.354687 0.029167 0.356250 0.029167 0.359375 0.031250 0.360938 0.031250 0.364063 0.029167 0.365625 0.029167 0.367188 0.027083 0.367188 0.022917 0.368750 0.016667 0.368750 0.014583 0.368750 0.010417 0.367188 0.008333 0.367188 0.006250 0.365625 0.004167
1 0.243750 0.058333 0.232813 0.070833 0.228125 0.072917 0.221875 0.072917 0.218750 0.072917 0.215625 0.075000 0.215625 0.081250 0.218750 0.083333 0.223438 0.083333 0.228125 0.083333 0.231250 0.083333 0.234375 0.081250 0.237500 0.072917 0.237500 0.066667 0.239063 0.056250 0.239063 0.050000 0.234375 0.050000 0.231250 0.052083 0.228125 0.054167 0.225000 0.056250 0.225000 0.060417
1 0.156250 0.027083 0.153125 0.029167 0.153125 0.031250 0.150000 0.031250 0.148438 0.033333 0.146875 0.033333 0.143750 0.035417 0.143750 0.037500 0.142187 0.041667 0.142187 0.045833 0.140625 0.050000 0.140625 0.054167 0.143750 0.054167 0.145313 0.054167 0.146875 0.052083 0.148438 0.050000 0.151562 0.050000 0.153125 0.047917 0.153125 0.045833 0.154688 0.041667 0.156250 0.037500 0.156250 0.035417 0.156250 0.033333 0.156250 0.029167
1 0.096875 0.202083 0.090625 0.202083 0.084375 0.202083 0.079687 0.202083 0.073438 0.202083 0.068750 0.202083 0.067187 0.204167 0.065625 0.208333 0.064062 0.214583 0.065625 0.218750 0.065625 0.222917 0.070312 0.222917 0.075000 0.225000 0.079687 0.225000 0.084375 0.222917 0.087500 0.222917 0.090625 0.218750 0.093750 0.216667 0.098437 0.212500 0.101562 0.212500 0.103125 0.210417 0.103125 0.204167
1 0.031250 0.212500 0.025000 0.212500 0.021875 0.212500 0.017188 0.212500 0.010937 0.212500 0.007812 0.212500 0.004687 0.212500 0.001563 0.214583 0.001563 0.218750 0.000000 0.222917 0.000000 0.227083 0.001563 0.231250 0.003125 0.235417 0.004687 0.239583 0.009375 0.239583 0.014063 0.237500 0.018750 0.235417 0.023438 0.231250 0.026562 0.229167 0.031250 0.227083 0.034375 0.227083 0.034375 0.222917 0.034375 0.212500 0.034375 0.206250
1 0.054688 0.314583 0.050000 0.314583 0.046875 0.312500 0.039062 0.310417 0.035937 0.308333 0.034375 0.308333 0.029687 0.308333 0.026562 0.304167 0.025000 0.306250 0.021875 0.310417 0.020313 0.314583 0.018750 0.318750 0.020313 0.325000 0.021875 0.329167 0.023438 0.331250 0.028125 0.331250 0.031250 0.327083 0.034375 0.327083 0.037500 0.325000 0.043750 0.320833 0.048438 0.318750 0.051562 0.318750 0.053125 0.318750
1 0.279687 0.537500 0.273438 0.537500 0.267188 0.537500 0.262500 0.537500 0.257812 0.541667 0.256250 0.550000 0.254688 0.558333 0.253125 0.564583 0.250000 0.572917 0.248438 0.583333 0.248438 0.589583 0.250000 0.595833 0.253125 0.600000 0.259375 0.600000 0.265625 0.600000 0.270313 0.597917 0.273438 0.589583 0.275000 0.583333 0.276562 0.572917 0.278125 0.564583 0.279687 0.556250 0.279687 0.550000 0.279687 0.541667
1 0.267188 0.668750 0.259375 0.668750 0.251563 0.668750 0.245312 0.668750 0.245312 0.679167 0.245312 0.687500 0.243750 0.697917 0.242188 0.706250 0.240625 0.714583 0.240625 0.722917 0.239063 0.733333 0.240625 0.739583 0.243750 0.743750 0.251563 0.745833 0.257812 0.745833 0.260937 0.739583 0.262500 0.729167 0.262500 0.718750 0.264062 0.710417 0.265625 0.697917 0.265625 0.687500 0.265625 0.679167 0.264062 0.666667
1 0.256250 0.827083 0.248438 0.825000 0.240625 0.822917 0.237500 0.818750 0.237500 0.825000 0.237500 0.831250 0.232813 0.845833 0.231250 0.852083 0.228125 0.860417 0.228125 0.868750 0.228125 0.879167 0.229687 0.885417 0.234375 0.889583 0.240625 0.893750 0.248438 0.893750 0.250000 0.887500 0.253125 0.875000 0.256250 0.864583 0.256250 0.854167 0.256250 0.843750 0.256250 0.835417
1 0.240625 0.981250 0.234375 0.977083 0.231250 0.977083 0.228125 0.977083 0.225000 0.977083 0.221875 0.977083 0.221875 0.981250 0.220312 0.985417 0.220312 0.989583 0.220312 0.993750 0.220312 1.000000 0.221875 1.000000 0.225000 0.997917 0.228125 0.997917 0.231250 0.997917 0.232813 0.995833 0.234375 0.993750 0.237500 0.989583 0.237500 0.985417 0.237500 0.981250
1 0.107813 0.922917 0.101562 0.920833 0.093750 0.920833 0.089063 0.922917 0.087500 0.943750 0.085938 0.954167 0.085938 0.964583 0.084375 0.970833 0.084375 0.979167 0.082812 0.987500 0.087500 0.989583 0.093750 0.989583 0.100000 0.989583 0.101562 0.985417 0.101562 0.972917 0.101562 0.962500 0.101562 0.954167 0.101562 0.945833 0.103125 0.933333 0.104688 0.927083 0.106250 0.920833
1 0.120313 0.775000 0.110937 0.770833 0.104688 0.770833 0.101562 0.785417 0.101562 0.793750 0.100000 0.802083 0.098437 0.812500 0.096875 0.822917 0.096875 0.831250 0.095312 0.841667 0.093750 0.850000 0.096875 0.856250 0.101562 0.858333 0.107813 0.860417 0.114062 0.860417 0.118750 0.856250 0.128125 0.831250 0.129688 0.816667 0.129688 0.804167 0.126562 0.797917 0.123438 0.789583 0.118750 0.779167
1 0.128125 0.639583 0.121875 0.639583 0.115625 0.639583 0.110937 0.641667 0.110937 0.650000 0.110937 0.658333 0.110937 0.666667 0.110937 0.675000 0.110937 0.683333 0.107813 0.689583 0.107813 0.697917 0.109375 0.704167 0.114062 0.706250 0.120313 0.706250 0.125000 0.704167 0.128125 0.693750 0.128125 0.683333 0.131250 0.675000 0.131250 0.666667 0.134375 0.656250 0.134375 0.647917 0.134375 0.639583
1 0.146875 0.502083 0.140625 0.500000 0.134375 0.502083 0.134375 0.512500 0.132812 0.522917 0.131250 0.529167 0.129688 0.537500 0.126562 0.547917 0.125000 0.554167 0.123438 0.564583 0.125000 0.570833 0.129688 0.575000 0.132812 0.572917 0.139063 0.572917 0.142187 0.566667 0.148438 0.550000 0.151562 0.537500 0.151562 0.529167 0.151562 0.516667 0.151562 0.506250
1 0.040625 0.520833 0.037500 0.525000 0.034375 0.527083 0.031250 0.529167 0.031250 0.533333 0.028125 0.533333 0.026562 0.537500 0.025000 0.541667 0.023438 0.545833 0.021875 0.552083 0.021875 0.554167 0.021875 0.560417 0.021875 0.564583 0.026562 0.566667 0.031250 0.566667 0.034375 0.566667 0.037500 0.566667 0.039062 0.564583 0.040625 0.552083 0.042188 0.543750 0.042188 0.539583 0.042188 0.535417 0.042188 0.531250 0.042188 0.527083
1 0.025000 0.645833 0.020313 0.645833 0.014063 0.645833 0.009375 0.645833 0.007812 0.650000 0.006250 0.658333 0.004687 0.662500 0.001563 0.675000 0.001563 0.681250 0.000000 0.689583 0.000000 0.693750 0.000000 0.702083 0.001563 0.706250 0.007812 0.712500 0.010937 0.712500 0.012500 0.706250 0.017188 0.693750 0.021875 0.677083 0.021875 0.670833 0.021875 0.658333 0.020313 0.650000 0.020313 0.641667
1 0.007812 0.756250 0.004687 0.756250 0.001563 0.758333 0.001563 0.762500 0.003125 0.764583 0.004687 0.770833 0.004687 0.779167 0.004687 0.785417 0.004687 0.789583 0.004687 0.793750 0.004687 0.800000 0.004687 0.808333 0.004687 0.814583 0.004687 0.816667 0.004687 0.812500 0.003125 0.812500 0.004687 0.800000 0.009375 0.777083 0.009375 0.768750 0.007812 0.762500 0.007812 0.758333 0.006250 0.752083 0.006250 0.750000
2 0.932031 0.485417 0.051562 0.025000
2 0.832031 0.488542 0.045312 0.027083
2 0.733594 0.483333 0.054688 0.029167
2 0.618750 0.480208 0.065625 0.031250
2 0.496875 0.476042 0.053125 0.031250
2 0.414844 0.475000 0.032813 0.029167
2 0.391406 0.300000 0.073438 0.033333
2 0.490625 0.295833 0.059375 0.033333
2 0.594531 0.297917 0.048438 0.029167
2 0.676562 0.306250 0.043750 0.037500
2 0.753906 0.303125 0.048438 0.022917
2 0.844531 0.304167 0.051562 0.033333
2 0.886719 0.163542 0.042188 0.031250
2 0.800781 0.160417 0.057813 0.029167
2 0.700000 0.151042 0.046875 0.027083
2 0.600781 0.153125 0.048438 0.031250
2 0.504687 0.153125 0.043750 0.022917
2 0.414062 0.158333 0.050000 0.029167
2 0.354687 0.104167 0.350000 0.102083 0.345313 0.100000 0.340625 0.097917 0.335938 0.100000 0.334375 0.102083 0.331250 0.104167 0.328125 0.106250 0.325000 0.110417 0.321875 0.129167 0.321875 0.135417 0.321875 0.139583 0.326562 0.139583 0.331250 0.139583 0.335938 0.137500 0.342187 0.133333 0.345313 0.133333 0.350000 0.122917 0.350000 0.118750 0.350000 0.114583 0.353125 0.110417 0.353125 0.106250
2 0.367188 0.029167 0.356250 0.029167 0.353125 0.029167 0.348438 0.031250 0.345313 0.033333 0.342187 0.033333 0.342187 0.037500 0.340625 0.041667 0.340625 0.043750 0.340625 0.047917 0.342187 0.050000 0.343750 0.054167 0.345313 0.054167 0.346875 0.056250 0.351562 0.056250 0.356250 0.054167 0.359375 0.054167 0.364063 0.052083 0.367188 0.045833 0.367188 0.043750 0.368750 0.041667 0.368750 0.037500 0.367188 0.033333 0.365625 0.029167 0.364063 0.027083
2 0.234375 0.087500 0.228125 0.087500 0.220312 0.087500 0.215625 0.087500 0.212500 0.089583 0.210938 0.091667 0.209375 0.100000 0.207813 0.102083 0.207813 0.106250 0.206250 0.116667 0.204687 0.122917 0.204687 0.125000 0.207813 0.129167 0.209375 0.131250 0.212500 0.131250 0.215625 0.129167 0.228125 0.116667 0.237500 0.104167 0.240625 0.100000 0.239063 0.093750 0.234375 0.085417 0.232813 0.081250 0.229687 0.081250
2 0.253125 0.025000 0.253125 0.025000 0.237500 0.027083 0.235937 0.029167 0.232813 0.029167 0.229687 0.031250 0.228125 0.033333 0.228125 0.033333 0.228125 0.035417 0.228125 0.041667 0.228125 0.043750 0.229687 0.045833 0.231250 0.050000 0.232813 0.050000 0.234375 0.052083 0.237500 0.054167 0.240625 0.054167 0.243750 0.050000 0.246875 0.050000 0.248438 0.050000 0.250000 0.045833 0.251563 0.039583 0.253125 0.037500 0.253125 0.033333 0.253125 0.027083 0.253125 0.022917 0.253125 0.020833
2 0.162500 0.000000 0.156250 0.000000 0.154688 0.002083 0.151562 0.004167 0.150000 0.004167 0.148438 0.008333 0.148438 0.014583 0.148438 0.018750 0.148438 0.022917 0.150000 0.027083 0.153125 0.029167 0.156250 0.029167 0.160938 0.027083 0.165625 0.020833 0.168750 0.018750 0.170313 0.016667 0.170313 0.012500 0.168750 0.008333 0.168750 0.004167 0.165625 0.004167 0.165625 0.000000
2 0.128125 0.125000 0.125000 0.125000 0.120313 0.131250 0.118750 0.133333 0.117188 0.137500 0.117188 0.139583 0.114062 0.141667 0.114062 0.145833 0.114062 0.145833 0.110937 0.150000 0.110937 0.154167 0.110937 0.156250 0.110937 0.158333 0.110937 0.162500 0.115625 0.162500 0.120313 0.160417 0.121875 0.160417 0.125000 0.158333 0.125000 0.158333 0.128125 0.156250 0.128125 0.152083 0.128125 0.145833 0.128125 0.141667 0.128125 0.135417 0.128125 0.133333 0.128125 0.129167 0.128125 0.127083
2 0.017188 0.302083 0.010937 0.302083 0.006250 0.302083 0.004687 0.302083 0.001563 0.308333 0.001563 0.310417 0.001563 0.314583 0.000000 0.318750 0.000000 0.325000 0.001563 0.327083 0.001563 0.329167 0.004687 0.329167 0.007812 0.329167 0.009375 0.329167 0.010937 0.327083 0.012500 0.325000 0.014063 0.322917 0.015625 0.314583 0.017188 0.312500 0.017188 0.308333 0.017188 0.304167
2 0.034375 0.568750 0.018750 0.568750 0.014063 0.570833 0.012500 0.575000 0.010937 0.587500 0.010937 0.597917 0.009375 0.608333 0.007812 0.614583 0.007812 0.627083 0.007812 0.633333 0.012500 0.637500 0.018750 0.637500 0.023438 0.637500 0.028125 0.633333 0.031250 0.625000 0.032813 0.616667 0.034375 0.602083 0.035937 0.595833 0.037500 0.585417 0.037500 0.577083 0.039062 0.568750
2 0.017188 0.718750 0.014063 0.718750 0.010937 0.718750 0.007812 0.718750 0.004687 0.718750 0.001563 0.718750 0.000000 0.720833 0.000000 0.725000 -0.001563 0.727083 -0.003125 0.735417 -0.003125 0.739583 -0.003125 0.745833 0.000000 0.745833 0.001563 0.745833 0.004687 0.747917 0.004687 0.750000 0.007812 0.750000 0.010937 0.750000 0.012500 0.743750 0.014063 0.735417 0.014063 0.729167 0.014063 0.722917 0.014063 0.718750
2 0.143750 0.572917 0.131250 0.575000 0.128125 0.577083 0.123438 0.577083 0.121875 0.579167 0.120313 0.583333 0.117188 0.597917 0.115625 0.602083 0.114062 0.608333 0.112500 0.616667 0.112500 0.622917 0.112500 0.627083 0.117188 0.629167 0.121875 0.633333 0.126562 0.633333 0.129688 0.633333 0.134375 0.635417 0.135937 0.633333 0.140625 0.622917 0.142187 0.612500 0.143750 0.602083 0.146875 0.583333 0.146875 0.577083 0.146875 0.572917
2 0.007812 0.825000 0.004687 0.827083 0.001563 0.831250 0.001563 0.835417 0.001563 0.843750 0.001563 0.852083 0.001563 0.858333 0.001563 0.868750 0.001563 0.872917 0.003125 0.900000 0.003125 0.914583 0.004687 0.929167 0.004687 0.941667 0.004687 0.929167 0.007812 0.895833 0.007812 0.881250 0.007812 0.868750 0.007812 0.860417 0.007812 0.847917 0.006250 0.839583 0.004687 0.831250
2 0.134375 0.702083 0.125000 0.702083 0.118750 0.702083 0.112500 0.702083 0.106250 0.702083 0.101562 0.704167 0.098437 0.718750 0.096875 0.731250 0.095312 0.739583 0.095312 0.745833 0.096875 0.750000 0.096875 0.758333 0.096875 0.768750 0.098437 0.770833 0.103125 0.770833 0.107813 0.770833 0.114062 0.770833 0.118750 0.772917 0.123438 0.762500 0.125000 0.750000 0.128125 0.735417 0.128125 0.716667 0.128125 0.710417 0.128125 0.706250
2 0.117188 0.860417 0.109375 0.860417 0.100000 0.864583 0.093750 0.864583 0.089063 0.872917 0.085938 0.887500 0.082812 0.895833 0.082812 0.904167 0.082812 0.908333 0.084375 0.914583 0.085938 0.918750 0.089063 0.920833 0.095312 0.920833 0.101562 0.920833 0.110937 0.920833 0.114062 0.920833 0.117188 0.916667 0.117188 0.902083 0.117188 0.885417 0.117188 0.872917 0.117188 0.864583
2 0.259375 0.752083 0.246875 0.754167 0.242188 0.754167 0.237500 0.756250 0.235937 0.762500 0.235937 0.768750 0.235937 0.783333 0.235937 0.789583 0.234375 0.795833 0.234375 0.804167 0.234375 0.808333 0.234375 0.814583 0.237500 0.818750 0.240625 0.822917 0.243750 0.822917 0.250000 0.822917 0.253125 0.822917 0.254688 0.822917 0.257812 0.814583 0.259375 0.800000 0.260937 0.791667 0.260937 0.779167 0.260937 0.768750 0.259375 0.758333 0.257812 0.754167
2 0.246875 0.904167 0.234375 0.900000 0.226562 0.900000 0.220312 0.900000 0.218750 0.906250 0.215625 0.925000 0.212500 0.937500 0.212500 0.945833 0.214062 0.958333 0.215625 0.964583 0.217188 0.968750 0.220312 0.970833 0.228125 0.970833 0.234375 0.970833 0.240625 0.970833 0.243750 0.952083 0.243750 0.937500 0.242188 0.920833 0.240625 0.902083 0.240625 0.893750 0.239063 0.887500
2 0.268750 0.606250 0.260937 0.610417 0.254688 0.610417 0.246875 0.610417 0.242188 0.610417 0.240625 0.618750 0.240625 0.633333 0.240625 0.641667 0.240625 0.650000 0.240625 0.658333 0.240625 0.666667 0.240625 0.672917 0.240625 0.675000 0.243750 0.675000 0.250000 0.675000 0.262500 0.675000 0.267188 0.675000 0.267188 0.672917 0.268750 0.650000 0.268750 0.633333 0.270313 0.614583 0.270313 0.606250
3 0.128125 0.016667 0.120313 0.016667 0.107813 0.020833 0.098437 0.027083 0.095312 0.043750 0.096875 0.068750 0.101562 0.083333 0.107813 0.102083 0.118750 0.116667 0.125000 0.129167 0.128125 0.133333 0.134375 0.139583 0.142187 0.131250 0.150000 0.122917 0.151562 0.116667 0.150000 0.093750 0.143750 0.077083 0.137500 0.054167 0.131250 0.033333 0.128125 0.022917 0.123438 0.012500
3 0.025000 0.137500 0.017188 0.147917 0.010937 0.160417 0.010937 0.170833 0.017188 0.187500 0.028125 0.204167 0.037500 0.218750 0.046875 0.235417 0.054688 0.245833 0.060937 0.250000 0.065625 0.250000 0.068750 0.245833 0.075000 0.229167 0.076563 0.220833 0.075000 0.206250 0.068750 0.197917 0.064062 0.189583 0.056250 0.177083 0.051562 0.166667 0.046875 0.162500 0.040625 0.152083 0.031250 0.143750 0.021875 0.137500
3 0.262500 0.202083 0.245312 0.202083 0.239063 0.206250 0.231250 0.214583 0.229687 0.218750 0.228125 0.229167 0.228125 0.239583 0.232813 0.256250 0.240625 0.266667 0.250000 0.279167 0.253125 0.285417 0.256250 0.289583 0.259375 0.291667 0.262500 0.293750 0.264062 0.262500 0.259375 0.235417 0.254688 0.220833 0.250000 0.206250 0.243750 0.195833 0.240625 0.191667 0.240625 0.189583
3 0.082812 0.252083 0.065625 0.262500 0.059375 0.266667 0.062500 0.287500 0.071875 0.312500 0.079687 0.331250 0.085938 0.343750 0.093750 0.356250 0.098437 0.364583 0.101562 0.368750 0.107813 0.375000 0.118750 0.370833 0.123438 0.366667 0.128125 0.360417 0.128125 0.343750 0.120313 0.331250 0.114062 0.310417 0.107813 0.300000 0.098437 0.283333 0.090625 0.266667 0.082812 0.254167 0.079687 0.250000
