7 0.439063 0.679167 0.437500 0.737500 0.437500 0.793750 0.437500 0.856250 0.462500 0.881250 0.501563 0.906250 0.503125 0.962500 0.550000 0.987500 0.604688 0.987500 0.681250 0.987500 0.721875 0.981250 0.743750 0.937500 0.725000 0.887500 0.721875 0.843750 0.737500 0.766667 0.725000 0.697917 0.687500 0.675000 0.625000 0.675000 0.564063 0.675000 0.503125 0.679167 0.454688 0.681250
7 0.856250 0.631250 0.862500 0.693750 0.867188 0.743750 0.867188 0.768750 0.887500 0.775000 0.896875 0.750000 0.909375 0.741667 0.925000 0.722917 0.921875 0.697917 0.900000 0.687500 0.903125 0.675000 0.909375 0.662500 0.925000 0.662500 0.925000 0.637500 0.918750 0.612500 0.896875 0.610417 0.887500 0.600000 0.868750 0.616667 0.867188 0.637500 0.867188 0.662500 0.867188 0.687500
7 0.728125 0.129167 0.728125 0.150000 0.728125 0.168750 0.728125 0.187500 0.743750 0.193750 0.756250 0.193750 0.767188 0.193750 0.776563 0.181250 0.790625 0.181250 0.800000 0.193750 0.809375 0.200000 0.821875 0.197917 0.825000 0.181250 0.825000 0.166667 0.839063 0.156250 0.829688 0.141667 0.815625 0.141667 0.804688 0.137500 0.778125 0.137500 0.751563 0.137500 0.737500 0.135417 0.729688 0.129167
7 0.845313 0.106250 0.868750 0.100000 0.867188 0.075000 0.856250 0.060417 0.845313 0.050000 0.825000 0.050000 0.818750 0.062500 0.818750 0.081250 0.818750 0.100000 0.818750 0.116667 0.825000 0.137500 0.831250 0.154167 0.835938 0.172917 0.843750 0.185417 0.843750 0.168750 0.856250 0.172917 0.862500 0.162500 0.868750 0.143750 0.868750 0.122917 0.862500 0.106250 0.850000 0.106250
3 0.956250 0.287500 0.965625 0.285417 0.978125 0.275000 0.981250 0.262500 0.987500 0.250000 0.987500 0.235417 0.992188 0.216667 0.995313 0.204167 1.000000 0.187500 0.995313 0.185417 0.984375 0.185417 0.978125 0.181250 0.975000 0.181250 0.971875 0.197917 0.970313 0.206250 0.965625 0.218750 0.965625 0.231250 0.964063 0.243750 0.962500 0.256250 0.960938 0.268750 0.959375 0.281250
0 0.000000 0.150000 0.000000 0.156250 0.000000 0.166667 0.000000 0.175000 0.000000 0.181250 0.000000 0.193750 0.000000 0.200000 0.000000 0.206250 0.001563 0.212500 0.006250 0.212500 0.012500 0.212500 0.015625 0.210417 0.018750 0.200000 0.023438 0.193750 0.023438 0.187500 0.023438 0.179167 0.021875 0.168750 0.018750 0.160417 0.017188 0.154167 0.009375 0.150000 0.003125 0.150000 0.001563 0.162500 -0.001563 0.162500
1 0.089063 0.231250 0.050000 0.025000
1 0.189844 0.218750 0.054688 0.025000
1 0.423438 0.216667 0.062500 0.041667
1 0.560156 0.223958 0.073438 0.043750
1 0.689063 0.221875 0.068750 0.043750
1 0.820312 0.225000 0.059375 0.037500
1 0.071094 0.377083 0.054688 0.025000
1 0.178125 0.378125 0.056250 0.043750
1 0.361719 0.375000 0.057813 0.037500
1 0.503906 0.377083 0.073438 0.025000
1 0.637500 0.380208 0.065625 0.031250
1 0.784375 0.387500 0.081250 0.037500
1 0.845313 0.603125 0.084375 0.031250
1 0.029687 0.542708 0.059375 0.031250
1 0.137500 0.556250 0.053125 0.037500
1 0.255469 0.568750 0.076563 0.037500
1 0.412500 0.584375 0.078125 0.031250
1 0.559375 0.598958 0.084375 0.043750
1 0.662500 0.581250 0.665625 0.581250 0.673438 0.587500 0.675000 0.591667 0.679688 0.593750 0.682813 0.597917 0.687500 0.600000 0.690625 0.604167 0.693750 0.606250 0.696875 0.610417 0.700000 0.610417 0.700000 0.612500 0.703125 0.612500 0.704688 0.616667 0.706250 0.616667 0.709375 0.616667 0.709375 0.618750 0.712500 0.618750 0.712500 0.622917 0.715625 0.622917 0.715625 0.622917 0.718750 0.622917 0.721875 0.622917 0.721875 0.622917 0.725000 0.622917 0.728125 0.622917
1 0.884375 0.750000 0.034375 0.075000
1 0.887500 0.938542 0.040625 0.110417
1 0.810937 0.016667 0.025000 0.025000
1 0.925000 0.000000 0.925000 0.004167 0.925000 0.006250 0.925000 0.010417 0.925000 0.012500 0.925000 0.016667 0.928125 0.016667 0.928125 0.016667 0.929688 0.016667 0.932813 0.016667 0.934375 0.016667 0.934375 0.016667 0.939063 0.016667 0.940625 0.016667 0.943750 0.016667 0.943750 0.016667 0.946875 0.016667 0.948438 0.016667 0.946875 0.012500 0.946875 0.012500 0.946875 0.010417 0.946875 0.006250 0.946875 0.004167 0.946875 0.004167
1 0.954688 0.101042 0.037500 0.047917
2 0.806250 0.035417 0.806250 0.050000 0.809375 0.062500 0.809375 0.072917 0.812500 0.079167 0.815625 0.087500 0.818750 0.093750 0.821875 0.097917 0.828125 0.097917 0.831250 0.097917 0.835938 0.093750 0.835938 0.081250 0.835938 0.072917 0.834375 0.066667 0.831250 0.056250 0.825000 0.050000 0.825000 0.043750 0.823438 0.037500 0.821875 0.035417 0.818750 0.031250 0.812500 0.031250 0.809375 0.031250 0.806250 0.035417
2 0.934375 0.022917 0.934375 0.025000 0.934375 0.031250 0.934375 0.037500 0.934375 0.043750 0.934375 0.050000 0.939063 0.056250 0.943750 0.062500 0.943750 0.072917 0.948438 0.075000 0.953125 0.081250 0.956250 0.081250 0.960938 0.081250 0.964063 0.072917 0.964063 0.060417 0.964063 0.054167 0.960938 0.043750 0.960938 0.041667 0.956250 0.031250 0.954688 0.025000 0.950000 0.018750 0.946875 0.016667
2 0.956250 0.129167 0.950000 0.131250 0.950000 0.143750 0.950000 0.154167 0.954688 0.160417 0.956250 0.168750 0.960938 0.179167 0.964063 0.187500 0.965625 0.197917 0.970313 0.206250 0.975000 0.210417 0.981250 0.212500 0.987500 0.206250 0.987500 0.193750 0.981250 0.185417 0.978125 0.175000 0.975000 0.166667 0.975000 0.162500 0.968750 0.154167 0.956250 0.125000
2 0.023438 0.218750 0.020313 0.222917 0.017188 0.235417 0.017188 0.243750 0.021875 0.250000 0.031250 0.254167 0.037500 0.254167 0.043750 0.254167 0.050000 0.254167 0.056250 0.254167 0.062500 0.243750 0.068750 0.237500 0.068750 0.229167 0.068750 0.222917 0.068750 0.212500 0.059375 0.206250 0.050000 0.206250 0.043750 0.206250 0.037500 0.210417 0.031250 0.212500 0.023438 0.218750 0.018750 0.218750
2 0.128125 0.210417 0.125000 0.210417 0.121875 0.212500 0.117188 0.216667 0.115625 0.222917 0.115625 0.229167 0.118750 0.235417 0.125000 0.237500 0.129688 0.237500 0.134375 0.237500 0.140625 0.237500 0.143750 0.237500 0.148438 0.237500 0.153125 0.235417 0.156250 0.231250 0.160938 0.225000 0.162500 0.218750 0.162500 0.212500 0.156250 0.206250 0.153125 0.206250 0.146875 0.206250 0.140625 0.206250 0.137500 0.206250 0.131250 0.206250
2 0.228125 0.200000 0.225000 0.206250 0.221875 0.212500 0.221875 0.222917 0.225000 0.229167 0.231250 0.231250 0.237500 0.231250 0.242188 0.231250 0.250000 0.231250 0.256250 0.231250 0.259375 0.231250 0.267188 0.231250 0.271875 0.229167 0.271875 0.222917 0.271875 0.212500 0.270313 0.206250 0.265625 0.200000 0.262500 0.193750 0.256250 0.193750 0.243750 0.193750 0.228125 0.193750
2 0.350000 0.193750 0.350000 0.200000 0.343750 0.204167 0.340625 0.210417 0.340625 0.218750 0.340625 0.222917 0.346875 0.225000 0.350000 0.229167 0.359375 0.229167 0.365625 0.229167 0.368750 0.229167 0.376563 0.229167 0.379688 0.229167 0.384375 0.225000 0.387500 0.222917 0.392188 0.212500 0.392188 0.206250 0.387500 0.200000 0.384375 0.197917 0.368750 0.197917 0.356250 0.197917 0.350000 0.197917
2 0.459375 0.197917 0.456250 0.210417 0.456250 0.225000 0.462500 0.229167 0.475000 0.231250 0.490625 0.231250 0.496875 0.231250 0.506250 0.231250 0.512500 0.231250 0.521875 0.229167 0.528125 0.225000 0.531250 0.216667 0.531250 0.206250 0.523438 0.197917 0.512500 0.197917 0.501563 0.197917 0.492188 0.197917 0.481250 0.197917 0.473438 0.193750 0.465625 0.193750
2 0.604688 0.193750 0.600000 0.200000 0.596875 0.210417 0.596875 0.218750 0.606250 0.225000 0.620313 0.229167 0.631250 0.235417 0.642188 0.235417 0.650000 0.237500 0.657813 0.235417 0.657813 0.225000 0.657813 0.216667 0.657813 0.206250 0.650000 0.200000 0.637500 0.197917 0.631250 0.197917 0.625000 0.193750 0.618750 0.193750 0.612500 0.193750 0.606250 0.193750
2 0.753125 0.210417 0.731250 0.210417 0.721875 0.210417 0.715625 0.210417 0.714063 0.222917 0.715625 0.231250 0.718750 0.237500 0.725000 0.243750 0.729688 0.243750 0.745313 0.243750 0.762500 0.243750 0.768750 0.243750 0.776563 0.243750 0.781250 0.243750 0.784375 0.237500 0.784375 0.231250 0.784375 0.222917 0.784375 0.212500 0.784375 0.206250 0.776563 0.206250 0.771875 0.204167 0.762500 0.206250 0.753125 0.206250
2 0.018750 0.376042 0.040625 0.043750
2 0.124219 0.375000 0.048438 0.037500
2 0.271094 0.375000 0.120313 0.037500
2 0.429688 0.371875 0.068750 0.043750
2 0.573438 0.379167 0.059375 0.029167
2 0.706250 0.381250 0.068750 0.037500
2 0.858594 0.386458 0.048438 0.043750
2 0.078125 0.545833 0.043750 0.037500
2 0.189844 0.560417 0.057813 0.050000
2 0.329688 0.572917 0.068750 0.050000
2 0.485938 0.588542 0.068750 0.056250
2 0.623437 0.596875 0.065625 0.043750
2 0.758594 0.598958 0.076563 0.043750
2 0.862500 0.587500 0.867188 0.600000 0.868750 0.606250 0.870313 0.610417 0.870313 0.612500 0.870313 0.618750 0.870313 0.625000 0.875000 0.629167 0.878125 0.629167 0.881250 0.629167 0.887500 0.629167 0.892188 0.629167 0.893750 0.629167 0.896875 0.625000 0.893750 0.618750 0.893750 0.612500 0.893750 0.606250 0.893750 0.597917 0.893750 0.593750 0.893750 0.587500 0.893750 0.581250
2 0.870313 0.793750 0.870313 0.806250 0.875000 0.818750 0.876563 0.829167 0.878125 0.837500 0.878125 0.854167 0.878125 0.862500 0.881250 0.875000 0.890625 0.875000 0.896875 0.872917 0.903125 0.868750 0.903125 0.850000 0.903125 0.837500 0.903125 0.825000 0.903125 0.812500 0.900000 0.800000 0.896875 0.791667 0.885938 0.791667 0.878125 0.793750 0.875000 0.804167 0.878125 0.818750
6 0.034375 0.202083 0.017188 0.250000 0.095312 0.258333 0.182812 0.243750 0.267188 0.233333 0.348438 0.229167 0.434375 0.227083 0.525000 0.227083 0.618750 0.227083 0.712500 0.231250 0.810937 0.241667 0.853125 0.222917 0.773438 0.208333 0.704688 0.206250 0.609375 0.204167 0.500000 0.202083 0.406250 0.197917 0.312500 0.197917 0.185938 0.210417 0.095312 0.214583 0.026562 0.206250
6 0.007812 0.347917 -0.001563 0.383333 0.059375 0.395833 0.137500 0.397917 0.254688 0.402083 0.364063 0.402083 0.464062 0.400000 0.573438 0.397917 0.685937 0.397917 0.771875 0.400000 0.843750 0.408333 0.875000 0.391667 0.848437 0.358333 0.770312 0.364583 0.689063 0.370833 0.550000 0.358333 0.457813 0.356250 0.348438 0.354167 0.245312 0.352083 0.100000 0.343750 0.000000 0.343750
6 0.009375 0.520833 0.039062 0.568750 0.195312 0.577083 0.318750 0.600000 0.539062 0.610417 0.715625 0.625000 0.839063 0.629167 0.864062 0.697917 0.871875 0.856250 0.870313 0.968750 0.896875 0.993750 0.898438 0.933333 0.889062 0.843750 0.896875 0.766667 0.893750 0.683333 0.885938 0.591667 0.781250 0.577083 0.514062 0.564583 0.220312 0.533333 0.051562 0.510417 0.004687 0.520833
