8 0.728125 0.656250 0.687500 0.645833 0.656250 0.639583 0.629687 0.637500 0.620313 0.679167 0.609375 0.720833 0.596875 0.766667 0.593750 0.812500 0.589063 0.835417 0.584375 0.872917 0.601562 0.889583 0.621875 0.906250 0.653125 0.910417 0.685937 0.914583 0.706250 0.893750 0.714063 0.856250 0.718750 0.814583 0.728125 0.772917 0.732812 0.727083 0.735938 0.683333 0.726562 0.652083
7 0.831250 0.735417 0.804688 0.716667 0.778125 0.714583 0.759375 0.725000 0.748437 0.750000 0.743750 0.787500 0.735938 0.825000 0.728125 0.852083 0.723437 0.879167 0.723437 0.902083 0.732812 0.925000 0.743750 0.941667 0.764062 0.950000 0.782813 0.943750 0.800000 0.933333 0.809375 0.910417 0.817187 0.879167 0.821875 0.841667 0.826562 0.810417 0.829688 0.777083 0.829688 0.739583
7 0.971875 0.427083 0.937500 0.420833 0.914062 0.418750 0.890625 0.418750 0.867188 0.416667 0.851562 0.412500 0.837500 0.414583 0.832812 0.433333 0.828125 0.466667 0.826562 0.489583 0.837500 0.506250 0.854688 0.516667 0.875000 0.518750 0.898438 0.518750 0.918750 0.518750 0.939063 0.522917 0.959375 0.527083 0.971875 0.516667 0.976562 0.483333 0.981250 0.458333 0.976562 0.433333
7 0.981250 0.547917 0.940625 0.554167 0.920312 0.558333 0.900000 0.564583 0.882812 0.575000 0.878125 0.602083 0.879687 0.625000 0.887500 0.645833 0.903125 0.670833 0.920312 0.697917 0.940625 0.727083 0.953125 0.737500 0.968750 0.727083 0.984375 0.710417 0.995313 0.693750 0.996875 0.662500 0.996875 0.629167 0.996875 0.602083 0.996875 0.577083 0.992188 0.554167 0.976562 0.547917
7 1.000000 0.720833 0.985938 0.712500 0.971875 0.716667 0.960938 0.727083 0.951562 0.743750 0.946875 0.764583 0.946875 0.787500 0.951562 0.816667 0.956250 0.835417 0.959375 0.862500 0.968750 0.889583 0.976562 0.906250 0.989062 0.914583 1.000000 0.902083 1.000000 0.879167 1.000000 0.856250 1.000000 0.831250 1.000000 0.804167 1.000000 0.779167 1.000000 0.745833 1.000000 0.722917
4 0.621875 0.558333 0.579688 0.543750 0.540625 0.535417 0.493750 0.518750 0.457813 0.506250 0.431250 0.516667 0.417187 0.560417 0.406250 0.610417 0.393750 0.666667 0.376563 0.708333 0.389062 0.743750 0.429688 0.752083 0.468750 0.752083 0.503125 0.760417 0.535937 0.770833 0.575000 0.781250 0.593750 0.758333 0.601562 0.710417 0.607812 0.658333 0.614062 0.608333 0.621875 0.558333
3 0.551562 0.781250 0.539062 0.777083 0.523438 0.770833 0.507812 0.764583 0.490625 0.766667 0.490625 0.787500 0.484375 0.808333 0.475000 0.829167 0.476562 0.847917 0.482812 0.864583 0.490625 0.883333 0.503125 0.893750 0.517188 0.900000 0.531250 0.893750 0.545312 0.885417 0.550000 0.866667 0.556250 0.847917 0.567187 0.835417 0.560937 0.818750 0.550000 0.800000 0.546875 0.781250
3 0.103125 0.841667 0.095312 0.856250 0.085938 0.872917 0.079687 0.895833 0.079687 0.918750 0.082812 0.941667 0.093750 0.956250 0.106250 0.975000 0.118750 0.989583 0.132812 1.000000 0.151562 1.000000 0.168750 0.993750 0.184375 0.987500 0.176563 0.970833 0.167187 0.956250 0.153125 0.939583 0.143750 0.922917 0.132812 0.906250 0.120313 0.895833 0.106250 0.868750 0.096875 0.852083
7 0.275000 0.768750 0.246875 0.747917 0.226562 0.733333 0.201563 0.716667 0.173437 0.697917 0.151562 0.679167 0.140625 0.691667 0.132812 0.716667 0.129688 0.739583 0.132812 0.758333 0.145313 0.770833 0.156250 0.783333 0.170313 0.791667 0.185938 0.797917 0.196875 0.808333 0.209375 0.825000 0.221875 0.831250 0.240625 0.825000 0.254688 0.816667 0.267188 0.800000 0.275000 0.779167
4 0.118750 0.704167 0.087500 0.693750 0.053125 0.685417 0.009375 0.685417 -0.009375 0.675000 -0.006250 0.720833 -0.006250 0.760417 -0.009375 0.800000 -0.009375 0.841667 -0.009375 0.879167 -0.004687 0.908333 0.010937 0.922917 0.034375 0.933333 0.056250 0.941667 0.071875 0.916667 0.078125 0.885417 0.092188 0.850000 0.100000 0.816667 0.104688 0.779167 0.110937 0.743750 0.121875 0.710417
