0 0.741406 0.450000 0.089063 0.100000
0 0.655469 0.151042 0.042188 0.127083
0 0.707031 0.168750 0.039062 0.125000
0 0.226562 0.289583 0.093750 0.087500
0 0.365625 0.339583 0.090625 0.108333
0 0.416406 0.227083 0.098437 0.112500
3 0.603125 0.154167 0.028125 0.070833
3 0.530469 0.211458 0.023438 0.072917
3 0.589063 0.314583 0.585938 0.314583 0.581250 0.308333 0.578125 0.308333 0.575000 0.314583 0.573438 0.327083 0.573438 0.335417 0.570312 0.339583 0.568750 0.345833 0.567187 0.352083 0.567187 0.356250 0.567187 0.360417 0.565625 0.364583 0.564063 0.368750 0.564063 0.375000 0.564063 0.379167 0.564063 0.383333 0.564063 0.387500 0.567187 0.391667 0.573438 0.391667 0.576562 0.391667 0.579688 0.395833 0.582812 0.395833 0.585938 0.397917 0.589063 0.397917
3 0.728125 0.243750 0.720313 0.243750 0.712500 0.243750 0.704688 0.239583 0.698438 0.245833 0.693750 0.262500 0.690625 0.279167 0.687500 0.287500 0.687500 0.300000 0.685937 0.308333 0.685937 0.318750 0.690625 0.322917 0.700000 0.322917 0.709375 0.325000 0.712500 0.322917 0.714063 0.308333 0.715625 0.300000 0.718750 0.287500 0.721875 0.279167 0.723437 0.270833 0.725000 0.260417 0.725000 0.250000
7 0.266406 0.485417 0.157812 0.170833
7 0.298438 0.786458 0.090625 0.135417
