2 0.285938 0.222917 0.268750 0.229167 0.256250 0.235417 0.243750 0.243750 0.240625 0.262500 0.242188 0.279167 0.246875 0.300000 0.250000 0.322917 0.253125 0.341667 0.259375 0.356250 0.270313 0.368750 0.282813 0.375000 0.293750 0.375000 0.306250 0.368750 0.312500 0.350000 0.312500 0.329167 0.312500 0.293750 0.309375 0.268750 0.304688 0.254167 0.293750 0.241667 0.287500 0.231250
2 0.356250 0.481250 0.334375 0.497917 0.321875 0.504167 0.309375 0.516667 0.304688 0.529167 0.312500 0.543750 0.321875 0.560417 0.325000 0.575000 0.331250 0.585417 0.337500 0.597917 0.346875 0.600000 0.356250 0.606250 0.367188 0.606250 0.376563 0.597917 0.381250 0.581250 0.381250 0.566667 0.376563 0.550000 0.368750 0.531250 0.362500 0.516667 0.356250 0.500000 0.353125 0.491667
2 0.412500 0.716667 0.400000 0.722917 0.392188 0.722917 0.384375 0.729167 0.376563 0.735417 0.375000 0.743750 0.379688 0.756250 0.384375 0.768750 0.392188 0.779167 0.396875 0.793750 0.400000 0.804167 0.409375 0.806250 0.418750 0.804167 0.431250 0.797917 0.434375 0.791667 0.431250 0.768750 0.428125 0.754167 0.423438 0.741667 0.418750 0.729167 0.412500 0.718750 0.406250 0.712500
2 0.457813 0.881250 0.443750 0.891667 0.437500 0.893750 0.431250 0.897917 0.431250 0.906250 0.434375 0.918750 0.440625 0.929167 0.446875 0.943750 0.450000 0.954167 0.454688 0.960417 0.457813 0.975000 0.460938 0.985417 0.465625 0.981250 0.470313 0.968750 0.471875 0.956250 0.470313 0.947917 0.465625 0.931250 0.462500 0.912500 0.460938 0.904167 0.456250 0.891667 0.454688 0.881250
1 0.240625 0.031250 0.217188 0.041667 0.210938 0.060417 0.210938 0.081250 0.210938 0.110417 0.217188 0.137500 0.221875 0.160417 0.228125 0.179167 0.231250 0.197917 0.232813 0.218750 0.243750 0.229167 0.259375 0.229167 0.273438 0.222917 0.284375 0.212500 0.281250 0.191667 0.273438 0.166667 0.268750 0.137500 0.262500 0.110417 0.254688 0.087500 0.250000 0.062500 0.242188 0.041667
1 0.321875 0.362500 0.298438 0.375000 0.287500 0.375000 0.278125 0.379167 0.278125 0.393750 0.287500 0.429167 0.290625 0.441667 0.298438 0.460417 0.301563 0.472917 0.306250 0.481250 0.306250 0.497917 0.309375 0.506250 0.321875 0.506250 0.331250 0.504167 0.337500 0.493750 0.346875 0.487500 0.350000 0.475000 0.337500 0.443750 0.329688 0.387500 0.325000 0.368750 0.318750 0.356250
1 0.376563 0.606250 0.356250 0.606250 0.350000 0.610417 0.340625 0.616667 0.343750 0.635417 0.350000 0.650000 0.356250 0.679167 0.364063 0.693750 0.368750 0.710417 0.371875 0.722917 0.379688 0.731250 0.390625 0.731250 0.398438 0.725000 0.406250 0.712500 0.407813 0.697917 0.400000 0.679167 0.392188 0.656250 0.387500 0.641667 0.384375 0.629167 0.378125 0.612500 0.371875 0.600000
1 0.434375 0.800000 0.426563 0.806250 0.418750 0.812500 0.406250 0.812500 0.398438 0.818750 0.396875 0.831250 0.400000 0.837500 0.406250 0.847917 0.412500 0.854167 0.418750 0.872917 0.421875 0.881250 0.425000 0.891667 0.434375 0.891667 0.442188 0.887500 0.446875 0.881250 0.454688 0.868750 0.453125 0.856250 0.446875 0.829167 0.443750 0.812500 0.440625 0.800000 0.434375 0.791667
6 0.240625 0.027083 0.204687 0.093750 0.225000 0.187500 0.246875 0.291667 0.270313 0.375000 0.295312 0.472917 0.323437 0.597917 0.364063 0.689583 0.390625 0.770833 0.412500 0.870833 0.453125 0.947917 0.457813 0.870833 0.431250 0.777083 0.398438 0.668750 0.370312 0.575000 0.348438 0.475000 0.325000 0.383333 0.307812 0.266667 0.279687 0.175000 0.259375 0.077083 0.210938 0.033333
7 0.134375 0.995833 0.128125 0.979167 0.120313 0.960417 0.112500 0.941667 0.101562 0.931250 0.085938 0.935417 0.068750 0.943750 0.048438 0.952083 0.028125 0.960417 0.017188 0.964583 0.007812 0.979167 0.004687 0.993750 0.014063 0.995833 0.028125 1.000000 0.043750 1.000000 0.056250 1.000000 0.068750 1.000000 0.082812 1.002083 0.096875 1.004167 0.110937 1.002083 0.123438 1.000000 0.131250 0.993750
