1 0.075000 0.129167 0.065625 0.131250 0.056250 0.131250 0.043750 0.135417 0.040625 0.137500 0.034375 0.141667 0.031250 0.143750 0.025000 0.150000 0.028125 0.162500 0.032813 0.172917 0.037500 0.168750 0.048438 0.162500 0.053125 0.156250 0.059375 0.156250 0.065625 0.154167 0.071875 0.150000 0.078125 0.150000 0.085938 0.147917 0.087500 0.137500 0.087500 0.125000 0.081250 0.122917 0.068750 0.118750 0.062500 0.118750
1 0.190625 0.068750 0.181250 0.072917 0.171875 0.079167 0.165625 0.081250 0.156250 0.085417 0.148438 0.087500 0.143750 0.093750 0.137500 0.100000 0.137500 0.110417 0.140625 0.118750 0.153125 0.116667 0.162500 0.110417 0.171875 0.106250 0.184375 0.100000 0.190625 0.097917 0.193750 0.091667 0.196875 0.081250 0.193750 0.072917 0.181250 0.072917 0.171875 0.072917 0.162500 0.075000 0.156250 0.081250 0.150000 0.085417
1 0.427344 0.243750 0.032813 0.075000
1 0.471094 0.394792 0.042188 0.068750
1 0.523438 0.504167 0.509375 0.497917 0.503125 0.500000 0.500000 0.525000 0.500000 0.537500 0.500000 0.550000 0.500000 0.562500 0.501563 0.581250 0.503125 0.597917 0.506250 0.610417 0.518750 0.612500 0.526563 0.610417 0.531250 0.606250 0.534375 0.593750 0.534375 0.581250 0.534375 0.568750 0.534375 0.550000 0.531250 0.537500 0.528125 0.522917 0.525000 0.516667 0.518750 0.506250
1 0.564063 0.716667 0.562500 0.704167 0.559375 0.693750 0.550000 0.681250 0.542188 0.681250 0.537500 0.693750 0.537500 0.706250 0.537500 0.718750 0.540625 0.735417 0.542188 0.747917 0.546875 0.756250 0.550000 0.768750 0.557813 0.781250 0.565625 0.785417 0.573438 0.785417 0.578125 0.779167 0.579688 0.762500 0.579688 0.750000 0.579688 0.737500 0.575000 0.722917 0.571875 0.710417 0.565625 0.704167
2 0.446875 0.275000 0.431250 0.281250 0.418750 0.291667 0.409375 0.293750 0.412500 0.300000 0.415625 0.306250 0.421875 0.312500 0.426563 0.325000 0.431250 0.335417 0.434375 0.341667 0.439063 0.350000 0.440625 0.362500 0.443750 0.362500 0.454688 0.356250 0.462500 0.356250 0.470313 0.350000 0.473438 0.343750 0.473438 0.331250 0.465625 0.318750 0.460938 0.300000 0.453125 0.285417 0.446875 0.268750
2 0.493750 0.425000 0.465625 0.437500 0.462500 0.441667 0.465625 0.447917 0.468750 0.460417 0.471875 0.468750 0.473438 0.481250 0.478125 0.487500 0.481250 0.493750 0.487500 0.500000 0.492188 0.506250 0.496875 0.506250 0.509375 0.504167 0.518750 0.500000 0.525000 0.493750 0.528125 0.485417 0.525000 0.475000 0.515625 0.462500 0.503125 0.450000 0.493750 0.437500 0.492188 0.425000 0.489063 0.418750
2 0.543750 0.604167 0.518750 0.616667 0.510938 0.616667 0.506250 0.618750 0.510938 0.629167 0.512500 0.637500 0.515625 0.650000 0.517188 0.656250 0.518750 0.666667 0.521875 0.675000 0.525000 0.681250 0.528125 0.681250 0.534375 0.679167 0.543750 0.679167 0.554688 0.679167 0.559375 0.668750 0.565625 0.637500 0.565625 0.612500 0.564063 0.606250 0.559375 0.597917 0.554688 0.587500 0.548438 0.585417
2 0.575000 0.787500 0.557813 0.791667 0.553125 0.793750 0.557813 0.806250 0.559375 0.816667 0.562500 0.829167 0.565625 0.837500 0.565625 0.847917 0.565625 0.856250 0.565625 0.866667 0.568750 0.875000 0.578125 0.875000 0.585938 0.875000 0.590625 0.868750 0.590625 0.860417 0.590625 0.850000 0.589063 0.837500 0.585938 0.825000 0.579688 0.804167 0.575000 0.793750 0.573438 0.787500
2 0.023438 0.143750 0.017188 0.143750 0.009375 0.143750 0.003125 0.147917 0.000000 0.147917 -0.003125 0.150000 -0.003125 0.156250 -0.003125 0.162500 0.000000 0.168750 0.000000 0.175000 0.001563 0.179167 0.006250 0.179167 0.009375 0.179167 0.017188 0.179167 0.020313 0.179167 0.021875 0.175000 0.021875 0.166667 0.021875 0.156250 0.021875 0.150000 0.023438 0.143750 0.023438 0.141667
2 0.134375 0.100000 0.123438 0.100000 0.109375 0.100000 0.100000 0.104167 0.092188 0.106250 0.085938 0.112500 0.081250 0.118750 0.081250 0.129167 0.085938 0.135417 0.089063 0.141667 0.092188 0.150000 0.096875 0.150000 0.106250 0.150000 0.109375 0.143750 0.117188 0.137500 0.128125 0.131250 0.131250 0.129167 0.137500 0.122917 0.134375 0.110417 0.134375 0.100000 0.131250 0.093750
6 0.428125 0.191667 0.410938 0.222917 0.418750 0.272917 0.434375 0.335417 0.446875 0.418750 0.470313 0.525000 0.493750 0.618750 0.518750 0.731250 0.543750 0.818750 0.568750 0.887500 0.590625 0.866667 0.581250 0.810417 0.575000 0.750000 0.568750 0.691667 0.554688 0.625000 0.543750 0.566667 0.528125 0.497917 0.503125 0.416667 0.475000 0.341667 0.453125 0.262500 0.431250 0.187500
6 0.221875 0.050000 0.190625 0.062500 0.165625 0.075000 0.145313 0.081250 0.121875 0.087500 0.081250 0.104167 0.028125 0.116667 0.006250 0.125000 0.000000 0.147917 0.000000 0.175000 0.034375 0.175000 0.065625 0.162500 0.100000 0.147917 0.131250 0.131250 0.162500 0.118750 0.190625 0.106250 0.217188 0.093750 0.242188 0.085417 0.256250 0.068750 0.242188 0.054167 0.234375 0.031250
7 0.118750 0.502083 0.237500 0.329167
7 0.188281 0.820833 0.301563 0.150000
7 0.596875 0.070833 0.118750 0.070833
