6 1.000000 0.722917 0.964063 0.722917 0.918750 0.712500 0.878125 0.706250 0.837500 0.697917 0.792188 0.691667 0.746875 0.681250 0.703125 0.679167 0.662500 0.666667 0.628125 0.662500 0.640625 0.697917 0.678125 0.712500 0.712500 0.718750 0.746875 0.722917 0.787500 0.729167 0.825000 0.737500 0.856250 0.750000 0.903125 0.756250 0.950000 0.762500 0.987500 0.762500 1.003125 0.725000
1 0.993750 0.729167 0.990625 0.729167 0.984375 0.729167 0.978125 0.729167 0.975000 0.729167 0.970313 0.729167 0.965625 0.729167 0.965625 0.735417 0.965625 0.737500 0.965625 0.743750 0.965625 0.750000 0.970313 0.754167 0.975000 0.754167 0.979688 0.756250 0.985938 0.760417 0.987500 0.762500 0.993750 0.762500 0.995313 0.756250 0.996875 0.750000 0.996875 0.741667 0.996875 0.735417 0.996875 0.731250
1 0.915625 0.718750 0.909375 0.718750 0.901563 0.716667 0.893750 0.712500 0.885938 0.712500 0.878125 0.710417 0.878125 0.718750 0.878125 0.725000 0.878125 0.735417 0.881250 0.737500 0.884375 0.743750 0.890625 0.743750 0.896875 0.743750 0.903125 0.743750 0.909375 0.743750 0.915625 0.747917 0.918750 0.743750 0.923438 0.735417 0.923438 0.729167 0.923438 0.718750 0.917188 0.718750
1 0.837500 0.706250 0.814063 0.706250 0.803125 0.706250 0.796875 0.704167 0.792188 0.700000 0.787500 0.697917 0.787500 0.700000 0.787500 0.706250 0.787500 0.718750 0.790625 0.722917 0.796875 0.725000 0.803125 0.725000 0.809375 0.729167 0.818750 0.729167 0.823438 0.729167 0.829688 0.729167 0.835938 0.729167 0.839063 0.725000 0.839063 0.718750 0.839063 0.712500 0.835938 0.706250
1 0.725000 0.681250 0.715625 0.681250 0.709375 0.679167 0.703125 0.675000 0.698438 0.675000 0.693750 0.675000 0.690625 0.679167 0.690625 0.681250 0.690625 0.687500 0.690625 0.693750 0.687500 0.697917 0.687500 0.704167 0.690625 0.706250 0.696875 0.706250 0.700000 0.710417 0.706250 0.712500 0.712500 0.712500 0.718750 0.712500 0.721875 0.712500 0.725000 0.712500 0.728125 0.710417 0.728125 0.704167 0.728125 0.697917 0.728125 0.693750
2 0.956250 0.725000 0.948438 0.725000 0.943750 0.725000 0.937500 0.725000 0.932813 0.722917 0.925000 0.722917 0.921875 0.722917 0.918750 0.725000 0.921875 0.737500 0.921875 0.743750 0.923438 0.750000 0.925000 0.750000 0.932813 0.750000 0.940625 0.750000 0.943750 0.750000 0.950000 0.750000 0.954688 0.750000 0.960938 0.750000 0.960938 0.743750 0.960938 0.735417 0.960938 0.729167 0.959375 0.722917
2 0.878125 0.712500 0.870313 0.712500 0.862500 0.712500 0.860938 0.710417 0.854688 0.710417 0.850000 0.706250 0.845313 0.706250 0.843750 0.710417 0.843750 0.718750 0.843750 0.722917 0.843750 0.731250 0.843750 0.737500 0.846875 0.737500 0.850000 0.741667 0.856250 0.743750 0.862500 0.743750 0.868750 0.743750 0.871875 0.741667 0.878125 0.737500 0.878125 0.731250 0.878125 0.725000 0.878125 0.718750
2 0.776563 0.691667 0.767188 0.687500 0.760938 0.681250 0.753125 0.681250 0.746875 0.681250 0.742188 0.681250 0.737500 0.681250 0.734375 0.685417 0.734375 0.693750 0.734375 0.700000 0.734375 0.712500 0.735938 0.718750 0.740625 0.716667 0.746875 0.716667 0.753125 0.716667 0.759375 0.716667 0.765625 0.716667 0.771875 0.718750 0.776563 0.718750 0.778125 0.712500 0.778125 0.704167 0.778125 0.693750 0.778125 0.687500
2 0.682813 0.672917 0.673438 0.668750 0.667188 0.668750 0.659375 0.666667 0.651563 0.666667 0.643750 0.662500 0.637500 0.662500 0.634375 0.666667 0.634375 0.675000 0.631250 0.681250 0.635938 0.691667 0.640625 0.693750 0.643750 0.697917 0.653125 0.700000 0.659375 0.700000 0.667188 0.700000 0.675000 0.700000 0.678125 0.697917 0.684375 0.693750 0.684375 0.687500 0.684375 0.679167
6 0.628125 0.668750 0.596875 0.666667 0.600000 0.700000 0.600000 0.735417 0.600000 0.768750 0.593750 0.810417 0.590625 0.847917 0.587500 0.887500 0.585938 0.925000 0.581250 0.968750 0.579688 1.000000 0.603125 1.004167 0.610938 0.975000 0.609375 0.937500 0.609375 0.900000 0.610938 0.862500 0.615625 0.831250 0.617188 0.793750 0.621875 0.756250 0.625000 0.725000 0.628125 0.681250
1 0.621875 0.672917 0.615625 0.672917 0.612500 0.679167 0.609375 0.687500 0.606250 0.693750 0.604688 0.706250 0.603125 0.712500 0.603125 0.725000 0.600000 0.735417 0.600000 0.743750 0.600000 0.756250 0.604688 0.756250 0.612500 0.756250 0.620313 0.756250 0.621875 0.750000 0.625000 0.741667 0.625000 0.731250 0.625000 0.722917 0.626563 0.712500 0.626563 0.700000 0.628125 0.687500 0.628125 0.679167
1 0.612500 0.843750 0.606250 0.843750 0.600000 0.847917 0.595313 0.850000 0.595313 0.860417 0.595313 0.868750 0.590625 0.879167 0.590625 0.887500 0.589063 0.893750 0.587500 0.904167 0.585938 0.916667 0.585938 0.922917 0.590625 0.918750 0.600000 0.918750 0.606250 0.918750 0.606250 0.912500 0.609375 0.900000 0.610938 0.887500 0.610938 0.879167 0.612500 0.866667 0.612500 0.856250
2 0.621875 0.768750 0.615625 0.766667 0.606250 0.766667 0.603125 0.766667 0.600000 0.768750 0.600000 0.775000 0.600000 0.785417 0.600000 0.791667 0.600000 0.800000 0.600000 0.806250 0.596875 0.812500 0.596875 0.822917 0.596875 0.831250 0.596875 0.835417 0.603125 0.835417 0.609375 0.835417 0.612500 0.835417 0.615625 0.822917 0.618750 0.800000 0.618750 0.793750 0.618750 0.787500 0.618750 0.781250 0.618750 0.775000 0.618750 0.768750
2 0.606250 0.931250 0.600000 0.931250 0.595313 0.931250 0.589063 0.931250 0.587500 0.937500 0.587500 0.943750 0.585938 0.950000 0.585938 0.960417 0.585938 0.968750 0.585938 0.975000 0.584375 0.985417 0.581250 0.991667 0.581250 0.993750 0.585938 0.991667 0.593750 0.987500 0.596875 0.985417 0.600000 0.981250 0.603125 0.968750 0.603125 0.956250 0.603125 0.947917 0.603125 0.943750 0.603125 0.935417 0.603125 0.929167
3 0.487500 0.554167 0.493750 0.537500 0.503125 0.525000 0.512500 0.516667 0.518750 0.500000 0.525000 0.485417 0.525000 0.466667 0.523438 0.450000 0.518750 0.437500 0.506250 0.443750 0.493750 0.450000 0.485938 0.460417 0.478125 0.468750 0.468750 0.481250 0.460938 0.493750 0.457813 0.510417 0.450000 0.529167 0.450000 0.550000 0.454688 0.560417 0.465625 0.566667 0.481250 0.562500 0.487500 0.554167
6 0.637500 0.456250 0.643750 0.493750 0.679688 0.504167 0.718750 0.516667 0.756250 0.518750 0.793750 0.531250 0.839063 0.541667 0.884375 0.554167 0.918750 0.560417 0.956250 0.572917 0.995313 0.581250 1.003125 0.566667 0.987500 0.543750 0.950000 0.537500 0.893750 0.531250 0.856250 0.522917 0.812500 0.500000 0.768750 0.481250 0.725000 0.475000 0.673438 0.462500 0.625000 0.450000
1 0.996875 0.556250 0.993750 0.556250 0.987500 0.556250 0.984375 0.554167 0.981250 0.554167 0.978125 0.550000 0.975000 0.550000 0.970313 0.550000 0.965625 0.547917 0.960938 0.547917 0.960938 0.550000 0.960938 0.556250 0.960938 0.566667 0.964063 0.568750 0.968750 0.568750 0.975000 0.568750 0.981250 0.568750 0.984375 0.568750 0.987500 0.572917 0.992188 0.575000 0.995313 0.575000 0.996875 0.572917 0.996875 0.566667 0.995313 0.562500
1 0.921875 0.535417 0.909375 0.535417 0.903125 0.535417 0.896875 0.535417 0.890625 0.531250 0.885938 0.531250 0.881250 0.531250 0.878125 0.531250 0.876563 0.537500 0.875000 0.547917 0.876563 0.554167 0.881250 0.554167 0.887500 0.556250 0.893750 0.556250 0.901563 0.556250 0.909375 0.560417 0.915625 0.560417 0.918750 0.560417 0.923438 0.556250 0.923438 0.543750 0.923438 0.531250
1 0.834375 0.512500 0.828125 0.510417 0.821875 0.510417 0.818750 0.506250 0.814063 0.506250 0.807813 0.504167 0.803125 0.500000 0.798438 0.500000 0.796875 0.506250 0.793750 0.510417 0.790625 0.518750 0.787500 0.525000 0.790625 0.529167 0.793750 0.531250 0.800000 0.531250 0.806250 0.531250 0.812500 0.531250 0.818750 0.531250 0.829688 0.535417 0.835938 0.537500 0.839063 0.537500 0.839063 0.525000 0.835938 0.522917
1 0.734375 0.481250 0.728125 0.481250 0.721875 0.481250 0.718750 0.481250 0.712500 0.481250 0.709375 0.481250 0.703125 0.481250 0.698438 0.481250 0.696875 0.485417 0.693750 0.487500 0.693750 0.497917 0.696875 0.504167 0.698438 0.506250 0.704688 0.510417 0.710938 0.510417 0.715625 0.510417 0.721875 0.516667 0.728125 0.516667 0.734375 0.516667 0.735938 0.510417 0.735938 0.504167 0.735938 0.493750 0.734375 0.487500 0.731250 0.481250
2 0.956250 0.541667 0.948438 0.537500 0.940625 0.531250 0.937500 0.531250 0.934375 0.531250 0.931250 0.529167 0.929688 0.531250 0.929688 0.541667 0.929688 0.543750 0.929688 0.550000 0.929688 0.556250 0.931250 0.562500 0.934375 0.562500 0.940625 0.562500 0.946875 0.562500 0.950000 0.562500 0.956250 0.562500 0.956250 0.562500 0.956250 0.554167 0.956250 0.550000 0.956250 0.543750
2 0.868750 0.525000 0.862500 0.525000 0.856250 0.525000 0.854688 0.518750 0.846875 0.518750 0.845313 0.516667 0.843750 0.518750 0.840625 0.522917 0.840625 0.525000 0.839063 0.531250 0.839063 0.537500 0.840625 0.537500 0.850000 0.543750 0.854688 0.543750 0.860938 0.547917 0.862500 0.550000 0.868750 0.550000 0.871875 0.550000 0.875000 0.550000 0.875000 0.543750 0.875000 0.535417 0.871875 0.531250
2 0.793750 0.493750 0.787500 0.493750 0.778125 0.493750 0.771875 0.487500 0.762500 0.485417 0.759375 0.481250 0.751563 0.481250 0.746875 0.481250 0.746875 0.487500 0.745313 0.493750 0.742188 0.500000 0.740625 0.506250 0.746875 0.510417 0.753125 0.516667 0.760938 0.518750 0.768750 0.518750 0.773438 0.525000 0.778125 0.522917 0.784375 0.516667 0.792188 0.512500 0.793750 0.506250 0.796875 0.500000
2 0.690625 0.479167 0.681250 0.475000 0.675000 0.475000 0.667188 0.472917 0.662500 0.468750 0.657813 0.462500 0.653125 0.462500 0.648438 0.462500 0.643750 0.462500 0.643750 0.468750 0.643750 0.475000 0.643750 0.481250 0.648438 0.487500 0.653125 0.487500 0.657813 0.491667 0.662500 0.491667 0.665625 0.493750 0.668750 0.497917 0.675000 0.500000 0.679688 0.500000 0.687500 0.500000 0.690625 0.493750 0.690625 0.487500 0.690625 0.485417
0 0.703125 0.375000 0.673438 0.362500 0.659375 0.360417 0.653125 0.387500 0.653125 0.412500 0.653125 0.431250 0.665625 0.443750 0.682813 0.447917 0.700000 0.447917 0.715625 0.450000 0.731250 0.456250 0.746875 0.456250 0.767188 0.462500 0.776563 0.450000 0.776563 0.431250 0.776563 0.406250 0.776563 0.381250 0.762500 0.368750 0.746875 0.366667 0.729688 0.368750 0.712500 0.368750
6 0.703125 0.331250 0.659375 0.322917 0.653125 0.337500 0.684375 0.347917 0.715625 0.356250 0.751563 0.368750 0.781250 0.381250 0.815625 0.393750 0.850000 0.400000 0.878125 0.406250 0.909375 0.416667 0.943750 0.425000 0.978125 0.431250 0.975000 0.404167 0.943750 0.393750 0.900000 0.387500 0.865625 0.379167 0.818750 0.356250 0.767188 0.347917 0.731250 0.337500 0.690625 0.325000
1 0.965625 0.406250 0.956250 0.406250 0.948438 0.406250 0.943750 0.406250 0.939063 0.406250 0.934375 0.406250 0.932813 0.406250 0.932813 0.416667 0.934375 0.418750 0.939063 0.418750 0.943750 0.418750 0.950000 0.418750 0.956250 0.418750 0.962500 0.418750 0.968750 0.422917 0.971875 0.422917 0.975000 0.412500 0.975000 0.406250 0.970313 0.406250 0.965625 0.406250
1 0.885938 0.381250 0.881250 0.381250 0.876563 0.381250 0.868750 0.381250 0.862500 0.381250 0.859375 0.381250 0.854688 0.381250 0.853125 0.381250 0.853125 0.387500 0.854688 0.393750 0.856250 0.393750 0.862500 0.393750 0.870313 0.397917 0.875000 0.400000 0.878125 0.400000 0.884375 0.404167 0.887500 0.406250 0.890625 0.406250 0.893750 0.406250 0.893750 0.400000 0.892188 0.393750
2 0.928125 0.393750 0.923438 0.393750 0.915625 0.393750 0.909375 0.393750 0.906250 0.393750 0.901563 0.391667 0.898438 0.391667 0.896875 0.393750 0.893750 0.400000 0.893750 0.404167 0.896875 0.406250 0.900000 0.406250 0.903125 0.406250 0.906250 0.412500 0.909375 0.412500 0.912500 0.412500 0.917188 0.412500 0.921875 0.412500 0.925000 0.412500 0.928125 0.412500 0.928125 0.406250 0.928125 0.400000 0.928125 0.397917
2 0.843750 0.375000 0.835938 0.375000 0.831250 0.368750 0.825000 0.368750 0.821875 0.368750 0.818750 0.362500 0.814063 0.362500 0.809375 0.362500 0.809375 0.362500 0.809375 0.368750 0.812500 0.375000 0.814063 0.381250 0.818750 0.381250 0.821875 0.385417 0.825000 0.387500 0.829688 0.387500 0.835938 0.391667 0.840625 0.391667 0.845313 0.391667 0.846875 0.391667 0.850000 0.387500 0.850000 0.381250 0.850000 0.375000 0.850000 0.368750
1 0.803125 0.360417 0.796875 0.356250 0.781250 0.347917 0.776563 0.343750 0.771875 0.341667 0.767188 0.337500 0.762500 0.337500 0.759375 0.341667 0.759375 0.347917 0.756250 0.354167 0.759375 0.360417 0.762500 0.362500 0.767188 0.366667 0.773438 0.368750 0.781250 0.368750 0.792188 0.372917 0.796875 0.372917 0.800000 0.372917 0.806250 0.368750 0.809375 0.368750 0.809375 0.362500
2 0.753125 0.343750 0.746875 0.343750 0.731250 0.337500 0.725000 0.335417 0.721875 0.335417 0.715625 0.335417 0.712500 0.337500 0.712500 0.343750 0.714063 0.350000 0.715625 0.354167 0.720313 0.356250 0.725000 0.356250 0.734375 0.360417 0.737500 0.362500 0.746875 0.362500 0.753125 0.366667 0.756250 0.368750 0.760938 0.368750 0.760938 0.360417 0.760938 0.356250
1 0.704688 0.331250 0.696875 0.331250 0.690625 0.331250 0.684375 0.331250 0.682813 0.325000 0.675000 0.325000 0.667188 0.325000 0.662500 0.322917 0.659375 0.325000 0.656250 0.331250 0.653125 0.335417 0.653125 0.337500 0.657813 0.341667 0.662500 0.343750 0.667188 0.347917 0.673438 0.347917 0.679688 0.347917 0.690625 0.347917 0.700000 0.350000 0.704688 0.350000 0.709375 0.350000 0.710938 0.347917 0.710938 0.343750
7 0.721875 0.281250 0.700000 0.275000 0.679688 0.275000 0.667188 0.272917 0.659375 0.268750 0.653125 0.268750 0.653125 0.285417 0.653125 0.293750 0.653125 0.304167 0.653125 0.312500 0.653125 0.318750 0.662500 0.322917 0.668750 0.322917 0.679688 0.322917 0.690625 0.322917 0.704688 0.322917 0.712500 0.322917 0.721875 0.322917 0.725000 0.318750 0.721875 0.293750 0.718750 0.287500 0.718750 0.275000
7 0.653125 0.262500 0.653125 0.250000 0.653125 0.235417 0.653125 0.218750 0.653125 0.193750 0.653125 0.181250 0.657813 0.166667 0.651563 0.168750 0.640625 0.172917 0.628125 0.175000 0.621875 0.181250 0.618750 0.191667 0.615625 0.206250 0.615625 0.218750 0.615625 0.231250 0.615625 0.243750 0.615625 0.254167 0.621875 0.256250 0.628125 0.260417 0.637500 0.260417 0.646875 0.260417
3 0.615625 0.400000 0.625000 0.372917 0.631250 0.356250 0.637500 0.343750 0.643750 0.331250 0.648438 0.312500 0.651563 0.293750 0.651563 0.279167 0.651563 0.268750 0.643750 0.262500 0.634375 0.262500 0.625000 0.266667 0.618750 0.275000 0.615625 0.291667 0.610938 0.306250 0.603125 0.325000 0.600000 0.343750 0.595313 0.362500 0.595313 0.381250 0.595313 0.400000 0.603125 0.404167 0.615625 0.400000
6 0.475000 0.637500 0.453125 0.631250 0.443750 0.660417 0.439063 0.697917 0.434375 0.737500 0.431250 0.779167 0.425000 0.818750 0.423438 0.856250 0.415625 0.906250 0.410938 0.950000 0.409375 0.987500 0.426563 1.000000 0.440625 0.975000 0.442188 0.941667 0.443750 0.900000 0.446875 0.862500 0.453125 0.831250 0.456250 0.793750 0.462500 0.735417 0.468750 0.687500 0.470313 0.656250
1 0.465625 0.637500 0.460938 0.637500 0.457813 0.643750 0.454688 0.647917 0.453125 0.654167 0.446875 0.666667 0.446875 0.668750 0.443750 0.681250 0.440625 0.687500 0.439063 0.697917 0.437500 0.704167 0.439063 0.706250 0.443750 0.710417 0.446875 0.710417 0.453125 0.710417 0.457813 0.710417 0.460938 0.706250 0.462500 0.687500 0.462500 0.675000 0.462500 0.666667 0.462500 0.656250 0.462500 0.643750 0.462500 0.637500
1 0.453125 0.812500 0.446875 0.812500 0.440625 0.812500 0.434375 0.812500 0.431250 0.816667 0.431250 0.825000 0.428125 0.837500 0.426563 0.843750 0.425000 0.850000 0.421875 0.862500 0.421875 0.875000 0.423438 0.879167 0.431250 0.887500 0.443750 0.891667 0.446875 0.891667 0.446875 0.885417 0.446875 0.875000 0.446875 0.862500 0.446875 0.850000 0.446875 0.841667 0.446875 0.829167 0.446875 0.818750
1 0.431250 0.968750 0.428125 0.962500 0.425000 0.962500 0.421875 0.960417 0.418750 0.962500 0.415625 0.962500 0.409375 0.968750 0.406250 0.968750 0.406250 0.972917 0.406250 0.975000 0.406250 0.981250 0.406250 0.987500 0.409375 0.987500 0.410938 0.993750 0.412500 0.993750 0.418750 0.993750 0.421875 0.993750 0.425000 0.993750 0.426563 0.993750 0.426563 0.987500 0.429688 0.981250 0.431250 0.975000 0.431250 0.972917 0.431250 0.968750
2 0.457813 0.716667 0.446875 0.716667 0.440625 0.716667 0.434375 0.718750 0.434375 0.729167 0.434375 0.750000 0.434375 0.766667 0.434375 0.779167 0.434375 0.787500 0.431250 0.800000 0.431250 0.806250 0.437500 0.806250 0.443750 0.806250 0.446875 0.806250 0.454688 0.806250 0.456250 0.800000 0.456250 0.787500 0.456250 0.775000 0.456250 0.762500 0.457813 0.737500 0.457813 0.731250 0.460938 0.722917
2 0.442188 0.893750 0.434375 0.887500 0.428125 0.887500 0.423438 0.887500 0.421875 0.891667 0.418750 0.900000 0.418750 0.906250 0.418750 0.918750 0.415625 0.929167 0.412500 0.943750 0.412500 0.947917 0.409375 0.960417 0.412500 0.960417 0.421875 0.960417 0.429688 0.960417 0.434375 0.960417 0.439063 0.956250 0.440625 0.950000 0.440625 0.937500 0.440625 0.925000 0.442188 0.912500 0.443750 0.900000 0.443750 0.887500
0 0.434375 0.643750 0.409375 0.631250 0.381250 0.618750 0.364063 0.612500 0.356250 0.637500 0.350000 0.666667 0.340625 0.700000 0.331250 0.731250 0.321875 0.756250 0.315625 0.779167 0.321875 0.793750 0.340625 0.804167 0.364063 0.812500 0.384375 0.841667 0.396875 0.881250 0.398438 0.868750 0.400000 0.831250 0.406250 0.775000 0.415625 0.712500 0.426563 0.687500 0.434375 0.660417
0 0.409375 0.843750 0.379688 0.835417 0.365625 0.831250 0.334375 0.818750 0.315625 0.831250 0.315625 0.856250 0.315625 0.885417 0.312500 0.906250 0.301563 0.941667 0.298438 0.962500 0.290625 0.993750 0.309375 0.997917 0.328125 0.993750 0.350000 1.000000 0.379688 1.000000 0.381250 0.966667 0.387500 0.931250 0.392188 0.910417 0.396875 0.891667 0.400000 0.868750 0.403125 0.850000
6 0.298438 0.666667 0.282813 0.662500 0.270313 0.687500 0.262500 0.722917 0.256250 0.756250 0.253125 0.781250 0.243750 0.825000 0.240625 0.850000 0.234375 0.885417 0.232813 0.912500 0.218750 0.968750 0.218750 0.993750 0.243750 0.993750 0.256250 0.993750 0.259375 0.947917 0.265625 0.893750 0.271875 0.856250 0.278125 0.818750 0.287500 0.768750 0.290625 0.729167 0.300000 0.687500
1 0.293750 0.672917 0.287500 0.668750 0.285938 0.668750 0.282813 0.666667 0.278125 0.666667 0.278125 0.666667 0.275000 0.668750 0.273438 0.679167 0.271875 0.681250 0.270313 0.681250 0.270313 0.691667 0.270313 0.697917 0.270313 0.700000 0.270313 0.706250 0.275000 0.706250 0.278125 0.706250 0.282813 0.706250 0.287500 0.706250 0.290625 0.706250 0.290625 0.706250 0.293750 0.706250 0.293750 0.693750 0.293750 0.679167 0.293750 0.672917 0.293750 0.668750 0.293750 0.666667
1 0.281250 0.800000 0.262500 0.800000 0.256250 0.800000 0.253125 0.800000 0.251563 0.800000 0.250000 0.812500 0.250000 0.831250 0.248438 0.837500 0.246875 0.847917 0.243750 0.850000 0.243750 0.856250 0.243750 0.862500 0.243750 0.868750 0.246875 0.868750 0.253125 0.868750 0.259375 0.868750 0.262500 0.868750 0.262500 0.862500 0.271875 0.847917 0.273438 0.841667 0.275000 0.831250 0.275000 0.825000 0.275000 0.816667 0.275000 0.806250
1 0.254688 0.950000 0.250000 0.950000 0.243750 0.950000 0.239063 0.950000 0.234375 0.950000 0.232813 0.950000 0.228125 0.960417 0.228125 0.966667 0.225000 0.975000 0.225000 0.981250 0.225000 0.987500 0.225000 0.991667 0.231250 0.991667 0.237500 0.987500 0.240625 0.987500 0.243750 0.987500 0.246875 0.987500 0.250000 0.987500 0.250000 0.985417 0.253125 0.966667 0.253125 0.956250 0.253125 0.950000 0.253125 0.943750 0.253125 0.943750
2 0.287500 0.710417 0.281250 0.710417 0.275000 0.710417 0.271875 0.710417 0.267188 0.710417 0.267188 0.712500 0.262500 0.725000 0.262500 0.731250 0.256250 0.747917 0.256250 0.756250 0.253125 0.766667 0.251563 0.772917 0.250000 0.779167 0.250000 0.787500 0.256250 0.787500 0.267188 0.787500 0.273438 0.787500 0.278125 0.787500 0.281250 0.785417 0.285938 0.756250 0.287500 0.750000 0.287500 0.729167 0.287500 0.712500
2 0.268750 0.875000 0.262500 0.875000 0.256250 0.875000 0.250000 0.875000 0.250000 0.879167 0.243750 0.887500 0.240625 0.891667 0.239063 0.900000 0.237500 0.910417 0.237500 0.918750 0.237500 0.925000 0.237500 0.931250 0.240625 0.937500 0.246875 0.941667 0.250000 0.937500 0.253125 0.935417 0.256250 0.931250 0.259375 0.925000 0.262500 0.916667 0.262500 0.904167 0.265625 0.893750 0.265625 0.887500 0.267188 0.879167
7 0.334375 0.550000 0.314063 0.535417 0.304688 0.529167 0.296875 0.541667 0.287500 0.556250 0.282813 0.575000 0.278125 0.593750 0.275000 0.618750 0.270313 0.641667 0.270313 0.656250 0.278125 0.666667 0.298438 0.666667 0.309375 0.666667 0.321875 0.650000 0.321875 0.631250 0.315625 0.616667 0.306250 0.610417 0.309375 0.593750 0.325000 0.597917 0.328125 0.575000 0.331250 0.556250
6 0.003125 0.493750 -0.006250 0.518750 0.003125 0.531250 0.031250 0.543750 0.065625 0.554167 0.096875 0.562500 0.148438 0.568750 0.187500 0.575000 0.212500 0.581250 0.262500 0.587500 0.278125 0.597917 0.287500 0.575000 0.278125 0.560417 0.248438 0.554167 0.218750 0.550000 0.165625 0.531250 0.128125 0.525000 0.096875 0.516667 0.042188 0.504167 0.015625 0.493750 0.000000 0.487500
1 0.239063 0.560417 0.225000 0.556250 0.218750 0.556250 0.207813 0.554167 0.203125 0.550000 0.196875 0.550000 0.193750 0.550000 0.190625 0.550000 0.187500 0.556250 0.185938 0.562500 0.185938 0.572917 0.185938 0.579167 0.190625 0.581250 0.196875 0.581250 0.203125 0.585417 0.225000 0.587500 0.228125 0.587500 0.232813 0.587500 0.234375 0.587500 0.237500 0.575000 0.239063 0.568750 0.239063 0.566667
2 0.278125 0.562500 0.270313 0.560417 0.267188 0.556250 0.256250 0.556250 0.250000 0.556250 0.246875 0.556250 0.240625 0.560417 0.237500 0.566667 0.237500 0.575000 0.237500 0.585417 0.240625 0.585417 0.246875 0.585417 0.259375 0.585417 0.267188 0.587500 0.271875 0.587500 0.275000 0.593750 0.278125 0.593750 0.278125 0.591667 0.281250 0.585417 0.281250 0.575000 0.282813 0.568750 0.282813 0.562500
2 0.185938 0.543750 0.170313 0.537500 0.162500 0.531250 0.156250 0.531250 0.150000 0.529167 0.148438 0.529167 0.145313 0.531250 0.143750 0.537500 0.140625 0.543750 0.137500 0.550000 0.137500 0.556250 0.139063 0.560417 0.146875 0.566667 0.153125 0.566667 0.159375 0.566667 0.168750 0.566667 0.178125 0.566667 0.181250 0.566667 0.185938 0.566667 0.187500 0.562500 0.187500 0.556250 0.187500 0.550000
2 0.078125 0.518750 0.068750 0.516667 0.062500 0.510417 0.057813 0.506250 0.050000 0.506250 0.043750 0.506250 0.042188 0.510417 0.037500 0.510417 0.034375 0.518750 0.034375 0.525000 0.034375 0.531250 0.034375 0.537500 0.037500 0.537500 0.046875 0.543750 0.056250 0.543750 0.062500 0.550000 0.065625 0.550000 0.071875 0.554167 0.076563 0.550000 0.078125 0.543750 0.081250 0.537500 0.081250 0.531250
1 0.140625 0.537500 0.120313 0.531250 0.112500 0.525000 0.106250 0.525000 0.100000 0.525000 0.096875 0.525000 0.090625 0.525000 0.089063 0.525000 0.085938 0.537500 0.085938 0.543750 0.089063 0.550000 0.096875 0.550000 0.107813 0.554167 0.117188 0.556250 0.121875 0.560417 0.128125 0.562500 0.131250 0.566667 0.134375 0.566667 0.137500 0.560417 0.137500 0.554167 0.139063 0.543750 0.140625 0.543750
1 0.034375 0.510417 0.017188 0.504167 0.014063 0.504167 0.009375 0.504167 0.006250 0.504167 0.003125 0.500000 0.001563 0.500000 0.001563 0.504167 0.001563 0.510417 0.001563 0.516667 0.001563 0.525000 0.001563 0.529167 0.001563 0.531250 0.006250 0.531250 0.015625 0.531250 0.020313 0.531250 0.023438 0.531250 0.025000 0.531250 0.025000 0.531250 0.031250 0.525000 0.031250 0.518750 0.032813 0.518750 0.032813 0.516667
6 0.303125 0.412500 0.306250 0.381250 0.285938 0.362500 0.265625 0.360417 0.240625 0.356250 0.207813 0.350000 0.162500 0.343750 0.125000 0.337500 0.093750 0.335417 0.042188 0.331250 0.021875 0.325000 0.001563 0.325000 -0.003125 0.347917 0.001563 0.368750 0.032813 0.381250 0.062500 0.381250 0.096875 0.393750 0.128125 0.397917 0.203125 0.400000 0.273438 0.412500 0.296875 0.412500
1 0.306250 0.381250 0.290625 0.379167 0.282813 0.375000 0.275000 0.375000 0.270313 0.375000 0.265625 0.375000 0.259375 0.375000 0.256250 0.375000 0.253125 0.375000 0.250000 0.381250 0.246875 0.387500 0.243750 0.391667 0.243750 0.393750 0.250000 0.393750 0.254688 0.393750 0.270313 0.393750 0.281250 0.400000 0.287500 0.400000 0.301563 0.406250 0.304688 0.406250 0.306250 0.406250 0.312500 0.404167 0.314063 0.387500 0.314063 0.379167
1 0.184375 0.350000 0.171875 0.350000 0.165625 0.350000 0.156250 0.347917 0.150000 0.347917 0.143750 0.347917 0.140625 0.350000 0.140625 0.362500 0.140625 0.368750 0.140625 0.379167 0.150000 0.379167 0.162500 0.379167 0.178125 0.381250 0.181250 0.385417 0.187500 0.387500 0.190625 0.381250 0.190625 0.375000 0.190625 0.368750 0.192188 0.356250 0.192188 0.350000 0.185938 0.347917 0.181250 0.343750
1 0.089063 0.347917 0.085938 0.343750 0.078125 0.341667 0.068750 0.337500 0.062500 0.337500 0.059375 0.335417 0.053125 0.335417 0.050000 0.335417 0.046875 0.343750 0.043750 0.350000 0.042188 0.356250 0.043750 0.360417 0.056250 0.360417 0.068750 0.362500 0.078125 0.362500 0.085938 0.366667 0.089063 0.366667 0.089063 0.362500 0.093750 0.356250 0.093750 0.350000 0.093750 0.343750 0.089063 0.341667
2 0.243750 0.366667 0.228125 0.360417 0.225000 0.356250 0.215625 0.350000 0.210938 0.350000 0.203125 0.350000 0.196875 0.350000 0.193750 0.350000 0.193750 0.362500 0.193750 0.375000 0.193750 0.381250 0.200000 0.381250 0.212500 0.387500 0.221875 0.391667 0.225000 0.393750 0.228125 0.397917 0.232813 0.400000 0.234375 0.393750 0.239063 0.387500 0.240625 0.381250 0.243750 0.375000
2 0.137500 0.347917 0.128125 0.347917 0.120313 0.343750 0.112500 0.341667 0.109375 0.337500 0.106250 0.335417 0.100000 0.335417 0.096875 0.337500 0.096875 0.343750 0.093750 0.350000 0.093750 0.356250 0.092188 0.360417 0.093750 0.362500 0.100000 0.362500 0.107813 0.368750 0.117188 0.372917 0.123438 0.375000 0.128125 0.375000 0.131250 0.379167 0.134375 0.379167 0.137500 0.372917 0.140625 0.360417 0.140625 0.356250
2 0.046875 0.331250 0.037500 0.331250 0.028125 0.331250 0.020313 0.331250 0.017188 0.331250 0.012500 0.329167 0.006250 0.329167 0.003125 0.329167 0.003125 0.337500 0.003125 0.347917 0.003125 0.350000 0.009375 0.350000 0.020313 0.350000 0.025000 0.356250 0.031250 0.356250 0.037500 0.356250 0.042188 0.360417 0.046875 0.360417 0.048438 0.350000 0.050000 0.343750 0.050000 0.335417 0.050000 0.329167
6 0.001563 0.166667 -0.001563 0.193750 0.025000 0.200000 0.050000 0.210417 0.085938 0.218750 0.109375 0.225000 0.140625 0.231250 0.196875 0.237500 0.228125 0.237500 0.270313 0.243750 0.300000 0.250000 0.318750 0.241667 0.306250 0.229167 0.287500 0.225000 0.267188 0.218750 0.243750 0.210417 0.184375 0.206250 0.146875 0.197917 0.081250 0.187500 0.046875 0.179167 0.017188 0.172917
1 0.043750 0.185417 0.037500 0.181250 0.034375 0.181250 0.025000 0.179167 0.023438 0.175000 0.020313 0.172917 0.014063 0.172917 0.009375 0.172917 0.006250 0.175000 0.003125 0.179167 0.001563 0.181250 0.003125 0.187500 0.006250 0.193750 0.012500 0.197917 0.017188 0.200000 0.023438 0.200000 0.025000 0.200000 0.032813 0.197917 0.037500 0.193750 0.040625 0.193750 0.042188 0.187500 0.042188 0.181250
1 0.137500 0.197917 0.131250 0.197917 0.125000 0.197917 0.117188 0.197917 0.109375 0.197917 0.106250 0.197917 0.100000 0.197917 0.100000 0.197917 0.096875 0.197917 0.093750 0.200000 0.093750 0.206250 0.093750 0.212500 0.093750 0.216667 0.096875 0.216667 0.106250 0.216667 0.112500 0.218750 0.120313 0.222917 0.123438 0.225000 0.125000 0.225000 0.128125 0.225000 0.129688 0.222917 0.131250 0.216667 0.134375 0.206250 0.134375 0.204167 0.134375 0.200000
1 0.221875 0.206250 0.210938 0.206250 0.207813 0.206250 0.193750 0.206250 0.190625 0.206250 0.181250 0.206250 0.176563 0.204167 0.171875 0.204167 0.170313 0.206250 0.171875 0.216667 0.171875 0.222917 0.171875 0.229167 0.179688 0.229167 0.185938 0.231250 0.193750 0.231250 0.206250 0.235417 0.212500 0.237500 0.217188 0.237500 0.221875 0.229167 0.225000 0.218750 0.225000 0.212500
7 0.360938 0.222917 0.340625 0.210417 0.329688 0.206250 0.317188 0.197917 0.306250 0.191667 0.300000 0.187500 0.290625 0.187500 0.284375 0.191667 0.282813 0.193750 0.275000 0.210417 0.278125 0.218750 0.290625 0.218750 0.304688 0.225000 0.315625 0.235417 0.321875 0.237500 0.328125 0.247917 0.337500 0.256250 0.343750 0.262500 0.350000 0.256250 0.353125 0.243750
1 0.301563 0.225000 0.293750 0.225000 0.287500 0.225000 0.281250 0.225000 0.275000 0.225000 0.271875 0.225000 0.270313 0.225000 0.268750 0.237500 0.270313 0.237500 0.278125 0.243750 0.282813 0.243750 0.285938 0.243750 0.290625 0.247917 0.298438 0.250000 0.303125 0.250000 0.304688 0.247917 0.306250 0.243750 0.306250 0.241667 0.306250 0.235417 0.306250 0.235417 0.304688 0.231250
2 0.262500 0.218750 0.253125 0.218750 0.246875 0.216667 0.240625 0.212500 0.234375 0.212500 0.231250 0.212500 0.228125 0.212500 0.225000 0.218750 0.221875 0.218750 0.221875 0.225000 0.218750 0.231250 0.221875 0.231250 0.225000 0.235417 0.228125 0.235417 0.232813 0.235417 0.240625 0.235417 0.246875 0.235417 0.253125 0.235417 0.259375 0.235417 0.265625 0.235417 0.267188 0.235417 0.270313 0.235417 0.270313 0.229167 0.270313 0.225000
2 0.168750 0.206250 0.162500 0.206250 0.160938 0.206250 0.156250 0.206250 0.150000 0.206250 0.148438 0.206250 0.143750 0.206250 0.140625 0.206250 0.139063 0.206250 0.134375 0.212500 0.131250 0.225000 0.131250 0.231250 0.131250 0.235417 0.134375 0.235417 0.140625 0.231250 0.148438 0.231250 0.153125 0.231250 0.156250 0.231250 0.159375 0.231250 0.162500 0.231250 0.162500 0.229167 0.165625 0.222917 0.165625 0.210417 0.165625 0.206250 0.165625 0.206250
2 0.093750 0.187500 0.085938 0.187500 0.078125 0.187500 0.071875 0.187500 0.065625 0.187500 0.059375 0.181250 0.053125 0.181250 0.048438 0.181250 0.043750 0.187500 0.040625 0.193750 0.037500 0.200000 0.043750 0.206250 0.054688 0.206250 0.059375 0.206250 0.068750 0.206250 0.076563 0.210417 0.081250 0.212500 0.085938 0.212500 0.090625 0.204167 0.092188 0.200000 0.093750 0.193750
6 0.412500 0.000000 0.407813 0.025000 0.400000 0.050000 0.392188 0.075000 0.384375 0.100000 0.379688 0.129167 0.376563 0.162500 0.371875 0.181250 0.367188 0.212500 0.364063 0.235417 0.360938 0.250000 0.376563 0.254167 0.384375 0.243750 0.395313 0.212500 0.403125 0.175000 0.412500 0.137500 0.421875 0.110417 0.431250 0.068750 0.439063 0.037500 0.440625 0.006250 0.431250 0.000000 0.415625 0.000000
6 0.521875 0.004167 0.515625 0.050000 0.506250 0.106250 0.500000 0.143750 0.493750 0.172917 0.493750 0.197917 0.492188 0.212500 0.492188 0.235417 0.493750 0.237500 0.506250 0.218750 0.510938 0.206250 0.515625 0.185417 0.518750 0.166667 0.523438 0.150000 0.528125 0.129167 0.531250 0.097917 0.534375 0.062500 0.543750 0.035417 0.543750 0.012500 0.534375 0.000000 0.523438 -0.004167
6 0.637500 0.010417 0.612500 0.006250 0.609375 0.031250 0.606250 0.079167 0.603125 0.118750 0.600000 0.154167 0.596875 0.193750 0.593750 0.225000 0.587500 0.262500 0.587500 0.293750 0.590625 0.318750 0.604688 0.316667 0.615625 0.297917 0.617188 0.266667 0.615625 0.237500 0.620313 0.200000 0.625000 0.162500 0.628125 0.118750 0.631250 0.087500 0.631250 0.035417
3 0.379688 0.368750 0.398438 0.347917 0.403125 0.343750 0.407813 0.331250 0.410938 0.312500 0.412500 0.300000 0.415625 0.281250 0.418750 0.266667 0.418750 0.254167 0.415625 0.237500 0.412500 0.229167 0.403125 0.225000 0.393750 0.229167 0.387500 0.231250 0.381250 0.243750 0.379688 0.262500 0.376563 0.275000 0.371875 0.285417 0.371875 0.300000 0.371875 0.318750 0.371875 0.337500 0.368750 0.362500 0.368750 0.375000
1 0.400000 0.200000 0.393750 0.200000 0.384375 0.200000 0.379688 0.200000 0.376563 0.197917 0.371875 0.193750 0.371875 0.204167 0.367188 0.212500 0.367188 0.216667 0.364063 0.231250 0.360938 0.237500 0.359375 0.243750 0.359375 0.254167 0.364063 0.256250 0.367188 0.256250 0.371875 0.256250 0.375000 0.256250 0.376563 0.254167 0.381250 0.243750 0.381250 0.237500 0.384375 0.229167 0.392188 0.210417
1 0.406250 0.100000 0.403125 0.100000 0.400000 0.100000 0.398438 0.100000 0.395313 0.106250 0.392188 0.106250 0.387500 0.110417 0.384375 0.116667 0.384375 0.122917 0.384375 0.129167 0.384375 0.137500 0.384375 0.137500 0.384375 0.143750 0.387500 0.150000 0.398438 0.150000 0.403125 0.150000 0.406250 0.150000 0.406250 0.137500 0.406250 0.125000 0.406250 0.118750 0.407813 0.106250 0.409375 0.106250 0.409375 0.100000
1 0.618750 0.256250 0.612500 0.254167 0.606250 0.254167 0.600000 0.254167 0.596875 0.254167 0.596875 0.256250 0.596875 0.268750 0.596875 0.275000 0.595313 0.285417 0.595313 0.291667 0.595313 0.293750 0.593750 0.297917 0.593750 0.300000 0.593750 0.304167 0.593750 0.310417 0.595313 0.312500 0.596875 0.318750 0.600000 0.318750 0.603125 0.318750 0.606250 0.312500 0.620313 0.291667 0.621875 0.285417 0.625000 0.281250 0.625000 0.268750 0.625000 0.260417 0.625000 0.256250
1 0.625000 0.162500 0.612500 0.162500 0.606250 0.162500 0.600000 0.156250 0.596875 0.156250 0.600000 0.162500 0.600000 0.166667 0.600000 0.168750 0.600000 0.179167 0.600000 0.181250 0.600000 0.187500 0.600000 0.193750 0.600000 0.197917 0.603125 0.200000 0.609375 0.200000 0.612500 0.200000 0.615625 0.204167 0.618750 0.200000 0.620313 0.187500 0.620313 0.179167 0.620313 0.172917 0.620313 0.168750 0.620313 0.166667
1 0.626563 0.081250 0.620313 0.081250 0.615625 0.079167 0.612500 0.075000 0.609375 0.075000 0.606250 0.075000 0.606250 0.081250 0.606250 0.085417 0.606250 0.093750 0.606250 0.104167 0.606250 0.112500 0.606250 0.116667 0.606250 0.118750 0.612500 0.122917 0.621875 0.122917 0.625000 0.122917 0.628125 0.118750 0.626563 0.106250 0.626563 0.093750 0.626563 0.091667 0.626563 0.087500
1 0.634375 0.000000 0.628125 0.004167 0.620313 0.004167 0.617188 0.004167 0.615625 0.004167 0.615625 0.006250 0.615625 0.010417 0.615625 0.012500 0.612500 0.018750 0.612500 0.022917 0.612500 0.025000 0.615625 0.029167 0.618750 0.031250 0.618750 0.031250 0.620313 0.037500 0.621875 0.037500 0.625000 0.037500 0.626563 0.037500 0.628125 0.035417 0.628125 0.031250 0.631250 0.031250 0.631250 0.025000 0.631250 0.018750 0.637500 0.006250 0.637500 0.000000 0.637500 0.000000
2 0.628125 0.037500 0.621875 0.037500 0.618750 0.037500 0.617188 0.037500 0.615625 0.037500 0.615625 0.043750 0.612500 0.050000 0.612500 0.050000 0.612500 0.056250 0.612500 0.066667 0.612500 0.068750 0.612500 0.072917 0.615625 0.075000 0.618750 0.075000 0.620313 0.075000 0.621875 0.075000 0.625000 0.075000 0.628125 0.075000 0.628125 0.072917 0.628125 0.056250 0.628125 0.050000 0.628125 0.043750 0.628125 0.041667
2 0.621875 0.125000 0.618750 0.125000 0.612500 0.125000 0.609375 0.125000 0.606250 0.125000 0.606250 0.125000 0.603125 0.125000 0.603125 0.125000 0.603125 0.131250 0.603125 0.131250 0.603125 0.137500 0.603125 0.137500 0.604688 0.143750 0.606250 0.143750 0.606250 0.150000 0.606250 0.150000 0.606250 0.154167 0.606250 0.154167 0.612500 0.156250 0.612500 0.156250 0.618750 0.160417 0.620313 0.160417 0.621875 0.156250 0.621875 0.156250 0.621875 0.143750 0.621875 0.141667 0.621875 0.131250 0.621875 0.129167 0.621875 0.129167
2 0.620313 0.200000 0.600000 0.206250 0.596875 0.206250 0.595313 0.210417 0.595313 0.212500 0.595313 0.222917 0.593750 0.225000 0.593750 0.231250 0.593750 0.237500 0.593750 0.237500 0.593750 0.243750 0.593750 0.247917 0.595313 0.250000 0.596875 0.254167 0.600000 0.256250 0.604688 0.256250 0.606250 0.256250 0.610938 0.256250 0.612500 0.254167 0.615625 0.250000 0.615625 0.243750 0.615625 0.235417 0.615625 0.222917 0.615625 0.212500 0.615625 0.210417
2 0.542188 0.004167 0.540625 0.004167 0.534375 0.000000 0.531250 0.000000 0.528125 0.000000 0.528125 0.000000 0.525000 0.000000 0.523438 0.000000 0.523438 0.000000 0.521875 0.004167 0.521875 0.006250 0.521875 0.006250 0.528125 0.010417 0.531250 0.010417 0.532813 0.010417 0.534375 0.012500 0.534375 0.012500 0.534375 0.010417 0.537500 0.006250 0.537500 0.006250 0.537500 0.004167 0.537500 0.004167
2 0.528125 0.068750 0.521875 0.066667 0.518750 0.062500 0.517188 0.062500 0.515625 0.066667 0.512500 0.075000 0.510938 0.081250 0.509375 0.085417 0.509375 0.087500 0.509375 0.093750 0.509375 0.097917 0.509375 0.100000 0.512500 0.100000 0.518750 0.106250 0.521875 0.106250 0.525000 0.106250 0.528125 0.100000 0.528125 0.093750 0.528125 0.081250 0.528125 0.075000 0.528125 0.068750 0.528125 0.062500
2 0.521875 0.143750 0.512500 0.143750 0.509375 0.143750 0.506250 0.147917 0.506250 0.150000 0.503125 0.156250 0.503125 0.160417 0.503125 0.162500 0.501563 0.166667 0.500000 0.168750 0.496875 0.175000 0.496875 0.181250 0.496875 0.187500 0.496875 0.193750 0.496875 0.197917 0.500000 0.197917 0.503125 0.197917 0.506250 0.197917 0.510938 0.197917 0.515625 0.197917 0.517188 0.197917 0.518750 0.187500 0.518750 0.168750 0.518750 0.160417 0.521875 0.150000 0.521875 0.143750 0.521875 0.143750
1 0.540625 0.016667 0.532813 0.016667 0.528125 0.016667 0.523438 0.016667 0.521875 0.016667 0.518750 0.025000 0.517188 0.029167 0.517188 0.031250 0.515625 0.043750 0.515625 0.050000 0.515625 0.056250 0.515625 0.062500 0.515625 0.068750 0.521875 0.068750 0.526563 0.072917 0.528125 0.072917 0.531250 0.068750 0.531250 0.066667 0.534375 0.050000 0.537500 0.035417 0.537500 0.031250 0.537500 0.025000 0.537500 0.025000 0.537500 0.018750
1 0.525000 0.106250 0.521875 0.106250 0.518750 0.106250 0.515625 0.110417 0.512500 0.110417 0.510938 0.112500 0.506250 0.116667 0.506250 0.122917 0.503125 0.131250 0.503125 0.135417 0.503125 0.141667 0.503125 0.143750 0.510938 0.143750 0.512500 0.147917 0.515625 0.147917 0.518750 0.147917 0.518750 0.143750 0.521875 0.135417 0.521875 0.125000 0.521875 0.118750 0.521875 0.112500
1 0.506250 0.200000 0.503125 0.200000 0.503125 0.200000 0.500000 0.200000 0.500000 0.200000 0.496875 0.206250 0.496875 0.212500 0.496875 0.212500 0.493750 0.218750 0.493750 0.225000 0.493750 0.225000 0.493750 0.229167 0.493750 0.231250 0.496875 0.231250 0.503125 0.231250 0.506250 0.225000 0.506250 0.225000 0.506250 0.222917 0.506250 0.216667 0.509375 0.212500 0.509375 0.206250 0.509375 0.200000 0.509375 0.200000
0 0.596875 0.110417 0.565625 0.106250 0.548438 0.100000 0.540625 0.100000 0.534375 0.125000 0.531250 0.150000 0.523438 0.181250 0.518750 0.206250 0.518750 0.222917 0.518750 0.235417 0.525000 0.247917 0.534375 0.254167 0.557813 0.260417 0.575000 0.262500 0.585938 0.262500 0.590625 0.256250 0.595313 0.237500 0.596875 0.210417 0.600000 0.179167 0.603125 0.141667 0.604688 0.125000 0.603125 0.110417 0.596875 0.106250
1 0.428125 0.018750 0.418750 0.018750 0.412500 0.018750 0.412500 0.018750 0.409375 0.025000 0.406250 0.031250 0.406250 0.041667 0.403125 0.050000 0.400000 0.054167 0.400000 0.060417 0.400000 0.066667 0.400000 0.066667 0.406250 0.066667 0.409375 0.062500 0.412500 0.062500 0.415625 0.062500 0.418750 0.062500 0.418750 0.060417 0.423438 0.043750 0.425000 0.037500 0.425000 0.037500 0.426563 0.029167 0.428125 0.025000
2 0.437500 0.006250 0.434375 0.006250 0.431250 0.004167 0.431250 0.000000 0.429688 0.000000 0.426563 0.000000 0.421875 0.000000 0.421875 0.000000 0.418750 0.000000 0.415625 0.000000 0.412500 0.000000 0.410938 0.004167 0.410938 0.006250 0.410938 0.006250 0.412500 0.012500 0.415625 0.012500 0.415625 0.016667 0.421875 0.016667 0.426563 0.016667 0.428125 0.016667 0.431250 0.016667 0.434375 0.016667 0.434375 0.016667 0.434375 0.010417 0.434375 0.010417
2 0.418750 0.072917 0.415625 0.068750 0.412500 0.068750 0.407813 0.068750 0.400000 0.068750 0.398438 0.068750 0.393750 0.072917 0.392188 0.072917 0.387500 0.075000 0.387500 0.081250 0.387500 0.085417 0.387500 0.087500 0.387500 0.093750 0.387500 0.097917 0.392188 0.100000 0.396875 0.100000 0.400000 0.100000 0.407813 0.097917 0.409375 0.093750 0.412500 0.091667 0.415625 0.085417 0.415625 0.081250 0.418750 0.072917 0.418750 0.068750
2 0.406250 0.154167 0.400000 0.154167 0.393750 0.156250 0.390625 0.156250 0.387500 0.156250 0.384375 0.156250 0.381250 0.162500 0.379688 0.166667 0.376563 0.172917 0.375000 0.175000 0.375000 0.179167 0.376563 0.181250 0.376563 0.185417 0.379688 0.187500 0.384375 0.191667 0.384375 0.191667 0.387500 0.193750 0.390625 0.193750 0.393750 0.191667 0.398438 0.187500 0.400000 0.181250 0.400000 0.179167 0.400000 0.175000 0.403125 0.166667 0.406250 0.162500 0.406250 0.156250 0.406250 0.156250
7 0.376563 0.016667 0.318750 0.000000 0.275000 -0.006250 0.240625 -0.004167 0.212500 0.000000 0.196875 0.006250 0.187500 0.031250 0.185938 0.056250 0.179688 0.091667 0.184375 0.100000 0.209375 0.112500 0.237500 0.116667 0.265625 0.116667 0.304688 0.118750 0.337500 0.125000 0.356250 0.125000 0.368750 0.100000 0.376563 0.068750 0.381250 0.018750 0.375000 0.000000 0.340625 0.000000
7 0.165625 0.012500 0.140625 0.000000 0.128125 0.000000 0.117188 0.004167 0.103125 0.018750 0.093750 0.035417 0.085938 0.050000 0.078125 0.068750 0.076563 0.081250 0.075000 0.087500 0.085938 0.093750 0.106250 0.110417 0.117188 0.112500 0.123438 0.112500 0.131250 0.100000 0.143750 0.085417 0.150000 0.075000 0.156250 0.056250 0.162500 0.037500 0.165625 0.025000 0.165625 0.016667
3 0.556250 0.147917 0.543750 0.141667 0.534375 0.145833 0.526563 0.156250 0.521875 0.168750 0.510938 0.204167 0.504687 0.225000 0.503125 0.235417 0.500000 0.258333 0.496875 0.277083 0.495312 0.287500 0.495312 0.308333 0.498437 0.322917 0.503125 0.318750 0.512500 0.300000 0.520312 0.281250 0.523438 0.270833 0.528125 0.256250 0.534375 0.241667 0.540625 0.222917 0.548438 0.202083 0.554688 0.179167 0.557813 0.164583 0.557813 0.150000
