3 0.531250 0.243750 0.479687 0.241667 0.440625 0.241667 0.401562 0.241667 0.398438 0.268750 0.414062 0.291667 0.428125 0.318750 0.431250 0.352083 0.434375 0.389583 0.435937 0.425000 0.439063 0.462500 0.443750 0.500000 0.448437 0.537500 0.459375 0.577083 0.460938 0.608333 0.450000 0.629167 0.457813 0.656250 0.473438 0.677083 0.495312 0.685417 0.526563 0.675000 0.553125 0.672917
3 0.093750 0.560417 0.065625 0.550000 0.037500 0.577083 0.023438 0.622917 0.039062 0.666667 0.053125 0.706250 0.065625 0.750000 0.076563 0.787500 0.089063 0.835417 0.093750 0.883333 0.118750 0.925000 0.146875 0.929167 0.171875 0.891667 0.182812 0.843750 0.179688 0.783333 0.170313 0.727083 0.157812 0.683333 0.143750 0.650000 0.153125 0.602083 0.118750 0.572917 0.085938 0.550000
7 0.267188 0.835417 0.270313 0.808333 0.279687 0.781250 0.285938 0.752083 0.285938 0.722917 0.287500 0.695833 0.278125 0.666667 0.262500 0.645833 0.240625 0.633333 0.220312 0.633333 0.203125 0.641667 0.198437 0.666667 0.192188 0.693750 0.189062 0.727083 0.185938 0.777083 0.187500 0.825000 0.196875 0.852083 0.212500 0.856250 0.231250 0.847917 0.253125 0.845833
7 0.037500 0.754167 0.028125 0.745833 0.014063 0.745833 0.000000 0.752083 -0.014063 0.758333 -0.001563 0.766667 0.007812 0.770833 0.010937 0.787500 0.009375 0.806250 0.009375 0.825000 0.012500 0.847917 0.017188 0.862500 0.031250 0.864583 0.046875 0.868750 0.059375 0.868750 0.062500 0.852083 0.057813 0.822917 0.053125 0.804167 0.046875 0.779167 0.042188 0.764583 0.037500 0.747917
6 0.762500 0.379167 0.731250 0.368750 0.746875 0.433333 0.771875 0.483333 0.787500 0.533333 0.806250 0.593750 0.831250 0.654167 0.848437 0.714583 0.871875 0.777083 0.890625 0.831250 0.929688 0.860417 0.984375 0.856250 0.990625 0.814583 0.932813 0.825000 0.912500 0.775000 0.884375 0.697917 0.856250 0.629167 0.826562 0.558333 0.801562 0.493750 0.782813 0.437500 0.764062 0.377083
6 0.573438 0.847917 0.575000 0.800000 0.575000 0.779167 0.573438 0.756250 0.570312 0.737500 0.570312 0.718750 0.567187 0.702083 0.564063 0.683333 0.556250 0.683333 0.548438 0.691667 0.548438 0.710417 0.548438 0.729167 0.543750 0.743750 0.542188 0.766667 0.542188 0.787500 0.546875 0.800000 0.551562 0.814583 0.554688 0.831250 0.557813 0.847917 0.564063 0.858333 0.570312 0.850000
6 0.560937 0.389583 0.551562 0.362500 0.535937 0.375000 0.529687 0.404167 0.531250 0.429167 0.532813 0.458333 0.535937 0.485417 0.539062 0.512500 0.540625 0.539583 0.540625 0.568750 0.540625 0.597917 0.537500 0.627083 0.560937 0.627083 0.568750 0.604167 0.568750 0.572917 0.567187 0.543750 0.565625 0.510417 0.564063 0.481250 0.564063 0.450000 0.560937 0.425000 0.560937 0.395833
6 0.265625 0.914583 0.284375 0.816667 0.304688 0.729167 0.325000 0.656250 0.343750 0.585417 0.359375 0.520833 0.376563 0.431250 0.379688 0.368750 0.353125 0.397917 0.337500 0.456250 0.321875 0.516667 0.303125 0.562500 0.295312 0.622917 0.281250 0.666667 0.278125 0.722917 0.267188 0.772917 0.256250 0.822917 0.232813 0.872917 0.237500 0.935417 0.271875 0.945833
6 0.234375 0.933333 0.215625 0.927083 0.203125 0.920833 0.192188 0.918750 0.179688 0.918750 0.165625 0.918750 0.153125 0.920833 0.143750 0.925000 0.148438 0.935417 0.156250 0.937500 0.165625 0.931250 0.175000 0.931250 0.178125 0.943750 0.179688 0.956250 0.182812 0.966667 0.190625 0.968750 0.200000 0.968750 0.210938 0.968750 0.225000 0.968750 0.234375 0.964583 0.243750 0.943750 0.243750 0.927083
6 0.084375 0.920833 0.071875 0.920833 0.059375 0.920833 0.046875 0.916667 0.034375 0.912500 0.020313 0.908333 0.006250 0.908333 -0.001563 0.910417 0.000000 0.925000 0.000000 0.943750 0.001563 0.954167 0.014063 0.960417 0.025000 0.964583 0.037500 0.964583 0.050000 0.966667 0.068750 0.970833 0.081250 0.972917 0.089063 0.968750 0.089063 0.954167 0.082812 0.943750 0.081250 0.925000
1 0.742188 0.391667 0.745313 0.389583 0.751563 0.387500 0.756250 0.387500 0.760938 0.387500 0.765625 0.387500 0.767188 0.383333 0.765625 0.377083 0.764062 0.372917 0.760938 0.368750 0.757812 0.366667 0.754687 0.364583 0.751563 0.360417 0.746875 0.358333 0.745313 0.356250 0.740625 0.356250 0.739062 0.360417 0.737500 0.364583 0.735938 0.368750 0.735938 0.375000 0.737500 0.379167 0.739062 0.383333 0.742188 0.385417 0.745313 0.387500
1 0.784375 0.439583 0.779687 0.437500 0.773438 0.437500 0.767188 0.437500 0.760938 0.437500 0.756250 0.437500 0.757812 0.443750 0.759375 0.450000 0.760938 0.456250 0.762500 0.460417 0.764062 0.464583 0.767188 0.468750 0.770312 0.470833 0.775000 0.472917 0.781250 0.472917 0.784375 0.472917 0.790625 0.472917 0.793750 0.468750 0.790625 0.460417 0.789062 0.454167 0.787500 0.447917 0.785937 0.439583 0.784375 0.433333
1 0.815625 0.529167 0.809375 0.522917 0.803125 0.520833 0.796875 0.527083 0.793750 0.533333 0.793750 0.543750 0.793750 0.554167 0.796875 0.562500 0.798438 0.572917 0.800000 0.579167 0.806250 0.581250 0.812500 0.583333 0.818750 0.585417 0.826562 0.585417 0.832812 0.583333 0.834375 0.572917 0.832812 0.562500 0.831250 0.554167 0.826562 0.541667 0.820312 0.533333 0.815625 0.529167
1 0.867188 0.662500 0.860938 0.666667 0.853125 0.666667 0.846875 0.670833 0.839063 0.670833 0.839063 0.677083 0.840625 0.689583 0.843750 0.697917 0.845313 0.706250 0.848437 0.712500 0.851562 0.716667 0.857812 0.718750 0.864062 0.720833 0.873437 0.722917 0.881250 0.722917 0.889062 0.722917 0.889062 0.710417 0.884375 0.691667 0.879687 0.677083 0.875000 0.666667 0.870313 0.658333
1 0.992188 0.818750 0.979688 0.816667 0.970313 0.818750 0.959375 0.818750 0.945312 0.822917 0.931250 0.827083 0.915625 0.831250 0.906250 0.835417 0.901563 0.841667 0.904687 0.852083 0.910937 0.856250 0.923438 0.856250 0.932813 0.856250 0.946875 0.858333 0.957812 0.858333 0.968750 0.858333 0.979688 0.854167 0.989062 0.854167 0.993750 0.847917 0.993750 0.835417 0.992188 0.822917
1 0.550000 0.747917 0.557813 0.747917 0.567187 0.747917 0.570312 0.743750 0.571875 0.735417 0.571875 0.722917 0.571875 0.714583 0.571875 0.706250 0.571875 0.697917 0.570312 0.689583 0.568750 0.683333 0.564063 0.679167 0.560937 0.683333 0.556250 0.687500 0.551562 0.689583 0.548438 0.695833 0.545312 0.702083 0.543750 0.706250 0.543750 0.714583 0.543750 0.720833 0.546875 0.729167 0.546875 0.739583 0.548438 0.745833
1 0.540625 0.600000 0.551562 0.600000 0.557813 0.600000 0.565625 0.600000 0.570312 0.595833 0.570312 0.589583 0.568750 0.577083 0.568750 0.566667 0.565625 0.558333 0.564063 0.554167 0.559375 0.543750 0.557813 0.537500 0.551562 0.533333 0.545312 0.535417 0.542188 0.541667 0.543750 0.550000 0.543750 0.558333 0.543750 0.568750 0.543750 0.577083 0.543750 0.585417 0.543750 0.593750
1 0.537500 0.483333 0.546875 0.483333 0.551562 0.483333 0.557813 0.483333 0.559375 0.481250 0.559375 0.472917 0.559375 0.466667 0.559375 0.460417 0.559375 0.452083 0.559375 0.443750 0.559375 0.437500 0.557813 0.433333 0.553125 0.431250 0.548438 0.431250 0.543750 0.433333 0.539062 0.435417 0.535937 0.439583 0.535937 0.447917 0.535937 0.454167 0.535937 0.460417 0.537500 0.466667 0.537500 0.472917 0.539062 0.481250
1 0.537500 0.395833 0.542188 0.395833 0.548438 0.395833 0.551562 0.395833 0.554688 0.393750 0.557813 0.391667 0.559375 0.387500 0.557813 0.381250 0.554688 0.377083 0.553125 0.375000 0.550000 0.368750 0.545312 0.368750 0.543750 0.370833 0.540625 0.375000 0.539062 0.379167 0.537500 0.381250 0.535937 0.385417 0.534375 0.389583 0.535937 0.395833 0.537500 0.400000 0.540625 0.397917
0 0.478125 0.618750 0.468750 0.577083 0.435937 0.575000 0.389062 0.575000 0.364063 0.587500 0.367188 0.633333 0.371875 0.672917 0.371875 0.706250 0.367188 0.739583 0.364063 0.775000 0.353125 0.800000 0.354687 0.825000 0.390625 0.822917 0.423438 0.822917 0.460938 0.835417 0.487500 0.831250 0.485938 0.800000 0.476562 0.739583 0.476562 0.689583 0.473438 0.656250 0.473438 0.602083
1 0.348438 0.416667 0.364063 0.416667 0.371875 0.416667 0.376563 0.416667 0.376563 0.414583 0.376563 0.408333 0.378125 0.400000 0.378125 0.393750 0.378125 0.387500 0.378125 0.379167 0.376563 0.375000 0.373437 0.366667 0.368750 0.368750 0.365625 0.368750 0.360938 0.375000 0.357812 0.379167 0.354687 0.381250 0.353125 0.383333 0.351562 0.387500 0.350000 0.395833 0.350000 0.404167 0.350000 0.412500 0.350000 0.418750
1 0.318750 0.520833 0.326562 0.520833 0.334375 0.516667 0.343750 0.516667 0.350000 0.514583 0.353125 0.510417 0.356250 0.500000 0.356250 0.489583 0.359375 0.481250 0.359375 0.477083 0.359375 0.468750 0.353125 0.466667 0.346875 0.466667 0.340625 0.466667 0.334375 0.468750 0.329688 0.472917 0.325000 0.481250 0.321875 0.491667 0.320312 0.504167 0.318750 0.510417 0.315625 0.520833
1 0.285938 0.641667 0.295312 0.641667 0.301563 0.641667 0.310937 0.639583 0.318750 0.639583 0.320312 0.633333 0.325000 0.610417 0.326562 0.600000 0.328125 0.585417 0.328125 0.575000 0.328125 0.566667 0.321875 0.566667 0.317188 0.570833 0.315625 0.575000 0.312500 0.577083 0.307812 0.583333 0.303125 0.589583 0.296875 0.600000 0.292187 0.616667 0.292187 0.625000 0.289062 0.635417
1 0.267188 0.791667 0.275000 0.791667 0.281250 0.791667 0.285938 0.789583 0.289062 0.787500 0.292187 0.775000 0.292187 0.766667 0.293750 0.758333 0.293750 0.752083 0.293750 0.739583 0.293750 0.733333 0.292187 0.727083 0.289062 0.722917 0.282813 0.727083 0.278125 0.731250 0.273438 0.739583 0.270313 0.745833 0.268750 0.760417 0.267188 0.766667 0.267188 0.775000 0.267188 0.785417
1 0.234375 0.933333 0.214062 0.925000 0.198437 0.925000 0.189062 0.925000 0.179688 0.927083 0.173437 0.925000 0.168750 0.925000 0.164062 0.925000 0.175000 0.937500 0.181250 0.943750 0.185938 0.950000 0.192188 0.956250 0.195312 0.962500 0.200000 0.964583 0.209375 0.964583 0.220312 0.964583 0.228125 0.964583 0.229687 0.960417 0.235937 0.939583 0.237500 0.933333 0.237500 0.929167
1 0.026562 0.918750 0.023438 0.916667 0.015625 0.912500 0.009375 0.912500 0.004687 0.912500 0.000000 0.908333 0.000000 0.912500 0.000000 0.914583 0.000000 0.918750 0.001563 0.925000 0.001563 0.931250 0.000000 0.933333 0.000000 0.947917 0.000000 0.952083 0.000000 0.947917 0.001563 0.947917 0.004687 0.947917 0.009375 0.947917 0.010937 0.943750 0.012500 0.941667 0.014063 0.937500 0.017188 0.929167 0.023438 0.920833 0.026562 0.916667
2 0.767188 0.391667 0.756250 0.391667 0.751563 0.391667 0.745313 0.391667 0.742188 0.391667 0.742188 0.404167 0.745313 0.410417 0.745313 0.416667 0.746875 0.422917 0.748437 0.429167 0.751563 0.433333 0.754687 0.433333 0.760938 0.433333 0.767188 0.431250 0.771875 0.431250 0.773438 0.429167 0.773438 0.420833 0.773438 0.414583 0.770312 0.404167 0.767188 0.391667 0.767188 0.383333 0.764062 0.383333
2 0.796875 0.472917 0.790625 0.475000 0.784375 0.477083 0.781250 0.477083 0.776563 0.477083 0.776563 0.481250 0.778125 0.485417 0.781250 0.489583 0.784375 0.500000 0.784375 0.504167 0.787500 0.506250 0.789062 0.510417 0.792188 0.512500 0.795312 0.512500 0.798438 0.512500 0.801562 0.510417 0.803125 0.508333 0.804688 0.504167 0.804688 0.500000 0.804688 0.493750 0.804688 0.487500 0.803125 0.481250 0.801562 0.477083 0.800000 0.477083 0.796875 0.475000
2 0.839063 0.591667 0.825000 0.593750 0.812500 0.593750 0.809375 0.597917 0.814063 0.616667 0.818750 0.625000 0.821875 0.637500 0.825000 0.645833 0.828125 0.650000 0.832812 0.656250 0.835938 0.658333 0.842187 0.658333 0.850000 0.658333 0.856250 0.656250 0.864062 0.654167 0.860938 0.645833 0.854688 0.633333 0.851562 0.620833 0.848437 0.610417 0.845313 0.600000 0.840625 0.593750
2 0.890625 0.727083 0.870313 0.727083 0.864062 0.729167 0.867188 0.741667 0.867188 0.754167 0.868750 0.766667 0.873437 0.783333 0.876563 0.795833 0.881250 0.804167 0.887500 0.818750 0.893750 0.827083 0.903125 0.831250 0.912500 0.831250 0.920312 0.822917 0.920312 0.808333 0.918750 0.795833 0.915625 0.783333 0.907813 0.770833 0.903125 0.758333 0.896875 0.739583 0.892188 0.727083
2 0.571875 0.750000 0.551562 0.750000 0.543750 0.750000 0.542188 0.758333 0.542188 0.770833 0.543750 0.783333 0.546875 0.791667 0.548438 0.804167 0.551562 0.816667 0.554688 0.825000 0.557813 0.831250 0.560937 0.835417 0.565625 0.843750 0.567187 0.839583 0.568750 0.831250 0.568750 0.818750 0.568750 0.804167 0.567187 0.787500 0.567187 0.775000 0.565625 0.762500 0.565625 0.750000 0.565625 0.739583
2 0.559375 0.485417 0.546875 0.485417 0.540625 0.487500 0.535937 0.487500 0.537500 0.489583 0.540625 0.495833 0.540625 0.504167 0.540625 0.512500 0.540625 0.525000 0.540625 0.529167 0.545312 0.533333 0.550000 0.533333 0.554688 0.537500 0.557813 0.537500 0.560937 0.537500 0.562500 0.525000 0.564063 0.508333 0.562500 0.502083 0.560937 0.493750 0.557813 0.489583 0.557813 0.483333
2 0.556250 0.391667 0.548438 0.393750 0.543750 0.395833 0.537500 0.395833 0.535937 0.397917 0.535937 0.402083 0.535937 0.408333 0.535937 0.416667 0.535937 0.425000 0.535937 0.431250 0.535937 0.433333 0.540625 0.433333 0.543750 0.433333 0.548438 0.433333 0.553125 0.433333 0.556250 0.433333 0.559375 0.431250 0.559375 0.427083 0.559375 0.416667 0.559375 0.412500 0.559375 0.404167 0.557813 0.400000 0.557813 0.395833 0.557813 0.391667
2 0.371875 0.420833 0.364063 0.420833 0.354687 0.420833 0.350000 0.420833 0.346875 0.422917 0.343750 0.441667 0.342187 0.445833 0.339062 0.450000 0.337500 0.456250 0.335938 0.466667 0.337500 0.464583 0.340625 0.462500 0.348438 0.462500 0.353125 0.462500 0.359375 0.462500 0.364063 0.460417 0.367188 0.456250 0.367188 0.447917 0.370312 0.439583 0.370312 0.431250 0.370312 0.425000 0.370312 0.416667
2 0.345313 0.518750 0.340625 0.518750 0.334375 0.518750 0.328125 0.516667 0.321875 0.516667 0.318750 0.516667 0.317188 0.520833 0.314063 0.527083 0.312500 0.533333 0.310937 0.537500 0.307812 0.545833 0.306250 0.554167 0.304688 0.558333 0.312500 0.558333 0.318750 0.558333 0.325000 0.558333 0.331250 0.558333 0.334375 0.558333 0.339062 0.558333 0.340625 0.554167 0.343750 0.533333 0.346875 0.518750
2 0.318750 0.641667 0.309375 0.641667 0.304688 0.643750 0.292187 0.643750 0.282813 0.643750 0.282813 0.664583 0.281250 0.679167 0.278125 0.687500 0.276562 0.697917 0.275000 0.720833 0.285938 0.720833 0.293750 0.720833 0.300000 0.718750 0.303125 0.712500 0.304688 0.704167 0.310937 0.689583 0.315625 0.679167 0.318750 0.666667 0.318750 0.656250 0.317188 0.647917 0.310937 0.645833 0.304688 0.645833
2 0.279687 0.825000 0.270313 0.825000 0.259375 0.829167 0.250000 0.835417 0.246875 0.841667 0.242188 0.847917 0.237500 0.860417 0.234375 0.866667 0.234375 0.879167 0.235937 0.897917 0.237500 0.904167 0.240625 0.910417 0.245312 0.918750 0.250000 0.920833 0.254688 0.920833 0.259375 0.916667 0.265625 0.906250 0.270313 0.893750 0.270313 0.883333 0.271875 0.868750 0.271875 0.858333 0.271875 0.841667 0.271875 0.831250
2 0.076563 0.920833 0.056250 0.920833 0.046875 0.920833 0.039062 0.920833 0.031250 0.922917 0.025000 0.925000 0.023438 0.933333 0.020313 0.943750 0.017188 0.947917 0.023438 0.943750 0.031250 0.947917 0.037500 0.950000 0.043750 0.954167 0.051562 0.956250 0.060937 0.956250 0.068750 0.956250 0.075000 0.958333 0.082812 0.958333 0.082812 0.947917 0.079687 0.937500 0.075000 0.925000
