7 0.682813 0.418750 0.084375 0.091667
7 0.727344 0.476042 0.104688 0.118750
7 0.348438 0.307292 0.181250 0.135417
7 0.306250 0.334375 0.081250 0.081250
7 0.155469 0.306250 0.120313 0.037500
7 0.148438 0.497917 0.121875 0.116667
0 0.733594 0.572917 0.170313 0.125000
0 0.925000 0.638542 0.165625 0.131250
0 0.135937 0.643750 0.165625 0.137500
0 0.227344 0.390625 0.089063 0.131250
0 0.118750 0.351042 0.093750 0.118750
0 0.589063 0.415625 0.081250 0.122917
3 0.595313 0.231250 0.028125 0.175000
3 0.524219 0.228125 0.048438 0.143750
3 0.342969 0.226042 0.020313 0.160417
3 0.398438 0.168750 0.362500 0.158333 0.350000 0.162500 0.346875 0.185417 0.346875 0.210417 0.343750 0.239583 0.343750 0.266667 0.343750 0.291667 0.340625 0.314583 0.339062 0.337500 0.337500 0.366667 0.345313 0.383333 0.364063 0.387500 0.378125 0.383333 0.385937 0.360417 0.390625 0.335417 0.390625 0.308333 0.390625 0.277083 0.390625 0.245833 0.392188 0.208333 0.393750 0.179167
