6 0.585938 0.000000 0.700000 0.020833 0.885938 0.056250 1.000000 0.054167 0.893750 0.031250 0.773438 0.006250 0.620313 -0.010417 0.543750 0.008333 0.543750 0.112500 0.564063 0.243750 0.573438 0.381250 0.567187 0.554167 0.564063 0.743750 0.587500 0.875000 0.664062 0.864583 0.667188 0.693750 0.659375 0.564583 0.648438 0.404167 0.634375 0.258333 0.606250 0.116667 0.585938 0.012500
6 0.121875 0.006250 0.104688 0.020833 0.082812 0.043750 0.062500 0.060417 0.043750 0.077083 0.031250 0.093750 0.018750 0.112500 0.001563 0.145833 -0.014063 0.177083 -0.006250 0.206250 0.010937 0.208333 0.028125 0.183333 0.037500 0.156250 0.050000 0.135417 0.071875 0.110417 0.092188 0.095833 0.109375 0.077083 0.128125 0.058333 0.134375 0.033333 0.131250 0.010417
6 0.282813 0.037500 0.243750 0.100000 0.220312 0.170833 0.200000 0.264583 0.182812 0.337500 0.137500 0.439583 0.101562 0.554167 0.056250 0.670833 0.023438 0.787500 0.001563 0.937500 0.021875 1.012500 0.078125 0.947917 0.101562 0.858333 0.120313 0.758333 0.148438 0.645833 0.182812 0.529167 0.225000 0.400000 0.250000 0.295833 0.276562 0.200000 0.312500 0.079167 0.307812 0.031250
1 0.628125 0.018750 0.643750 0.018750 0.657813 0.018750 0.667188 0.018750 0.676562 0.018750 0.685937 0.018750 0.692187 0.018750 0.700000 0.020833 0.706250 0.020833 0.712500 0.016667 0.712500 0.006250 0.712500 0.000000 0.703125 -0.002083 0.679688 -0.002083 0.670312 -0.002083 0.654687 -0.002083 0.642188 -0.002083 0.632812 -0.002083 0.628125 -0.002083 0.625000 0.002083 0.628125 0.012500 0.631250 0.020833 0.642188 0.020833
1 0.793750 0.002083 0.796875 0.008333 0.801562 0.016667 0.801562 0.020833 0.803125 0.029167 0.803125 0.037500 0.806250 0.041667 0.835938 0.041667 0.857812 0.041667 0.864062 0.041667 0.871875 0.041667 0.878125 0.041667 0.884375 0.045833 0.885938 0.035417 0.885938 0.025000 0.885938 0.014583 0.873437 0.016667 0.845313 0.018750 0.831250 0.018750 0.821875 0.018750 0.806250 0.018750 0.798438 0.018750 0.793750 0.018750
1 0.943750 0.039583 0.943750 0.045833 0.943750 0.054167 0.945312 0.058333 0.957812 0.058333 0.967187 0.058333 0.970313 0.058333 0.975000 0.058333 0.981250 0.058333 0.987500 0.058333 0.992188 0.058333 0.995313 0.058333 1.000000 0.058333 1.003125 0.058333 1.006250 0.058333 1.006250 0.050000 1.003125 0.045833 0.987500 0.045833 0.962500 0.045833 0.939063 0.045833 0.932813 0.043750 0.929688 0.043750
1 0.577344 0.072917 0.048438 0.054167
1 0.585938 0.194792 0.050000 0.093750
1 0.607812 0.401042 0.062500 0.118750
1 0.624219 0.764583 0.067187 0.233333
1 0.103125 0.581250 0.095312 0.618750 0.089063 0.645833 0.079687 0.677083 0.070312 0.702083 0.064062 0.722917 0.059375 0.739583 0.059375 0.758333 0.056250 0.772917 0.067187 0.779167 0.085938 0.779167 0.098437 0.779167 0.107813 0.768750 0.120313 0.745833 0.128125 0.731250 0.131250 0.712500 0.135937 0.687500 0.139063 0.662500 0.143750 0.637500 0.145313 0.614583 0.148438 0.597917 0.150000 0.585417
1 0.201563 0.300000 0.193750 0.318750 0.185938 0.335417 0.176563 0.358333 0.173437 0.375000 0.165625 0.389583 0.157812 0.406250 0.153125 0.420833 0.154688 0.431250 0.185938 0.433333 0.198437 0.433333 0.210938 0.431250 0.218750 0.408333 0.221875 0.387500 0.226562 0.370833 0.232813 0.350000 0.239063 0.327083 0.243750 0.314583 0.240625 0.300000 0.220312 0.300000 0.207813 0.297917 0.196875 0.295833
1 0.242188 0.141667 0.237500 0.154167 0.231250 0.166667 0.228125 0.179167 0.228125 0.189583 0.226562 0.202083 0.225000 0.212500 0.226562 0.220833 0.239063 0.220833 0.251563 0.220833 0.262500 0.220833 0.270313 0.214583 0.271875 0.197917 0.273438 0.179167 0.275000 0.166667 0.278125 0.154167 0.279687 0.145833 0.282813 0.137500 0.265625 0.133333 0.250000 0.137500 0.240625 0.139583
1 0.289062 0.025000 0.287500 0.033333 0.284375 0.043750 0.279687 0.054167 0.276562 0.060417 0.273438 0.066667 0.270313 0.072917 0.279687 0.075000 0.289062 0.077083 0.295312 0.079167 0.304688 0.079167 0.307812 0.068750 0.309375 0.052083 0.312500 0.045833 0.315625 0.037500 0.314063 0.033333 0.306250 0.033333 0.301563 0.029167 0.295312 0.027083 0.292187 0.022917 0.287500 0.022917
1 0.071875 0.062500 0.068750 0.070833 0.064062 0.072917 0.060937 0.079167 0.056250 0.085417 0.053125 0.089583 0.046875 0.097917 0.043750 0.102083 0.046875 0.108333 0.053125 0.112500 0.060937 0.114583 0.068750 0.114583 0.071875 0.106250 0.071875 0.097917 0.075000 0.091667 0.081250 0.083333 0.085938 0.077083 0.089063 0.068750 0.092188 0.060417 0.092188 0.054167 0.085938 0.050000 0.081250 0.050000
1 0.000000 0.166667 0.000000 0.170833 -0.003125 0.175000 -0.004687 0.181250 -0.006250 0.185417 -0.006250 0.189583 -0.006250 0.195833 -0.006250 0.200000 -0.003125 0.202083 0.000000 0.202083 0.004687 0.202083 0.009375 0.202083 0.012500 0.202083 0.015625 0.197917 0.017188 0.183333 0.018750 0.179167 0.020313 0.175000 0.021875 0.168750 0.018750 0.166667 0.014063 0.166667 0.007812 0.166667 0.004687 0.166667 0.001563 0.166667 0.000000 0.166667
2 0.150000 0.439583 0.140625 0.464583 0.134375 0.481250 0.128125 0.502083 0.123438 0.516667 0.120313 0.535417 0.118750 0.547917 0.129688 0.550000 0.140625 0.554167 0.156250 0.560417 0.167187 0.566667 0.173437 0.558333 0.178125 0.533333 0.185938 0.512500 0.192188 0.491667 0.198437 0.472917 0.198437 0.458333 0.200000 0.445833 0.182812 0.443750 0.162500 0.441667 0.153125 0.437500
2 0.056250 0.785417 0.051562 0.800000 0.045312 0.825000 0.037500 0.852083 0.026562 0.881250 0.017188 0.916667 0.009375 0.943750 0.003125 0.975000 0.007812 0.989583 0.023438 1.000000 0.037500 1.002083 0.051562 0.993750 0.062500 0.960417 0.075000 0.933333 0.089063 0.889583 0.098437 0.843750 0.103125 0.814583 0.104688 0.791667 0.093750 0.785417 0.064062 0.785417
2 0.573438 0.470833 0.579688 0.514583 0.582812 0.537500 0.582812 0.558333 0.582812 0.577083 0.582812 0.597917 0.582812 0.616667 0.585938 0.631250 0.589063 0.637500 0.600000 0.637500 0.621875 0.639583 0.642188 0.641667 0.648438 0.641667 0.651563 0.635417 0.651563 0.587500 0.651563 0.556250 0.651563 0.535417 0.651563 0.516667 0.651563 0.504167 0.651563 0.493750 0.651563 0.481250 0.650000 0.470833
2 0.567187 0.247917 0.567187 0.275000 0.570312 0.291667 0.570312 0.306250 0.571875 0.322917 0.573438 0.341667 0.600000 0.341667 0.628125 0.341667 0.642188 0.341667 0.643750 0.318750 0.645312 0.297917 0.643750 0.281250 0.642188 0.266667 0.639062 0.252083 0.635938 0.245833 0.625000 0.243750 0.612500 0.243750 0.604688 0.245833 0.593750 0.247917 0.578125 0.250000 0.571875 0.250000 0.562500 0.250000
2 0.553125 0.102083 0.554688 0.120833 0.556250 0.131250 0.556250 0.139583 0.557813 0.145833 0.560937 0.152083 0.567187 0.156250 0.573438 0.156250 0.579688 0.156250 0.589063 0.154167 0.595313 0.154167 0.600000 0.152083 0.604688 0.145833 0.606250 0.129167 0.606250 0.118750 0.606250 0.110417 0.603125 0.104167 0.590625 0.104167 0.576562 0.104167 0.570312 0.104167 0.564063 0.104167 0.557813 0.104167 0.553125 0.104167 0.548438 0.106250
2 0.546875 0.012500 0.545312 0.016667 0.545312 0.025000 0.545312 0.031250 0.546875 0.033333 0.550000 0.033333 0.553125 0.033333 0.557813 0.033333 0.564063 0.033333 0.565625 0.035417 0.570312 0.037500 0.573438 0.037500 0.576562 0.037500 0.579688 0.037500 0.582812 0.037500 0.585938 0.039583 0.587500 0.039583 0.587500 0.033333 0.587500 0.029167 0.587500 0.025000 0.587500 0.020833 0.587500 0.016667 0.587500 0.012500 0.585938 0.010417
2 0.887500 0.027083 0.885938 0.033333 0.885938 0.037500 0.889062 0.039583 0.893750 0.041667 0.898438 0.041667 0.903125 0.041667 0.907813 0.043750 0.915625 0.043750 0.918750 0.043750 0.923438 0.043750 0.926562 0.045833 0.929688 0.050000 0.931250 0.043750 0.931250 0.037500 0.925000 0.033333 0.918750 0.029167 0.904687 0.027083 0.898438 0.027083 0.893750 0.027083 0.890625 0.027083
2 0.700000 0.010417 0.698438 0.025000 0.704688 0.029167 0.731250 0.029167 0.745313 0.029167 0.751563 0.027083 0.759375 0.025000 0.764062 0.025000 0.770312 0.025000 0.776563 0.029167 0.784375 0.029167 0.790625 0.033333 0.796875 0.033333 0.800000 0.027083 0.795312 0.020833 0.773438 0.020833 0.754687 0.016667 0.739062 0.016667 0.725000 0.016667 0.717187 0.016667 0.709375 0.012500 0.701562 0.010417
2 0.265625 0.077083 0.262500 0.089583 0.257812 0.100000 0.253125 0.110417 0.248438 0.120833 0.246875 0.129167 0.250000 0.133333 0.262500 0.133333 0.273438 0.133333 0.281250 0.133333 0.289062 0.133333 0.292187 0.116667 0.296875 0.102083 0.300000 0.089583 0.304688 0.079167 0.298438 0.068750 0.290625 0.066667 0.281250 0.064583 0.273438 0.064583 0.265625 0.068750 0.262500 0.077083
2 0.220312 0.216667 0.218750 0.235417 0.210938 0.252083 0.206250 0.262500 0.201563 0.270833 0.198437 0.287500 0.198437 0.293750 0.210938 0.293750 0.231250 0.293750 0.243750 0.295833 0.254688 0.295833 0.260937 0.262500 0.267188 0.245833 0.270313 0.229167 0.270313 0.218750 0.259375 0.210417 0.245312 0.208333 0.234375 0.206250 0.223438 0.212500 0.223438 0.222917 0.221875 0.233333
2 0.159375 0.425000 0.156250 0.425000 0.156250 0.427083 0.156250 0.429167 0.156250 0.429167 0.154688 0.431250 0.154688 0.431250 0.154688 0.433333 0.153125 0.433333 0.153125 0.435417 0.153125 0.435417 0.153125 0.437500 0.153125 0.439583 0.151562 0.439583 0.151562 0.439583 0.151562 0.441667 0.151562 0.441667
7 0.010937 0.054167 0.023438 0.062500 0.039062 0.060417 0.057813 0.052083 0.071875 0.045833 0.084375 0.035417 0.092188 0.022917 0.098437 0.010417 0.100000 0.000000 0.098437 -0.010417 0.085938 -0.014583 0.071875 -0.016667 0.056250 -0.016667 0.043750 -0.014583 0.021875 -0.004167 0.012500 0.000000 0.003125 0.014583 0.001563 0.029167 0.001563 0.043750 0.007812 0.058333 0.017188 0.060417
