7 0.251563 0.847917 0.228125 0.866667 0.240625 0.922917 0.262500 0.968750 0.284375 1.012500 0.321875 1.022917 0.367188 1.004167 0.426563 0.977083 0.479687 0.950000 0.551562 0.920833 0.600000 0.891667 0.620313 0.852083 0.600000 0.806250 0.570312 0.768750 0.525000 0.708333 0.490625 0.693750 0.443750 0.727083 0.381250 0.754167 0.321875 0.781250 0.275000 0.808333 0.259375 0.841667
7 0.700781 0.605208 0.098437 0.152083
7 0.917969 0.425000 0.082812 0.054167
7 0.441406 0.188542 0.060937 0.085417
7 0.407813 0.247917 0.090625 0.062500
3 0.646094 0.070833 0.026562 0.133333
3 0.629687 0.167708 0.034375 0.114583
3 0.829688 0.138542 0.021875 0.106250
3 0.817187 0.204167 0.810937 0.193750 0.806250 0.183333 0.795312 0.181250 0.792188 0.195833 0.789062 0.206250 0.784375 0.216667 0.781250 0.229167 0.776563 0.243750 0.776563 0.258333 0.775000 0.266667 0.775000 0.279167 0.778125 0.287500 0.785937 0.287500 0.793750 0.283333 0.800000 0.268750 0.803125 0.256250 0.806250 0.239583 0.809375 0.229167 0.812500 0.214583 0.815625 0.206250
0 0.907813 0.375000 0.137500 0.054167
0 0.152344 0.662500 0.210938 0.108333
0 0.397656 0.383333 0.164062 0.087500
0 0.433594 0.563542 0.201563 0.118750
0 0.583594 0.145833 0.117188 0.112500
0 0.650781 0.133333 0.101562 0.104167
