3 0.075000 0.143750 0.067187 0.141667 0.059375 0.141667 0.054688 0.139583 0.046875 0.139583 0.046875 0.152083 0.046875 0.166667 0.046875 0.175000 0.051562 0.183333 0.054688 0.189583 0.056250 0.197917 0.059375 0.208333 0.062500 0.216667 0.067187 0.216667 0.070312 0.212500 0.073438 0.206250 0.079687 0.200000 0.082812 0.193750 0.084375 0.185417 0.084375 0.172917 0.082812 0.164583 0.079687 0.154167 0.078125 0.145833
7 0.054688 0.208333 0.042188 0.208333 0.028125 0.206250 0.015625 0.208333 0.014063 0.220833 0.018750 0.237500 0.018750 0.254167 0.026562 0.264583 0.037500 0.266667 0.042188 0.256250 0.046875 0.243750 0.059375 0.237500 0.062500 0.252083 0.068750 0.262500 0.081250 0.264583 0.087500 0.250000 0.098437 0.243750 0.095312 0.227083 0.087500 0.216667 0.075000 0.210417 0.062500 0.208333
7 0.500000 0.512500 0.489063 0.493750 0.478125 0.479167 0.462500 0.481250 0.448437 0.500000 0.429688 0.500000 0.426563 0.477083 0.415625 0.464583 0.396875 0.462500 0.387500 0.479167 0.379688 0.502083 0.378125 0.529167 0.393750 0.541667 0.412500 0.545833 0.421875 0.564583 0.429688 0.581250 0.440625 0.564583 0.451562 0.547917 0.470313 0.554167 0.484375 0.554167 0.495312 0.535417
7 0.371875 0.493750 0.360938 0.481250 0.348438 0.493750 0.332813 0.500000 0.328125 0.516667 0.331250 0.541667 0.343750 0.554167 0.360938 0.556250 0.357812 0.572917 0.340625 0.572917 0.334375 0.589583 0.337500 0.614583 0.350000 0.625000 0.367188 0.629167 0.373437 0.650000 0.381250 0.633333 0.382812 0.610417 0.384375 0.587500 0.384375 0.562500 0.381250 0.541667 0.376563 0.516667
7 0.607812 0.185417 0.578125 0.200000 0.564063 0.183333 0.545312 0.172917 0.523438 0.179167 0.498437 0.179167 0.471875 0.189583 0.457813 0.210417 0.462500 0.239583 0.473438 0.264583 0.490625 0.293750 0.507812 0.304167 0.529687 0.295833 0.554688 0.281250 0.578125 0.281250 0.609375 0.277083 0.631250 0.270833 0.646875 0.256250 0.643750 0.227083 0.629687 0.214583 0.609375 0.193750
7 0.462500 0.095833 0.448437 0.095833 0.434375 0.093750 0.423438 0.089583 0.412500 0.085417 0.403125 0.085417 0.393750 0.085417 0.381250 0.085417 0.376563 0.089583 0.371875 0.108333 0.373437 0.125000 0.382812 0.127083 0.393750 0.129167 0.406250 0.131250 0.420312 0.135417 0.429688 0.135417 0.442188 0.135417 0.453125 0.135417 0.462500 0.135417 0.467187 0.125000 0.467187 0.110417 0.467187 0.097917
7 0.523438 0.150000 0.507812 0.147917 0.489063 0.147917 0.467187 0.152083 0.440625 0.156250 0.426563 0.156250 0.412500 0.162500 0.401562 0.170833 0.407813 0.193750 0.418750 0.208333 0.432812 0.225000 0.442188 0.233333 0.448437 0.218750 0.457813 0.208333 0.470313 0.197917 0.482812 0.189583 0.503125 0.179167 0.517188 0.170833 0.535937 0.162500 0.537500 0.156250 0.528125 0.145833 0.520312 0.139583
3 0.346875 0.183333 0.335938 0.179167 0.325000 0.179167 0.312500 0.183333 0.310937 0.200000 0.309375 0.216667 0.310937 0.233333 0.317188 0.245833 0.325000 0.254167 0.329688 0.270833 0.332813 0.289583 0.332813 0.310417 0.332813 0.327083 0.340625 0.325000 0.343750 0.306250 0.346875 0.285417 0.348438 0.262500 0.348438 0.243750 0.351562 0.225000 0.351562 0.206250 0.350000 0.189583
8 0.303125 0.177083 0.289062 0.177083 0.278125 0.177083 0.271875 0.187500 0.268750 0.202083 0.268750 0.216667 0.267188 0.233333 0.264062 0.252083 0.262500 0.270833 0.267188 0.279167 0.278125 0.285417 0.289062 0.287500 0.303125 0.289583 0.310937 0.287500 0.315625 0.272917 0.315625 0.256250 0.312500 0.239583 0.312500 0.225000 0.310937 0.210417 0.310937 0.193750 0.310937 0.181250 0.301563 0.177083
8 0.290625 0.554167 0.275000 0.537500 0.254688 0.535417 0.232813 0.539583 0.218750 0.560417 0.217188 0.589583 0.217188 0.618750 0.215625 0.652083 0.215625 0.681250 0.214062 0.708333 0.226562 0.720833 0.248438 0.720833 0.270313 0.722917 0.290625 0.725000 0.300000 0.704167 0.303125 0.675000 0.303125 0.645833 0.303125 0.614583 0.303125 0.581250 0.300000 0.558333 0.289062 0.547917
4 0.382812 0.125000 0.370312 0.114583 0.357812 0.112500 0.345313 0.108333 0.332813 0.108333 0.317188 0.108333 0.306250 0.112500 0.303125 0.127083 0.300000 0.143750 0.296875 0.156250 0.300000 0.166667 0.309375 0.172917 0.321875 0.179167 0.335938 0.179167 0.348438 0.183333 0.364063 0.185417 0.376563 0.185417 0.384375 0.172917 0.384375 0.156250 0.385937 0.137500
4 0.260937 0.031250 0.240625 0.027083 0.226562 0.027083 0.214062 0.025000 0.201563 0.022917 0.192188 0.022917 0.190625 0.037500 0.189062 0.054167 0.185938 0.068750 0.185938 0.083333 0.195312 0.083333 0.206250 0.081250 0.217188 0.081250 0.229687 0.081250 0.242188 0.083333 0.254688 0.083333 0.265625 0.085417 0.270313 0.075000 0.271875 0.058333 0.273438 0.041667 0.273438 0.029167 0.262500 0.029167
4 0.087500 0.077083 0.076563 0.077083 0.064062 0.077083 0.051562 0.077083 0.042188 0.075000 0.029687 0.075000 0.020313 0.077083 0.015625 0.089583 0.010937 0.102083 0.006250 0.118750 0.003125 0.133333 0.009375 0.139583 0.020313 0.137500 0.034375 0.135417 0.045312 0.135417 0.059375 0.135417 0.068750 0.133333 0.078125 0.129167 0.081250 0.118750 0.082812 0.102083 0.084375 0.083333 0.084375 0.066667
3 0.256250 0.085417 0.248438 0.085417 0.240625 0.085417 0.232813 0.085417 0.226562 0.085417 0.220312 0.089583 0.217188 0.102083 0.217188 0.114583 0.218750 0.122917 0.221875 0.129167 0.226562 0.135417 0.228125 0.143750 0.234375 0.147917 0.240625 0.150000 0.246875 0.145833 0.253125 0.137500 0.254688 0.129167 0.254688 0.118750 0.254688 0.108333 0.254688 0.095833 0.254688 0.089583
4 0.271875 0.141667 0.250000 0.141667 0.234375 0.137500 0.220312 0.133333 0.206250 0.133333 0.189062 0.133333 0.178125 0.139583 0.173437 0.156250 0.165625 0.170833 0.160938 0.189583 0.168750 0.200000 0.181250 0.206250 0.196875 0.206250 0.210938 0.206250 0.223438 0.210417 0.240625 0.210417 0.256250 0.210417 0.264062 0.197917 0.268750 0.179167 0.271875 0.162500 0.270313 0.145833
