0 0.265625 0.496875 0.103125 0.247917
0 0.250000 0.106250 0.225000 0.118750 0.225000 0.145833 0.225000 0.183333 0.226562 0.218750 0.225000 0.252083 0.221875 0.285417 0.225000 0.318750 0.237500 0.339583 0.262500 0.343750 0.296875 0.345833 0.323437 0.339583 0.326562 0.302083 0.325000 0.268750 0.321875 0.231250 0.318750 0.195833 0.325000 0.162500 0.323437 0.129167 0.307812 0.102083 0.275000 0.100000 0.253125 0.110417
0 0.762500 0.004167 0.762500 0.027083 0.775000 0.033333 0.790625 0.037500 0.803125 0.043750 0.821875 0.045833 0.842187 0.050000 0.862500 0.054167 0.878125 0.058333 0.900000 0.062500 0.910937 0.054167 0.914062 0.033333 0.910937 0.010417 0.903125 -0.002083 0.881250 -0.004167 0.859375 -0.004167 0.839063 -0.004167 0.817187 -0.008333 0.795312 -0.008333 0.773438 -0.008333 0.760938 0.000000
0 0.675000 0.000000 0.681250 0.004167 0.690625 0.008333 0.696875 0.012500 0.701562 0.016667 0.709375 0.020833 0.715625 0.025000 0.721875 0.027083 0.729688 0.033333 0.739062 0.033333 0.748437 0.033333 0.754687 0.029167 0.757812 0.020833 0.754687 0.012500 0.751563 0.006250 0.742188 0.004167 0.734375 0.002083 0.725000 0.002083 0.717187 0.002083 0.707812 0.002083 0.700000 0.002083 0.690625 0.002083
7 0.682813 0.054167 0.667188 0.027083 0.650000 0.012500 0.632812 0.020833 0.621875 0.033333 0.612500 0.022917 0.603125 0.010417 0.585938 0.010417 0.571875 0.016667 0.557813 0.025000 0.554688 0.045833 0.551562 0.066667 0.564063 0.075000 0.584375 0.081250 0.601562 0.085417 0.621875 0.093750 0.642188 0.100000 0.662500 0.102083 0.670312 0.089583 0.676562 0.062500 0.678125 0.037500
7 0.228125 0.043750 0.210938 0.033333 0.201563 0.027083 0.185938 0.050000 0.178125 0.077083 0.170313 0.095833 0.164062 0.118750 0.160938 0.145833 0.165625 0.166667 0.182812 0.175000 0.201563 0.172917 0.212500 0.154167 0.212500 0.129167 0.203125 0.112500 0.190625 0.097917 0.206250 0.093750 0.225000 0.093750 0.232813 0.072917 0.235937 0.050000 0.225000 0.033333 0.212500 0.022917
7 0.035937 0.645833 0.014063 0.641667 0.003125 0.629167 -0.003125 0.650000 -0.003125 0.670833 -0.003125 0.693750 -0.003125 0.714583 -0.004687 0.754167 -0.006250 0.791667 -0.006250 0.820833 0.000000 0.814583 0.000000 0.791667 0.000000 0.775000 0.014063 0.775000 0.023438 0.762500 0.026562 0.743750 0.031250 0.722917 0.032813 0.702083 0.037500 0.679167 0.039062 0.658333 0.035937 0.631250
7 0.045312 0.110417 0.015625 0.085417 -0.004687 0.097917 -0.009375 0.139583 -0.010937 0.183333 -0.012500 0.229167 -0.010937 0.268750 -0.009375 0.314583 -0.007812 0.352083 -0.006250 0.389583 -0.003125 0.422917 0.001563 0.452083 0.006250 0.487500 0.023438 0.529167 0.039062 0.481250 0.050000 0.443750 0.048438 0.400000 0.056250 0.308333 0.056250 0.218750 0.046875 0.150000 0.040625 0.114583
6 0.709375 0.083333 0.670312 0.085417 0.639062 0.095833 0.634375 0.110417 0.675000 0.110417 0.717187 0.112500 0.756250 0.129167 0.801562 0.145833 0.839063 0.145833 0.879687 0.160417 0.926562 0.170833 0.960938 0.179167 0.995313 0.183333 0.993750 0.150000 0.956250 0.145833 0.918750 0.137500 0.878125 0.118750 0.839063 0.118750 0.798438 0.106250 0.759375 0.093750 0.712500 0.087500
6 0.585938 0.091667 0.573438 0.070833 0.564063 0.106250 0.557813 0.181250 0.556250 0.262500 0.560937 0.341667 0.560937 0.427083 0.557813 0.537500 0.550000 0.629167 0.543750 0.758333 0.540625 0.845833 0.582812 0.818750 0.585938 0.743750 0.585938 0.652083 0.590625 0.566667 0.592187 0.483333 0.593750 0.395833 0.592187 0.304167 0.595313 0.195833 0.593750 0.110417 0.562500 0.072917
6 0.392188 0.100000 0.362500 0.114583 0.353125 0.168750 0.353125 0.225000 0.354687 0.283333 0.350000 0.335417 0.354687 0.391667 0.356250 0.456250 0.357812 0.510417 0.356250 0.572917 0.353125 0.627083 0.353125 0.683333 0.353125 0.743750 0.350000 0.808333 0.350000 0.866667 0.360938 0.906250 0.382812 0.872917 0.385937 0.814583 0.389062 0.745833 0.392188 0.683333 0.392188 0.629167
6 0.209375 0.179167 0.176563 0.187500 0.170313 0.250000 0.168750 0.316667 0.165625 0.387500 0.165625 0.454167 0.165625 0.516667 0.160938 0.583333 0.159375 0.656250 0.157812 0.729167 0.157812 0.804167 0.185938 0.835417 0.192188 0.783333 0.190625 0.712500 0.190625 0.635417 0.192188 0.564583 0.195312 0.485417 0.198437 0.412500 0.203125 0.331250 0.204687 0.254167 0.210938 0.183333
6 0.001563 0.027083 0.000000 0.056250 0.010937 0.068750 0.034375 0.066667 0.057813 0.066667 0.079687 0.064583 0.103125 0.060417 0.128125 0.060417 0.153125 0.060417 0.173437 0.058333 0.193750 0.054167 0.207813 0.043750 0.207813 0.016667 0.185938 0.016667 0.160938 0.018750 0.128125 0.018750 0.101562 0.020833 0.076563 0.020833 0.050000 0.020833 0.026562 0.020833 0.004687 0.020833
1 0.676562 0.087500 0.670312 0.085417 0.665625 0.085417 0.660937 0.085417 0.654687 0.085417 0.648438 0.085417 0.645312 0.087500 0.642188 0.093750 0.642188 0.100000 0.642188 0.106250 0.646875 0.106250 0.654687 0.106250 0.660937 0.106250 0.667188 0.104167 0.670312 0.102083 0.676562 0.102083 0.679688 0.102083 0.685937 0.100000 0.687500 0.095833 0.684375 0.089583 0.679688 0.087500 0.675000 0.087500
1 0.814063 0.114583 0.798438 0.110417 0.793750 0.110417 0.785937 0.110417 0.781250 0.110417 0.775000 0.108333 0.768750 0.106250 0.764062 0.106250 0.760938 0.110417 0.760938 0.118750 0.760938 0.129167 0.764062 0.133333 0.767188 0.133333 0.773438 0.133333 0.781250 0.133333 0.789062 0.133333 0.796875 0.133333 0.803125 0.133333 0.809375 0.133333 0.814063 0.131250 0.815625 0.125000 0.815625 0.116667 0.814063 0.110417
1 0.923438 0.139583 0.909375 0.137500 0.901563 0.133333 0.893750 0.133333 0.887500 0.131250 0.879687 0.131250 0.873437 0.133333 0.867188 0.137500 0.864062 0.143750 0.867188 0.150000 0.873437 0.150000 0.881250 0.154167 0.887500 0.156250 0.893750 0.160417 0.901563 0.162500 0.909375 0.162500 0.915625 0.164583 0.923438 0.164583 0.923438 0.156250 0.923438 0.145833
1 0.996875 0.158333 0.995313 0.158333 0.992188 0.158333 0.990625 0.158333 0.987500 0.158333 0.984375 0.158333 0.984375 0.160417 0.984375 0.162500 0.984375 0.166667 0.984375 0.170833 0.984375 0.172917 0.984375 0.177083 0.985938 0.179167 0.987500 0.179167 0.990625 0.179167 0.990625 0.179167 0.993750 0.179167 0.993750 0.175000 0.995313 0.172917 0.995313 0.168750 0.995313 0.164583 0.995313 0.162500 0.995313 0.158333
1 0.576562 0.215625 0.031250 0.089583
1 0.572656 0.401042 0.023438 0.097917
1 0.573438 0.592708 0.025000 0.085417
1 0.566406 0.791667 0.026562 0.104167
1 0.370312 0.759375 0.031250 0.102083
1 0.372656 0.560417 0.026562 0.112500
1 0.372656 0.362500 0.029687 0.087500
1 0.378906 0.161458 0.023438 0.102083
1 0.206250 0.179167 0.201563 0.179167 0.195312 0.179167 0.190625 0.179167 0.185938 0.179167 0.182812 0.183333 0.182812 0.189583 0.179688 0.193750 0.179688 0.200000 0.179688 0.206250 0.179688 0.212500 0.182812 0.218750 0.187500 0.218750 0.193750 0.218750 0.200000 0.218750 0.206250 0.218750 0.209375 0.216667 0.209375 0.210417 0.209375 0.202083 0.209375 0.193750 0.209375 0.187500 0.209375 0.179167
1 0.198437 0.322917 0.185938 0.322917 0.175000 0.322917 0.170313 0.331250 0.170313 0.341667 0.168750 0.356250 0.168750 0.368750 0.168750 0.383333 0.168750 0.397917 0.173437 0.408333 0.175000 0.416667 0.182812 0.422917 0.190625 0.422917 0.193750 0.414583 0.193750 0.400000 0.195312 0.387500 0.196875 0.375000 0.198437 0.358333 0.198437 0.343750 0.198437 0.331250
1 0.190625 0.504167 0.182812 0.504167 0.175000 0.504167 0.171875 0.512500 0.168750 0.520833 0.168750 0.531250 0.167187 0.541667 0.167187 0.554167 0.165625 0.566667 0.165625 0.577083 0.168750 0.585417 0.173437 0.589583 0.182812 0.589583 0.189062 0.589583 0.190625 0.577083 0.190625 0.560417 0.192188 0.550000 0.192188 0.537500 0.192188 0.525000 0.192188 0.510417 0.190625 0.504167
1 0.187500 0.720833 0.176563 0.720833 0.167187 0.720833 0.160938 0.722917 0.162500 0.735417 0.162500 0.750000 0.162500 0.764583 0.162500 0.779167 0.162500 0.791667 0.162500 0.804167 0.162500 0.818750 0.167187 0.827083 0.173437 0.831250 0.179688 0.822917 0.182812 0.812500 0.182812 0.800000 0.182812 0.785417 0.182812 0.770833 0.184375 0.756250 0.185938 0.739583 0.185938 0.727083 0.185938 0.718750
1 0.201563 0.027083 0.190625 0.027083 0.181250 0.027083 0.173437 0.025000 0.165625 0.022917 0.156250 0.020833 0.148438 0.020833 0.140625 0.020833 0.134375 0.029167 0.134375 0.041667 0.135937 0.050000 0.140625 0.058333 0.150000 0.058333 0.159375 0.058333 0.168750 0.058333 0.179688 0.056250 0.187500 0.054167 0.192188 0.050000 0.196875 0.043750 0.198437 0.035417 0.198437 0.025000
1 0.062500 0.025000 0.046875 0.025000 0.039062 0.025000 0.029687 0.025000 0.018750 0.027083 0.007812 0.029167 0.006250 0.033333 0.006250 0.045833 0.006250 0.056250 0.007812 0.066667 0.014063 0.068750 0.021875 0.066667 0.031250 0.064583 0.039062 0.062500 0.046875 0.062500 0.056250 0.062500 0.064062 0.062500 0.068750 0.054167 0.068750 0.045833 0.068750 0.035417 0.068750 0.027083
2 0.757812 0.093750 0.748437 0.091667 0.740625 0.089583 0.726562 0.087500 0.717187 0.087500 0.709375 0.085417 0.700000 0.083333 0.693750 0.085417 0.689063 0.089583 0.687500 0.100000 0.690625 0.108333 0.693750 0.114583 0.701562 0.114583 0.709375 0.114583 0.717187 0.114583 0.725000 0.114583 0.734375 0.116667 0.742188 0.118750 0.750000 0.118750 0.754687 0.114583 0.757812 0.104167 0.757812 0.093750
2 0.873437 0.118750 0.867188 0.118750 0.859375 0.118750 0.853125 0.118750 0.848437 0.118750 0.842187 0.118750 0.835938 0.118750 0.831250 0.116667 0.825000 0.116667 0.821875 0.122917 0.818750 0.131250 0.820312 0.137500 0.825000 0.139583 0.831250 0.141667 0.839063 0.141667 0.848437 0.141667 0.853125 0.141667 0.859375 0.141667 0.862500 0.139583 0.864062 0.133333 0.867188 0.122917 0.868750 0.114583
2 0.979688 0.150000 0.970313 0.150000 0.960938 0.150000 0.951562 0.147917 0.945312 0.145833 0.940625 0.145833 0.935937 0.141667 0.929688 0.141667 0.926562 0.145833 0.928125 0.154167 0.928125 0.162500 0.932813 0.164583 0.935937 0.166667 0.943750 0.170833 0.950000 0.172917 0.957812 0.172917 0.962500 0.172917 0.968750 0.172917 0.975000 0.172917 0.978125 0.166667 0.978125 0.158333 0.978125 0.150000 0.978125 0.141667
2 0.578906 0.135417 0.026562 0.075000
2 0.575000 0.306250 0.031250 0.087500
2 0.574219 0.502083 0.026562 0.087500
2 0.569531 0.684375 0.023438 0.093750
2 0.371875 0.665625 0.034375 0.085417
2 0.365625 0.854167 0.031250 0.079167
2 0.373437 0.456250 0.034375 0.083333
2 0.377344 0.267708 0.026562 0.106250
2 0.204687 0.222917 0.195312 0.222917 0.185938 0.220833 0.179688 0.222917 0.176563 0.233333 0.176563 0.245833 0.176563 0.258333 0.176563 0.270833 0.176563 0.285417 0.176563 0.300000 0.176563 0.312500 0.182812 0.318750 0.193750 0.318750 0.201563 0.316667 0.203125 0.304167 0.203125 0.291667 0.203125 0.279167 0.203125 0.266667 0.203125 0.254167 0.203125 0.239583 0.203125 0.227083
2 0.128125 0.020833 0.114062 0.018750 0.104688 0.016667 0.095312 0.016667 0.085938 0.016667 0.078125 0.016667 0.071875 0.020833 0.071875 0.033333 0.071875 0.041667 0.071875 0.052083 0.079687 0.054167 0.089063 0.054167 0.098437 0.054167 0.107813 0.058333 0.120313 0.060417 0.131250 0.062500 0.134375 0.056250 0.132812 0.045833 0.132812 0.035417 0.131250 0.027083 0.125000 0.025000 0.118750 0.022917
2 0.190625 0.437500 0.185938 0.431250 0.179688 0.431250 0.176563 0.437500 0.171875 0.441667 0.170313 0.452083 0.170313 0.460417 0.170313 0.470833 0.170313 0.481250 0.170313 0.491667 0.170313 0.500000 0.176563 0.500000 0.182812 0.500000 0.189062 0.500000 0.192188 0.493750 0.192188 0.483333 0.192188 0.475000 0.192188 0.464583 0.192188 0.456250 0.192188 0.447917 0.190625 0.439583
2 0.187500 0.597917 0.176563 0.595833 0.167187 0.597917 0.165625 0.606250 0.164062 0.622917 0.162500 0.633333 0.160938 0.645833 0.159375 0.658333 0.157812 0.675000 0.157812 0.689583 0.159375 0.702083 0.162500 0.710417 0.173437 0.710417 0.182812 0.710417 0.189062 0.706250 0.190625 0.693750 0.190625 0.675000 0.190625 0.660417 0.190625 0.641667 0.189062 0.625000 0.187500 0.610417 0.185938 0.600000
