3 0.350000 0.366667 0.340625 0.366667 0.328125 0.366667 0.318750 0.370833 0.312500 0.377083 0.317188 0.385417 0.323437 0.397917 0.328125 0.408333 0.332813 0.418750 0.335938 0.427083 0.342187 0.439583 0.348438 0.450000 0.356250 0.456250 0.367188 0.456250 0.367188 0.443750 0.367188 0.429167 0.362500 0.414583 0.359375 0.402083 0.354687 0.391667 0.353125 0.379167 0.353125 0.368750
4 0.365625 0.277083 0.350000 0.270833 0.334375 0.268750 0.318750 0.266667 0.303125 0.266667 0.287500 0.270833 0.284375 0.287500 0.281250 0.306250 0.276562 0.325000 0.275000 0.341667 0.271875 0.356250 0.270313 0.375000 0.285938 0.375000 0.300000 0.375000 0.315625 0.377083 0.331250 0.377083 0.343750 0.372917 0.353125 0.362500 0.354687 0.341667 0.356250 0.322917 0.362500 0.300000
4 0.548438 0.416667 0.529687 0.416667 0.515625 0.420833 0.496875 0.420833 0.478125 0.427083 0.462500 0.433333 0.462500 0.454167 0.462500 0.475000 0.464062 0.500000 0.467187 0.518750 0.478125 0.527083 0.495312 0.527083 0.510938 0.525000 0.525000 0.522917 0.540625 0.518750 0.556250 0.514583 0.560937 0.504167 0.556250 0.483333 0.551562 0.462500 0.548438 0.441667 0.545312 0.420833
4 0.373437 0.591667 0.354687 0.587500 0.335938 0.583333 0.317188 0.579167 0.300000 0.579167 0.293750 0.589583 0.287500 0.604167 0.287500 0.622917 0.282813 0.639583 0.279687 0.662500 0.279687 0.679167 0.282813 0.693750 0.296875 0.695833 0.312500 0.695833 0.328125 0.695833 0.342187 0.695833 0.360938 0.695833 0.368750 0.687500 0.373437 0.668750 0.375000 0.650000 0.376563 0.631250 0.376563 0.612500
3 0.525000 0.529167 0.514062 0.529167 0.501563 0.529167 0.490625 0.529167 0.482812 0.529167 0.479687 0.535417 0.482812 0.545833 0.484375 0.558333 0.487500 0.568750 0.489063 0.581250 0.489063 0.593750 0.487500 0.604167 0.495312 0.602083 0.501563 0.600000 0.507812 0.595833 0.510938 0.585417 0.514062 0.575000 0.517188 0.564583 0.520312 0.558333 0.523438 0.545833 0.525000 0.531250
3 0.248438 0.487500 0.240625 0.489583 0.234375 0.493750 0.226562 0.493750 0.221875 0.497917 0.215625 0.500000 0.217188 0.508333 0.220312 0.514583 0.221875 0.525000 0.223438 0.533333 0.226562 0.541667 0.228125 0.554167 0.231250 0.564583 0.234375 0.568750 0.234375 0.577083 0.237500 0.583333 0.240625 0.591667 0.245312 0.595833 0.248438 0.589583 0.251563 0.581250 0.254688 0.572917
7 0.265625 0.325000 0.254688 0.320833 0.243750 0.316667 0.237500 0.312500 0.232813 0.325000 0.231250 0.343750 0.231250 0.360417 0.229687 0.375000 0.229687 0.391667 0.234375 0.402083 0.246875 0.402083 0.259375 0.406250 0.262500 0.416667 0.265625 0.402083 0.265625 0.385417 0.259375 0.372917 0.248438 0.366667 0.254688 0.364583 0.264062 0.358333 0.265625 0.341667 0.265625 0.327083
7 0.204687 0.393750 0.189062 0.391667 0.179688 0.389583 0.168750 0.389583 0.160938 0.389583 0.153125 0.389583 0.145313 0.391667 0.140625 0.406250 0.143750 0.414583 0.145313 0.427083 0.145313 0.437500 0.148438 0.443750 0.156250 0.450000 0.165625 0.450000 0.171875 0.443750 0.173437 0.437500 0.176563 0.429167 0.179688 0.418750 0.182812 0.410417 0.189062 0.404167 0.196875 0.402083 0.204687 0.395833
4 0.254688 0.406250 0.240625 0.406250 0.221875 0.404167 0.206250 0.400000 0.190625 0.400000 0.182812 0.408333 0.178125 0.422917 0.173437 0.439583 0.168750 0.456250 0.165625 0.475000 0.164062 0.487500 0.171875 0.493750 0.185938 0.493750 0.200000 0.493750 0.214062 0.497917 0.229687 0.500000 0.240625 0.493750 0.246875 0.479167 0.250000 0.462500 0.254688 0.443750 0.257812 0.420833
7 0.243750 0.816667 0.231250 0.812500 0.221875 0.797917 0.214062 0.804167 0.207813 0.818750 0.200000 0.839583 0.195312 0.856250 0.190625 0.875000 0.189062 0.893750 0.189062 0.908333 0.200000 0.916667 0.214062 0.920833 0.221875 0.912500 0.231250 0.895833 0.226562 0.883333 0.215625 0.875000 0.209375 0.860417 0.221875 0.856250 0.235937 0.856250 0.243750 0.845833 0.246875 0.827083
7 0.100000 0.829167 0.060937 0.829167 0.029687 0.831250 0.009375 0.841667 0.001563 0.860417 -0.004687 0.883333 -0.004687 0.910417 -0.001563 0.939583 0.001563 0.972917 0.001563 1.004167 0.021875 1.004167 0.042188 1.000000 0.062500 0.995833 0.082812 0.993750 0.109375 0.993750 0.123438 0.981250 0.117188 0.956250 0.109375 0.927083 0.103125 0.895833 0.100000 0.866667 0.096875 0.835417
8 0.614062 0.679167 0.590625 0.675000 0.568750 0.679167 0.553125 0.695833 0.546875 0.725000 0.543750 0.754167 0.564063 0.760417 0.587500 0.760417 0.610938 0.760417 0.634375 0.760417 0.653125 0.770833 0.668750 0.781250 0.687500 0.777083 0.703125 0.762500 0.706250 0.733333 0.701562 0.706250 0.687500 0.689583 0.665625 0.687500 0.637500 0.687500 0.617188 0.681250 0.596875 0.679167
7 0.612500 0.804167 0.606250 0.781250 0.584375 0.779167 0.568750 0.781250 0.560937 0.781250 0.551562 0.766667 0.535937 0.760417 0.520312 0.764583 0.512500 0.781250 0.506250 0.802083 0.507812 0.822917 0.525000 0.831250 0.539062 0.841667 0.546875 0.858333 0.560937 0.854167 0.570312 0.841667 0.589063 0.841667 0.601562 0.852083 0.610938 0.837500 0.617188 0.820833 0.614062 0.797917
