0 0.555469 0.134375 0.064062 0.093750
0 0.612500 0.457292 0.103125 0.214583
0 0.653906 0.817708 0.264062 0.352083
0 0.271875 0.356250 0.245312 0.356250 0.237500 0.400000 0.221875 0.425000 0.193750 0.429167 0.165625 0.443750 0.190625 0.466667 0.181250 0.512500 0.203125 0.537500 0.246875 0.543750 0.301563 0.550000 0.321875 0.516667 0.318750 0.485417 0.329688 0.454167 0.340625 0.425000 0.346875 0.393750 0.364063 0.381250 0.364063 0.358333 0.328125 0.350000 0.304688 0.354167 0.279687 0.358333
0 0.856250 0.237500 0.839063 0.243750 0.821875 0.243750 0.801562 0.247917 0.803125 0.260417 0.818750 0.266667 0.835938 0.279167 0.843750 0.295833 0.843750 0.314583 0.848437 0.341667 0.860938 0.345833 0.867188 0.320833 0.881250 0.318750 0.892188 0.331250 0.896875 0.314583 0.881250 0.300000 0.881250 0.283333 0.890625 0.270833 0.893750 0.258333 0.873437 0.247917 0.864062 0.231250
0 0.087500 0.177083 0.070312 0.166667 0.059375 0.156250 0.050000 0.166667 0.037500 0.181250 0.035937 0.202083 0.040625 0.218750 0.056250 0.231250 0.078125 0.239583 0.104688 0.239583 0.123438 0.239583 0.143750 0.239583 0.159375 0.231250 0.173437 0.218750 0.181250 0.197917 0.173437 0.183333 0.157812 0.179167 0.142187 0.175000 0.123438 0.175000 0.104688 0.183333 0.089063 0.179167
7 0.256250 0.123958 0.090625 0.068750
7 0.204687 0.306250 0.093750 0.104167
7 0.771094 0.288542 0.148438 0.147917
7 0.345313 0.123958 0.059375 0.064583
