2 0.165625 0.041667 0.162500 0.041667 0.159375 0.041667 0.154688 0.041667 0.150000 0.041667 0.146875 0.041667 0.143750 0.043750 0.140625 0.050000 0.140625 0.054167 0.140625 0.056250 0.140625 0.062500 0.143750 0.062500 0.148438 0.062500 0.150000 0.066667 0.156250 0.066667 0.159375 0.062500 0.160938 0.060417 0.165625 0.054167 0.165625 0.050000 0.168750 0.043750 0.170313 0.041667
2 0.210938 0.054167 0.207813 0.054167 0.203125 0.054167 0.201563 0.054167 0.196875 0.054167 0.193750 0.054167 0.192188 0.054167 0.190625 0.056250 0.187500 0.060417 0.185938 0.062500 0.185938 0.066667 0.187500 0.068750 0.192188 0.068750 0.193750 0.068750 0.196875 0.068750 0.201563 0.068750 0.203125 0.066667 0.207813 0.062500 0.207813 0.056250 0.210938 0.056250 0.210938 0.054167
2 0.259375 0.075000 0.256250 0.075000 0.251563 0.075000 0.248438 0.075000 0.243750 0.072917 0.243750 0.072917 0.240625 0.072917 0.237500 0.072917 0.234375 0.072917 0.237500 0.075000 0.239063 0.079167 0.240625 0.081250 0.242188 0.081250 0.243750 0.085417 0.246875 0.087500 0.250000 0.087500 0.251563 0.091667 0.254688 0.091667 0.256250 0.091667 0.256250 0.087500 0.256250 0.081250 0.259375 0.075000
2 0.648438 0.229167 0.642188 0.225000 0.635938 0.222917 0.628125 0.218750 0.620313 0.212500 0.615625 0.206250 0.609375 0.206250 0.603125 0.206250 0.596875 0.210417 0.593750 0.212500 0.589063 0.222917 0.589063 0.229167 0.593750 0.235417 0.600000 0.237500 0.606250 0.243750 0.612500 0.243750 0.620313 0.250000 0.626563 0.250000 0.634375 0.250000 0.640625 0.247917 0.643750 0.241667
2 0.750000 0.275000 0.740625 0.268750 0.734375 0.262500 0.728125 0.260417 0.725000 0.254167 0.718750 0.254167 0.714063 0.250000 0.709375 0.250000 0.700000 0.250000 0.696875 0.254167 0.693750 0.262500 0.693750 0.268750 0.698438 0.275000 0.704688 0.279167 0.714063 0.281250 0.721875 0.285417 0.728125 0.285417 0.735938 0.287500 0.742188 0.287500 0.746875 0.281250 0.746875 0.275000
2 0.860938 0.329167 0.846875 0.318750 0.839063 0.312500 0.831250 0.312500 0.825000 0.306250 0.818750 0.306250 0.812500 0.306250 0.807813 0.312500 0.806250 0.325000 0.806250 0.335417 0.809375 0.341667 0.815625 0.347917 0.825000 0.350000 0.831250 0.350000 0.839063 0.350000 0.845313 0.356250 0.850000 0.356250 0.859375 0.356250 0.865625 0.350000 0.867188 0.341667 0.865625 0.331250
2 0.984375 0.387500 0.971875 0.381250 0.959375 0.379167 0.953125 0.375000 0.946875 0.375000 0.940625 0.368750 0.934375 0.368750 0.932813 0.375000 0.929688 0.379167 0.928125 0.387500 0.928125 0.393750 0.932813 0.400000 0.934375 0.406250 0.939063 0.410417 0.943750 0.412500 0.954688 0.412500 0.964063 0.416667 0.970313 0.418750 0.975000 0.418750 0.981250 0.412500 0.981250 0.406250 0.981250 0.397917 0.981250 0.387500
2 0.240625 0.516667 0.234375 0.510417 0.228125 0.510417 0.225000 0.510417 0.221875 0.516667 0.218750 0.518750 0.215625 0.525000 0.212500 0.531250 0.212500 0.537500 0.210938 0.543750 0.209375 0.554167 0.209375 0.562500 0.209375 0.568750 0.212500 0.566667 0.218750 0.562500 0.221875 0.560417 0.225000 0.554167 0.225000 0.547917 0.228125 0.541667 0.228125 0.531250 0.232813 0.525000 0.234375 0.522917 0.237500 0.518750
2 0.187500 0.637500 0.181250 0.635417 0.178125 0.631250 0.171875 0.637500 0.168750 0.643750 0.162500 0.654167 0.159375 0.660417 0.156250 0.666667 0.153125 0.675000 0.153125 0.681250 0.153125 0.693750 0.154688 0.697917 0.160938 0.700000 0.165625 0.700000 0.170313 0.693750 0.171875 0.687500 0.178125 0.679167 0.178125 0.668750 0.181250 0.666667 0.185938 0.656250 0.187500 0.650000 0.187500 0.641667
2 0.134375 0.762500 0.131250 0.756250 0.128125 0.754167 0.123438 0.756250 0.120313 0.762500 0.118750 0.772917 0.117188 0.779167 0.112500 0.785417 0.112500 0.791667 0.109375 0.800000 0.107813 0.806250 0.109375 0.812500 0.117188 0.818750 0.120313 0.812500 0.123438 0.806250 0.125000 0.800000 0.128125 0.791667 0.131250 0.785417 0.131250 0.779167 0.134375 0.768750 0.134375 0.762500
2 0.112500 0.818750 0.107813 0.818750 0.100000 0.818750 0.096875 0.822917 0.093750 0.825000 0.093750 0.831250 0.093750 0.837500 0.093750 0.843750 0.092188 0.850000 0.089063 0.856250 0.089063 0.862500 0.089063 0.868750 0.092188 0.872917 0.096875 0.872917 0.100000 0.868750 0.103125 0.862500 0.106250 0.856250 0.109375 0.850000 0.109375 0.847917 0.112500 0.843750 0.112500 0.837500 0.112500 0.831250 0.112500 0.825000 0.112500 0.818750
2 0.076563 0.925000 0.068750 0.925000 0.068750 0.918750 0.065625 0.912500 0.062500 0.918750 0.059375 0.925000 0.056250 0.931250 0.054688 0.937500 0.053125 0.943750 0.050000 0.950000 0.046875 0.956250 0.046875 0.962500 0.050000 0.968750 0.053125 0.972917 0.059375 0.972917 0.059375 0.968750 0.062500 0.962500 0.065625 0.956250 0.068750 0.950000 0.071875 0.943750 0.073438 0.937500 0.075000 0.931250
2 0.301563 0.391667 0.293750 0.381250 0.287500 0.381250 0.278125 0.387500 0.275000 0.391667 0.273438 0.400000 0.270313 0.410417 0.270313 0.418750 0.267188 0.425000 0.262500 0.431250 0.259375 0.437500 0.259375 0.447917 0.262500 0.454167 0.271875 0.454167 0.275000 0.447917 0.278125 0.437500 0.282813 0.431250 0.287500 0.425000 0.290625 0.418750 0.290625 0.412500 0.293750 0.404167 0.298438 0.397917
1 0.278125 0.075000 0.275000 0.075000 0.270313 0.075000 0.267188 0.075000 0.262500 0.075000 0.256250 0.075000 0.256250 0.081250 0.253125 0.087500 0.254688 0.093750 0.256250 0.093750 0.259375 0.097917 0.262500 0.100000 0.265625 0.100000 0.267188 0.104167 0.270313 0.106250 0.275000 0.106250 0.278125 0.100000 0.278125 0.097917 0.281250 0.093750 0.282813 0.087500 0.282813 0.085417
1 0.215625 0.060417 0.212500 0.062500 0.210938 0.066667 0.209375 0.066667 0.207813 0.068750 0.207813 0.072917 0.207813 0.075000 0.207813 0.079167 0.210938 0.079167 0.212500 0.081250 0.215625 0.081250 0.217188 0.081250 0.218750 0.081250 0.218750 0.081250 0.221875 0.081250 0.221875 0.079167 0.221875 0.075000 0.221875 0.072917 0.221875 0.068750 0.221875 0.066667 0.218750 0.062500 0.218750 0.062500
1 0.185938 0.050000 0.181250 0.050000 0.178125 0.047917 0.176563 0.043750 0.171875 0.043750 0.168750 0.043750 0.165625 0.043750 0.165625 0.050000 0.165625 0.050000 0.162500 0.054167 0.162500 0.056250 0.162500 0.062500 0.162500 0.066667 0.165625 0.066667 0.168750 0.068750 0.171875 0.068750 0.176563 0.068750 0.179688 0.068750 0.181250 0.066667 0.184375 0.062500 0.185938 0.056250 0.185938 0.054167
1 0.145313 0.031250 0.140625 0.031250 0.137500 0.031250 0.134375 0.031250 0.131250 0.031250 0.128125 0.031250 0.125000 0.031250 0.125000 0.037500 0.125000 0.041667 0.125000 0.043750 0.125000 0.047917 0.128125 0.050000 0.131250 0.050000 0.134375 0.050000 0.134375 0.054167 0.139063 0.054167 0.140625 0.050000 0.140625 0.047917 0.143750 0.043750 0.143750 0.041667 0.143750 0.037500 0.143750 0.031250
1 0.600000 0.210417 0.593750 0.204167 0.585938 0.200000 0.579688 0.197917 0.573438 0.193750 0.565625 0.193750 0.559375 0.187500 0.550000 0.187500 0.543750 0.193750 0.543750 0.200000 0.543750 0.212500 0.548438 0.216667 0.553125 0.218750 0.559375 0.222917 0.565625 0.225000 0.573438 0.229167 0.579688 0.229167 0.585938 0.225000 0.590625 0.218750 0.595313 0.212500 0.600000 0.206250
1 0.704688 0.250000 0.693750 0.250000 0.682813 0.243750 0.675000 0.243750 0.667188 0.237500 0.662500 0.231250 0.656250 0.225000 0.651563 0.225000 0.650000 0.235417 0.643750 0.241667 0.643750 0.250000 0.648438 0.254167 0.653125 0.260417 0.662500 0.266667 0.668750 0.268750 0.675000 0.272917 0.679688 0.275000 0.687500 0.275000 0.690625 0.268750 0.696875 0.262500 0.700000 0.254167
1 0.807813 0.300000 0.793750 0.293750 0.784375 0.291667 0.778125 0.285417 0.768750 0.281250 0.760938 0.279167 0.753125 0.275000 0.750000 0.287500 0.746875 0.293750 0.745313 0.300000 0.746875 0.306250 0.753125 0.312500 0.760938 0.318750 0.771875 0.325000 0.776563 0.331250 0.784375 0.331250 0.792188 0.331250 0.796875 0.331250 0.800000 0.318750 0.803125 0.310417 0.806250 0.304167
1 0.928125 0.360417 0.909375 0.350000 0.903125 0.347917 0.896875 0.343750 0.885938 0.341667 0.878125 0.337500 0.870313 0.335417 0.865625 0.337500 0.862500 0.347917 0.862500 0.356250 0.868750 0.356250 0.878125 0.360417 0.884375 0.362500 0.890625 0.368750 0.893750 0.375000 0.901563 0.381250 0.907813 0.385417 0.915625 0.387500 0.923438 0.385417 0.923438 0.375000 0.925000 0.362500 0.928125 0.356250
1 0.329688 0.325000 0.328125 0.316667 0.321875 0.312500 0.317188 0.318750 0.312500 0.325000 0.306250 0.331250 0.301563 0.335417 0.298438 0.337500 0.290625 0.347917 0.290625 0.356250 0.287500 0.362500 0.287500 0.375000 0.290625 0.381250 0.293750 0.387500 0.303125 0.387500 0.306250 0.381250 0.314063 0.375000 0.317188 0.362500 0.321875 0.356250 0.325000 0.347917 0.329688 0.337500 0.334375 0.331250
1 0.267188 0.460417 0.262500 0.447917 0.256250 0.443750 0.253125 0.447917 0.250000 0.454167 0.243750 0.460417 0.242188 0.462500 0.239063 0.468750 0.237500 0.475000 0.234375 0.481250 0.232813 0.487500 0.231250 0.500000 0.232813 0.506250 0.237500 0.510417 0.240625 0.510417 0.248438 0.510417 0.253125 0.500000 0.256250 0.493750 0.259375 0.485417 0.262500 0.475000 0.265625 0.468750 0.267188 0.462500
1 0.217188 0.575000 0.212500 0.568750 0.207813 0.568750 0.203125 0.572917 0.200000 0.575000 0.193750 0.581250 0.192188 0.587500 0.187500 0.593750 0.185938 0.606250 0.181250 0.612500 0.181250 0.618750 0.181250 0.629167 0.185938 0.631250 0.193750 0.635417 0.196875 0.631250 0.203125 0.625000 0.206250 0.618750 0.207813 0.612500 0.210938 0.606250 0.212500 0.597917 0.212500 0.587500 0.217188 0.581250
1 0.159375 0.704167 0.154688 0.700000 0.148438 0.700000 0.145313 0.693750 0.143750 0.700000 0.140625 0.706250 0.140625 0.712500 0.134375 0.718750 0.131250 0.725000 0.131250 0.731250 0.128125 0.735417 0.128125 0.743750 0.131250 0.747917 0.131250 0.754167 0.137500 0.756250 0.143750 0.756250 0.148438 0.750000 0.150000 0.735417 0.153125 0.729167 0.156250 0.718750 0.159375 0.710417
1 0.092188 0.879167 0.089063 0.868750 0.085938 0.862500 0.081250 0.862500 0.078125 0.868750 0.076563 0.875000 0.075000 0.881250 0.068750 0.887500 0.068750 0.893750 0.062500 0.900000 0.062500 0.906250 0.065625 0.912500 0.071875 0.918750 0.076563 0.918750 0.081250 0.918750 0.081250 0.912500 0.085938 0.906250 0.089063 0.897917 0.093750 0.891667 0.096875 0.881250 0.100000 0.875000
1 0.059375 0.975000 0.050000 0.975000 0.043750 0.968750 0.037500 0.975000 0.034375 0.991667 0.034375 1.006250 0.032813 1.031250 0.032813 1.050000 0.032813 1.066667 0.032813 1.081250 0.034375 1.072917 0.037500 1.050000 0.040625 1.035417 0.040625 1.022917 0.037500 1.012500 0.034375 1.000000 0.034375 0.993750 0.040625 0.993750 0.046875 0.993750 0.050000 0.987500 0.053125 0.975000
3 0.471875 0.193750 0.481250 0.193750 0.489063 0.187500 0.496875 0.187500 0.503125 0.175000 0.506250 0.160417 0.506250 0.143750 0.506250 0.122917 0.509375 0.110417 0.510938 0.093750 0.503125 0.093750 0.493750 0.093750 0.485938 0.087500 0.478125 0.087500 0.475000 0.112500 0.475000 0.129167 0.475000 0.150000 0.473438 0.162500 0.470313 0.179167 0.468750 0.193750 0.473438 0.200000
3 0.429688 0.218750 0.429688 0.235417 0.426563 0.256250 0.431250 0.256250 0.443750 0.256250 0.489063 0.266667 0.506250 0.268750 0.517188 0.268750 0.528125 0.268750 0.537500 0.272917 0.542188 0.262500 0.537500 0.237500 0.537500 0.229167 0.534375 0.218750 0.525000 0.212500 0.510938 0.212500 0.493750 0.212500 0.471875 0.212500 0.456250 0.212500 0.443750 0.218750 0.431250 0.218750
7 0.839063 0.633333 0.798438 0.591667 0.781250 0.575000 0.760938 0.568750 0.745313 0.583333 0.731250 0.602083 0.720313 0.622917 0.710938 0.639583 0.695312 0.654167 0.681250 0.679167 0.668750 0.704167 0.675000 0.727083 0.693750 0.750000 0.714063 0.775000 0.731250 0.785417 0.751563 0.785417 0.776563 0.750000 0.790625 0.718750 0.807813 0.679167 0.818750 0.656250 0.828125 0.633333
7 0.637500 0.562500 0.554688 0.535417 0.521875 0.529167 0.514062 0.537500 0.498437 0.568750 0.489063 0.602083 0.481250 0.633333 0.468750 0.666667 0.457813 0.697917 0.450000 0.739583 0.473438 0.764583 0.500000 0.779167 0.531250 0.793750 0.553125 0.810417 0.570312 0.785417 0.578125 0.745833 0.590625 0.706250 0.606250 0.666667 0.618750 0.629167 0.628125 0.591667 0.637500 0.560417
7 0.498437 0.529167 0.451562 0.506250 0.421875 0.497917 0.392188 0.508333 0.378125 0.539583 0.371875 0.577083 0.357812 0.602083 0.350000 0.639583 0.339062 0.679167 0.328125 0.718750 0.326562 0.754167 0.343750 0.775000 0.370312 0.775000 0.392188 0.793750 0.420312 0.795833 0.439063 0.752083 0.445312 0.712500 0.457813 0.672917 0.479687 0.618750 0.496875 0.572917 0.501563 0.533333
7 0.259375 0.172917 0.248438 0.172917 0.237500 0.172917 0.226562 0.172917 0.214062 0.172917 0.203125 0.175000 0.192188 0.175000 0.192188 0.181250 0.195312 0.195833 0.195312 0.210417 0.198437 0.220833 0.210938 0.220833 0.221875 0.220833 0.232813 0.220833 0.245312 0.218750 0.256250 0.216667 0.267188 0.214583 0.270313 0.206250 0.267188 0.195833 0.264062 0.183333 0.260937 0.172917
7 0.231250 0.218750 0.207813 0.243750 0.200000 0.256250 0.193750 0.266667 0.187500 0.279167 0.179688 0.300000 0.176563 0.308333 0.195312 0.325000 0.201563 0.331250 0.207813 0.325000 0.212500 0.316667 0.218750 0.308333 0.226562 0.300000 0.231250 0.289583 0.239063 0.275000 0.245312 0.268750 0.253125 0.258333 0.253125 0.243750 0.245312 0.235417 0.235937 0.231250 0.228125 0.227083
7 0.531250 0.364583 0.517188 0.352083 0.509375 0.345833 0.501563 0.339583 0.492188 0.335417 0.484375 0.335417 0.473438 0.335417 0.464062 0.335417 0.454688 0.335417 0.451562 0.331250 0.451562 0.339583 0.456250 0.356250 0.464062 0.372917 0.470313 0.377083 0.476562 0.383333 0.485938 0.387500 0.496875 0.389583 0.506250 0.395833 0.515625 0.397917 0.525000 0.402083 0.528125 0.383333 0.528125 0.366667
7 0.551562 0.000000 0.554688 0.031250 0.560937 0.033333 0.565625 0.037500 0.571875 0.041667 0.578125 0.043750 0.585938 0.041667 0.592187 0.037500 0.600000 0.029167 0.603125 0.022917 0.607812 0.016667 0.609375 0.008333 0.614062 0.004167 0.606250 0.004167 0.596875 0.004167 0.589063 0.004167 0.582812 0.004167 0.573438 0.004167 0.567187 0.004167 0.560937 0.002083 0.554688 0.000000 0.548438 -0.002083
6 0.328125 0.306250 0.290625 0.356250 0.268750 0.408333 0.240625 0.475000 0.210938 0.533333 0.190625 0.593750 0.160938 0.658333 0.129688 0.725000 0.103125 0.787500 0.076563 0.850000 0.048438 0.933333 0.032813 1.058333 0.054688 1.004167 0.087500 0.920833 0.120313 0.835417 0.156250 0.750000 0.203125 0.643750 0.237500 0.554167 0.284375 0.447917 0.318750 0.364583
6 0.287500 0.085417 0.270313 0.075000 0.253125 0.060417 0.237500 0.047917 0.214062 0.041667 0.195312 0.035417 0.168750 0.027083 0.154688 0.027083 0.128125 0.029167 0.117188 0.037500 0.125000 0.050000 0.137500 0.058333 0.153125 0.058333 0.168750 0.064583 0.184375 0.070833 0.204687 0.081250 0.221875 0.093750 0.237500 0.100000 0.253125 0.102083 0.270313 0.106250 0.282813 0.106250 0.289062 0.081250
6 0.923438 0.391667 0.954688 0.420833 0.987500 0.420833 0.975000 0.379167 0.940625 0.354167 0.903125 0.335417 0.862500 0.316667 0.809375 0.287500 0.768750 0.275000 0.714063 0.258333 0.664062 0.229167 0.603125 0.200000 0.557813 0.179167 0.526563 0.195833 0.548438 0.229167 0.589063 0.245833 0.632812 0.275000 0.717187 0.304167 0.765625 0.331250 0.867188 0.375000 0.915625 0.395833
