0 0.503125 0.406250 0.521875 0.418750 0.534375 0.425000 0.550000 0.425000 0.559375 0.425000 0.573438 0.429167 0.573438 0.412500 0.573438 0.397917 0.581250 0.381250 0.581250 0.368750 0.565625 0.362500 0.554688 0.368750 0.540625 0.368750 0.531250 0.368750 0.518750 0.366667 0.510938 0.354167 0.496875 0.350000 0.485938 0.356250 0.481250 0.368750 0.481250 0.387500 0.485938 0.404167 0.496875 0.404167
0 0.334375 0.491667 0.340625 0.475000 0.337500 0.468750 0.318750 0.472917 0.306250 0.475000 0.293750 0.485417 0.306250 0.493750 0.304688 0.510417 0.301563 0.531250 0.300000 0.550000 0.296875 0.572917 0.301563 0.593750 0.314063 0.585417 0.325000 0.591667 0.340625 0.593750 0.350000 0.581250 0.346875 0.566667 0.343750 0.547917 0.340625 0.525000 0.340625 0.504167 0.340625 0.487500
0 0.217188 0.300000 0.232813 0.306250 0.243750 0.310417 0.256250 0.312500 0.267188 0.318750 0.275000 0.312500 0.275000 0.297917 0.275000 0.281250 0.275000 0.268750 0.275000 0.256250 0.262500 0.250000 0.262500 0.262500 0.253125 0.268750 0.240625 0.266667 0.231250 0.260417 0.217188 0.254167 0.206250 0.256250 0.196875 0.268750 0.193750 0.281250 0.196875 0.293750 0.212500 0.293750
0 0.378125 0.122917 0.381250 0.106250 0.384375 0.093750 0.376563 0.087500 0.364063 0.091667 0.353125 0.093750 0.343750 0.097917 0.334375 0.100000 0.331250 0.112500 0.332813 0.125000 0.334375 0.141667 0.334375 0.156250 0.334375 0.166667 0.334375 0.181250 0.340625 0.187500 0.353125 0.187500 0.362500 0.187500 0.367188 0.175000 0.367188 0.156250 0.368750 0.141667 0.371875 0.129167 0.376563 0.116667
4 0.850000 0.000000 0.850000 0.004167 0.850000 0.016667 0.850000 0.022917 0.850000 0.025000 0.850000 0.031250 0.850000 0.037500 0.856250 0.037500 0.860938 0.037500 0.867188 0.037500 0.870313 0.037500 0.875000 0.037500 0.878125 0.037500 0.878125 0.037500 0.884375 0.037500 0.885938 0.037500 0.887500 0.031250 0.887500 0.029167 0.887500 0.022917 0.887500 0.016667 0.887500 0.012500 0.887500 0.010417 0.887500 0.004167 0.887500 0.000000 0.887500 0.000000
4 0.898438 0.825000 0.887500 0.831250 0.862500 0.835417 0.846875 0.837500 0.845313 0.841667 0.846875 0.843750 0.846875 0.847917 0.850000 0.850000 0.850000 0.856250 0.850000 0.862500 0.854688 0.862500 0.860938 0.866667 0.867188 0.868750 0.878125 0.868750 0.885938 0.862500 0.893750 0.860417 0.893750 0.856250 0.896875 0.850000 0.898438 0.843750 0.900000 0.841667 0.901563 0.835417 0.901563 0.831250 0.900000 0.831250
7 0.145313 0.507292 0.118750 0.110417
7 0.207813 0.572917 0.201563 0.562500 0.176563 0.562500 0.165625 0.562500 0.154688 0.562500 0.145313 0.562500 0.134375 0.562500 0.125000 0.562500 0.109375 0.562500 0.103125 0.568750 0.096875 0.597917 0.093750 0.618750 0.093750 0.637500 0.093750 0.647917 0.096875 0.656250 0.128125 0.660417 0.137500 0.660417 0.153125 0.662500 0.178125 0.662500 0.193750 0.662500 0.209375 0.662500 0.218750 0.662500
7 0.175000 0.706250 0.168750 0.693750 0.153125 0.691667 0.139063 0.687500 0.128125 0.687500 0.118750 0.687500 0.117188 0.706250 0.115625 0.731250 0.115625 0.747917 0.115625 0.766667 0.128125 0.775000 0.140625 0.781250 0.148438 0.787500 0.165625 0.787500 0.176563 0.787500 0.181250 0.775000 0.181250 0.754167 0.181250 0.737500 0.181250 0.722917 0.178125 0.710417 0.171875 0.700000
7 0.271875 0.450000 0.262500 0.475000 0.259375 0.493750 0.256250 0.510417 0.259375 0.518750 0.278125 0.516667 0.287500 0.510417 0.293750 0.504167 0.298438 0.493750 0.300000 0.485417 0.303125 0.468750 0.304688 0.460417 0.306250 0.447917 0.306250 0.437500 0.304688 0.431250 0.296875 0.425000 0.290625 0.425000 0.282813 0.431250 0.278125 0.443750 0.275000 0.450000
7 0.246875 0.181250 0.234375 0.187500 0.228125 0.200000 0.234375 0.218750 0.246875 0.225000 0.270313 0.225000 0.287500 0.222917 0.298438 0.218750 0.306250 0.206250 0.315625 0.193750 0.318750 0.175000 0.318750 0.156250 0.318750 0.141667 0.309375 0.131250 0.293750 0.131250 0.287500 0.143750 0.287500 0.156250 0.282813 0.175000 0.262500 0.179167 0.251563 0.179167 0.240625 0.181250
3 0.460938 0.287500 0.462500 0.281250 0.465625 0.268750 0.468750 0.262500 0.468750 0.254167 0.468750 0.250000 0.468750 0.243750 0.468750 0.241667 0.462500 0.241667 0.459375 0.243750 0.456250 0.250000 0.454688 0.254167 0.450000 0.256250 0.450000 0.262500 0.446875 0.268750 0.446875 0.275000 0.446875 0.279167 0.446875 0.281250 0.446875 0.291667 0.446875 0.293750 0.450000 0.297917
3 0.301563 0.291667 0.304688 0.287500 0.309375 0.268750 0.309375 0.262500 0.309375 0.254167 0.309375 0.237500 0.309375 0.235417 0.306250 0.231250 0.304688 0.231250 0.293750 0.235417 0.290625 0.237500 0.287500 0.243750 0.285938 0.250000 0.285938 0.262500 0.285938 0.268750 0.287500 0.279167 0.290625 0.287500 0.293750 0.291667 0.298438 0.304167 0.298438 0.291667 0.300000 0.279167
3 0.364063 0.375000 0.367188 0.368750 0.367188 0.362500 0.367188 0.360417 0.368750 0.356250 0.368750 0.347917 0.368750 0.343750 0.368750 0.335417 0.367188 0.331250 0.364063 0.325000 0.359375 0.325000 0.353125 0.331250 0.350000 0.335417 0.350000 0.337500 0.350000 0.343750 0.350000 0.350000 0.350000 0.356250 0.350000 0.362500 0.350000 0.368750 0.353125 0.375000 0.353125 0.375000 0.359375 0.379167 0.362500 0.379167
3 0.381250 0.210417 0.381250 0.206250 0.381250 0.197917 0.381250 0.191667 0.381250 0.181250 0.376563 0.187500 0.371875 0.187500 0.368750 0.197917 0.367188 0.200000 0.367188 0.206250 0.367188 0.212500 0.367188 0.218750 0.368750 0.225000 0.375000 0.235417 0.379688 0.237500 0.381250 0.237500 0.381250 0.229167 0.381250 0.222917 0.381250 0.212500 0.381250 0.206250 0.381250 0.200000
1 0.893750 0.262500 0.025000 0.025000
1 0.870313 0.368750 0.037500 0.025000
1 0.846875 0.497917 0.031250 0.025000
1 0.906250 0.501042 0.025000 0.022917
1 0.787500 0.490625 0.031250 0.022917
1 0.731250 0.487500 0.028125 0.025000
1 0.659375 0.476042 0.028125 0.022917
1 0.587500 0.466667 0.043750 0.025000
1 0.584375 0.341667 0.040625 0.025000
1 0.646875 0.345833 0.025000 0.025000
1 0.706250 0.353125 0.028125 0.031250
1 0.753906 0.360417 0.020313 0.025000
1 0.805469 0.362500 0.032813 0.025000
1 0.778125 0.247917 0.034375 0.025000
1 0.506250 0.215625 0.043750 0.022917
1 0.580469 0.228125 0.032813 0.035417
1 0.714063 0.238542 0.028125 0.022917
1 0.634375 0.222917 0.631250 0.225000 0.631250 0.231250 0.634375 0.235417 0.637500 0.237500 0.643750 0.237500 0.650000 0.237500 0.657813 0.237500 0.659375 0.237500 0.665625 0.237500 0.668750 0.237500 0.668750 0.235417 0.668750 0.231250 0.667188 0.225000 0.662500 0.225000 0.657813 0.225000 0.653125 0.222917 0.648438 0.222917 0.642188 0.222917 0.637500 0.222917 0.635938 0.222917
1 0.470313 0.529167 0.018750 0.054167
1 0.470313 0.593750 0.470313 0.593750 0.468750 0.593750 0.465625 0.593750 0.462500 0.593750 0.462500 0.593750 0.462500 0.593750 0.460938 0.597917 0.460938 0.600000 0.460938 0.600000 0.460938 0.606250 0.460938 0.610417 0.460938 0.612500 0.460938 0.616667 0.460938 0.618750 0.460938 0.622917 0.460938 0.625000 0.460938 0.629167 0.460938 0.631250 0.460938 0.635417 0.460938 0.637500 0.460938 0.641667 0.460938 0.643750 0.460938 0.643750 0.462500 0.643750 0.465625 0.643750 0.465625 0.643750 0.468750 0.643750 0.470313 0.643750
1 0.473438 0.693750 0.471875 0.693750 0.470313 0.693750 0.465625 0.693750 0.462500 0.693750 0.462500 0.693750 0.460938 0.691667 0.460938 0.691667 0.457813 0.691667 0.456250 0.691667 0.456250 0.693750 0.456250 0.697917 0.456250 0.700000 0.456250 0.700000 0.456250 0.706250 0.456250 0.706250 0.456250 0.712500 0.456250 0.712500 0.456250 0.718750 0.456250 0.718750 0.457813 0.722917 0.457813 0.725000 0.457813 0.729167 0.460938 0.729167 0.462500 0.731250 0.465625 0.731250 0.465625 0.735417 0.468750 0.735417 0.470313 0.735417
1 0.468750 0.793750 0.465625 0.793750 0.460938 0.793750 0.457813 0.793750 0.456250 0.793750 0.454688 0.793750 0.453125 0.793750 0.453125 0.800000 0.453125 0.800000 0.453125 0.806250 0.453125 0.806250 0.453125 0.812500 0.453125 0.812500 0.453125 0.818750 0.453125 0.818750 0.453125 0.825000 0.453125 0.825000 0.453125 0.831250 0.453125 0.831250 0.453125 0.835417 0.453125 0.837500 0.453125 0.837500 0.454688 0.837500 0.456250 0.837500 0.457813 0.837500 0.460938 0.837500 0.460938 0.837500 0.462500 0.837500
1 0.367188 0.768750 0.365625 0.768750 0.364063 0.768750 0.362500 0.768750 0.360938 0.768750 0.359375 0.768750 0.356250 0.775000 0.356250 0.775000 0.356250 0.781250 0.356250 0.785417 0.356250 0.787500 0.356250 0.791667 0.356250 0.793750 0.356250 0.793750 0.356250 0.797917 0.356250 0.800000 0.356250 0.804167 0.356250 0.806250 0.356250 0.812500 0.356250 0.812500 0.359375 0.818750 0.359375 0.818750 0.360938 0.822917 0.364063 0.825000 0.367188 0.825000 0.367188 0.825000 0.368750 0.825000 0.367188 0.822917 0.367188 0.818750 0.367188 0.818750
1 0.271875 0.768750 0.268750 0.768750 0.262500 0.768750 0.259375 0.768750 0.256250 0.775000 0.256250 0.781250 0.256250 0.787500 0.256250 0.791667 0.256250 0.793750 0.256250 0.804167 0.256250 0.806250 0.256250 0.812500 0.256250 0.818750 0.256250 0.825000 0.262500 0.825000 0.265625 0.829167 0.270313 0.829167 0.270313 0.818750 0.270313 0.812500 0.271875 0.806250 0.273438 0.800000 0.275000 0.793750 0.275000 0.791667 0.275000 0.785417
1 0.278125 0.662500 0.275000 0.662500 0.273438 0.662500 0.270313 0.662500 0.267188 0.662500 0.265625 0.662500 0.262500 0.662500 0.259375 0.666667 0.259375 0.668750 0.259375 0.675000 0.259375 0.679167 0.259375 0.681250 0.259375 0.687500 0.259375 0.691667 0.259375 0.693750 0.259375 0.700000 0.259375 0.704167 0.262500 0.706250 0.265625 0.706250 0.267188 0.706250 0.270313 0.706250 0.275000 0.706250 0.275000 0.706250 0.278125 0.706250
1 0.282813 0.575000 0.278125 0.575000 0.278125 0.575000 0.275000 0.575000 0.271875 0.575000 0.270313 0.581250 0.270313 0.587500 0.268750 0.587500 0.268750 0.593750 0.267188 0.600000 0.267188 0.600000 0.262500 0.606250 0.262500 0.610417 0.262500 0.612500 0.262500 0.618750 0.267188 0.622917 0.270313 0.625000 0.271875 0.625000 0.275000 0.625000 0.278125 0.625000 0.281250 0.625000
1 0.009375 0.229167 0.009375 0.229167 0.009375 0.229167 0.009375 0.229167 0.009375 0.229167 0.006250 0.229167 0.006250 0.229167 0.006250 0.229167 0.003125 0.229167 0.003125 0.229167 0.001563 0.229167 0.001563 0.229167 0.001563 0.229167 0.001563 0.229167 0.001563 0.231250 0.001563 0.237500 0.001563 0.237500 0.001563 0.241667 0.001563 0.243750 0.003125 0.243750 0.003125 0.243750 0.003125 0.243750
1 0.003125 0.310417 0.003125 0.306250 0.003125 0.306250 0.000000 0.306250 -0.001563 0.306250 -0.003125 0.306250 -0.003125 0.306250 -0.006250 0.312500 -0.006250 0.316667 -0.006250 0.318750 -0.006250 0.322917 -0.003125 0.325000 -0.003125 0.325000 -0.001563 0.325000 0.000000 0.325000 0.001563 0.325000 0.003125 0.325000 0.003125 0.322917 0.006250 0.318750 0.006250 0.318750 0.009375 0.318750 0.009375 0.312500 0.009375 0.312500 0.006250 0.312500
1 0.014063 0.400000 0.014063 0.404167 0.014063 0.406250 0.014063 0.406250 0.014063 0.412500 0.014063 0.412500 0.017188 0.412500 0.021875 0.412500 0.023438 0.412500 0.025000 0.412500 0.025000 0.412500 0.028125 0.412500 0.031250 0.412500 0.031250 0.412500 0.034375 0.412500 0.034375 0.416667 0.037500 0.416667 0.037500 0.416667 0.040625 0.416667 0.043750 0.412500 0.043750 0.410417
1 0.071875 0.410417 0.073438 0.410417 0.073438 0.412500 0.075000 0.416667 0.075000 0.418750 0.075000 0.418750 0.075000 0.418750 0.075000 0.422917 0.075000 0.425000 0.076563 0.425000 0.078125 0.425000 0.078125 0.425000 0.081250 0.425000 0.085938 0.425000 0.085938 0.425000 0.087500 0.425000 0.089063 0.425000 0.089063 0.425000 0.089063 0.425000 0.090625 0.425000 0.092188 0.425000 0.092188 0.425000 0.093750 0.425000 0.093750 0.425000 0.093750 0.425000 0.093750 0.425000 0.096875 0.425000 0.096875 0.425000 0.096875 0.425000 0.096875 0.418750 0.096875 0.418750 0.096875 0.416667 0.096875 0.416667 0.096875 0.416667
1 0.128125 0.418750 0.128125 0.425000 0.128125 0.431250 0.128125 0.435417 0.128125 0.437500 0.128125 0.441667 0.131250 0.441667 0.134375 0.441667 0.137500 0.441667 0.140625 0.441667 0.143750 0.441667 0.143750 0.441667 0.146875 0.441667 0.148438 0.441667 0.150000 0.441667 0.153125 0.441667 0.154688 0.441667 0.154688 0.435417 0.154688 0.431250 0.154688 0.429167 0.154688 0.425000 0.154688 0.425000
1 0.187500 0.418750 0.185938 0.418750 0.185938 0.425000 0.185938 0.429167 0.185938 0.431250 0.185938 0.437500 0.187500 0.437500 0.190625 0.437500 0.193750 0.437500 0.201563 0.443750 0.203125 0.443750 0.207813 0.443750 0.209375 0.443750 0.212500 0.443750 0.215625 0.443750 0.218750 0.443750 0.218750 0.437500 0.218750 0.431250 0.218750 0.429167 0.218750 0.425000 0.218750 0.418750 0.218750 0.416667
1 0.246875 0.418750 0.250000 0.422917 0.250000 0.425000 0.250000 0.431250 0.251563 0.431250 0.251563 0.431250 0.253125 0.437500 0.253125 0.437500 0.253125 0.441667 0.254688 0.443750 0.256250 0.443750 0.256250 0.443750 0.259375 0.443750 0.262500 0.443750 0.262500 0.443750 0.267188 0.443750 0.268750 0.443750 0.271875 0.443750 0.273438 0.443750 0.275000 0.443750 0.275000 0.437500 0.275000 0.437500 0.275000 0.435417 0.275000 0.431250 0.275000 0.429167 0.275000 0.425000 0.275000 0.422917 0.275000 0.418750 0.275000 0.416667
1 0.046875 0.225000 0.042188 0.237500 0.040625 0.237500 0.040625 0.243750 0.040625 0.243750 0.043750 0.247917 0.043750 0.247917 0.048438 0.247917 0.050000 0.247917 0.056250 0.243750 0.059375 0.243750 0.062500 0.241667 0.065625 0.237500 0.065625 0.235417 0.065625 0.231250 0.065625 0.231250 0.062500 0.225000 0.059375 0.225000 0.056250 0.225000 0.053125 0.225000 0.050000 0.225000
1 0.103125 0.222917 0.096875 0.225000 0.096875 0.229167 0.093750 0.231250 0.093750 0.235417 0.093750 0.237500 0.093750 0.243750 0.096875 0.243750 0.100000 0.243750 0.103125 0.243750 0.106250 0.243750 0.109375 0.237500 0.112500 0.237500 0.112500 0.235417 0.112500 0.231250 0.112500 0.225000 0.112500 0.222917 0.112500 0.222917 0.109375 0.222917 0.107813 0.222917 0.104688 0.222917
1 0.175000 0.225000 0.171875 0.225000 0.171875 0.225000 0.168750 0.229167 0.168750 0.229167 0.165625 0.231250 0.162500 0.231250 0.162500 0.231250 0.160938 0.235417 0.160938 0.237500 0.162500 0.237500 0.162500 0.243750 0.165625 0.243750 0.165625 0.243750 0.168750 0.243750 0.170313 0.243750 0.171875 0.243750 0.171875 0.243750 0.178125 0.241667 0.179688 0.237500 0.179688 0.237500 0.179688 0.235417 0.179688 0.231250 0.179688 0.229167 0.178125 0.225000 0.178125 0.222917 0.176563 0.222917
1 0.217188 0.222917 0.217188 0.229167 0.215625 0.231250 0.215625 0.235417 0.215625 0.237500 0.215625 0.241667 0.218750 0.241667 0.221875 0.243750 0.225000 0.243750 0.228125 0.243750 0.231250 0.241667 0.234375 0.237500 0.237500 0.237500 0.240625 0.237500 0.240625 0.231250 0.240625 0.225000 0.237500 0.222917 0.234375 0.218750 0.231250 0.218750 0.228125 0.218750 0.221875 0.218750 0.218750 0.218750
1 0.285938 0.222917 0.278125 0.225000 0.275000 0.229167 0.275000 0.231250 0.275000 0.235417 0.275000 0.237500 0.278125 0.243750 0.278125 0.243750 0.282813 0.250000 0.287500 0.250000 0.290625 0.250000 0.293750 0.250000 0.298438 0.250000 0.300000 0.250000 0.303125 0.250000 0.304688 0.243750 0.306250 0.237500 0.306250 0.231250 0.304688 0.225000 0.303125 0.222917 0.301563 0.218750 0.296875 0.218750 0.290625 0.218750 0.285938 0.218750 0.282813 0.218750
1 0.068750 0.304167 0.065625 0.306250 0.065625 0.306250 0.065625 0.312500 0.065625 0.316667 0.065625 0.318750 0.068750 0.318750 0.071875 0.318750 0.073438 0.322917 0.076563 0.322917 0.078125 0.322917 0.081250 0.322917 0.085938 0.318750 0.085938 0.312500 0.085938 0.312500 0.085938 0.306250 0.085938 0.304167 0.085938 0.300000 0.081250 0.300000 0.078125 0.300000 0.076563 0.300000 0.075000 0.304167 0.071875 0.306250 0.071875 0.306250
1 0.140625 0.312500 0.140625 0.310417 0.137500 0.310417 0.134375 0.310417 0.128125 0.310417 0.123438 0.310417 0.120313 0.310417 0.118750 0.312500 0.115625 0.316667 0.112500 0.318750 0.112500 0.322917 0.112500 0.329167 0.118750 0.331250 0.125000 0.331250 0.128125 0.331250 0.131250 0.331250 0.134375 0.331250 0.140625 0.331250 0.143750 0.331250 0.145313 0.325000 0.146875 0.318750 0.146875 0.318750 0.146875 0.312500 0.143750 0.312500
1 0.178125 0.306250 0.171875 0.306250 0.171875 0.312500 0.171875 0.322917 0.175000 0.325000 0.179688 0.331250 0.181250 0.331250 0.190625 0.331250 0.193750 0.331250 0.196875 0.329167 0.196875 0.325000 0.201563 0.325000 0.203125 0.318750 0.203125 0.312500 0.203125 0.306250 0.196875 0.306250 0.192188 0.306250 0.187500 0.306250 0.185938 0.306250 0.181250 0.306250 0.179688 0.306250
1 0.240625 0.312500 0.239063 0.312500 0.239063 0.318750 0.239063 0.325000 0.240625 0.331250 0.243750 0.331250 0.248438 0.335417 0.253125 0.335417 0.256250 0.335417 0.262500 0.335417 0.262500 0.335417 0.267188 0.331250 0.270313 0.331250 0.275000 0.325000 0.275000 0.318750 0.275000 0.312500 0.270313 0.312500 0.259375 0.310417 0.256250 0.306250 0.253125 0.306250 0.250000 0.306250 0.243750 0.306250 0.240625 0.306250 0.237500 0.312500
1 0.512500 0.000000 0.509375 0.000000 0.506250 0.000000 0.506250 0.000000 0.503125 0.000000 0.503125 0.000000 0.500000 0.000000 0.496875 0.000000 0.496875 0.006250 0.496875 0.006250 0.496875 0.010417 0.500000 0.016667 0.501563 0.016667 0.501563 0.018750 0.501563 0.018750 0.501563 0.022917 0.501563 0.025000 0.501563 0.029167 0.503125 0.029167 0.503125 0.031250 0.506250 0.031250 0.509375 0.031250 0.510938 0.031250 0.512500 0.031250
1 0.506250 0.050000 0.503125 0.054167 0.500000 0.054167 0.496875 0.054167 0.493750 0.054167 0.493750 0.060417 0.493750 0.062500 0.493750 0.068750 0.493750 0.072917 0.493750 0.075000 0.493750 0.081250 0.493750 0.085417 0.493750 0.087500 0.493750 0.093750 0.493750 0.097917 0.493750 0.100000 0.496875 0.100000 0.503125 0.100000 0.506250 0.100000 0.506250 0.100000
1 0.509375 0.137500 0.506250 0.137500 0.503125 0.135417 0.501563 0.135417 0.496875 0.135417 0.493750 0.135417 0.489063 0.135417 0.485938 0.135417 0.484375 0.135417 0.484375 0.137500 0.484375 0.143750 0.484375 0.150000 0.484375 0.154167 0.484375 0.156250 0.485938 0.162500 0.485938 0.162500 0.485938 0.166667 0.489063 0.168750 0.492188 0.168750 0.493750 0.168750 0.496875 0.168750 0.501563 0.172917 0.503125 0.172917
1 0.412500 0.000000 0.412500 0.000000 0.412500 0.000000 0.410938 0.000000 0.409375 0.000000 0.409375 0.000000 0.407813 0.000000 0.406250 0.000000 0.406250 0.000000 0.406250 0.000000 0.406250 0.004167 0.406250 0.006250 0.406250 0.006250 0.406250 0.010417 0.406250 0.012500 0.406250 0.012500 0.406250 0.012500 0.406250 0.016667 0.406250 0.016667 0.406250 0.016667 0.406250 0.018750 0.409375 0.018750 0.409375 0.018750 0.409375 0.018750 0.412500 0.018750 0.412500 0.018750 0.412500 0.018750 0.412500 0.022917 0.415625 0.022917 0.415625 0.022917 0.415625 0.022917 0.418750 0.025000 0.418750 0.025000 0.418750 0.025000
1 0.412500 0.050000 0.412500 0.050000 0.409375 0.050000 0.406250 0.050000 0.406250 0.050000 0.403125 0.050000 0.400000 0.054167 0.400000 0.056250 0.400000 0.056250 0.400000 0.062500 0.400000 0.062500 0.400000 0.068750 0.400000 0.072917 0.400000 0.075000 0.400000 0.079167 0.400000 0.081250 0.400000 0.081250 0.400000 0.087500 0.400000 0.091667 0.400000 0.093750 0.400000 0.093750 0.400000 0.093750 0.400000 0.093750 0.403125 0.093750 0.406250 0.093750 0.407813 0.093750 0.409375 0.093750
1 0.400000 0.118750 0.400000 0.118750 0.396875 0.118750 0.395313 0.118750 0.393750 0.118750 0.392188 0.118750 0.392188 0.125000 0.393750 0.129167 0.393750 0.131250 0.393750 0.131250 0.393750 0.137500 0.393750 0.141667 0.393750 0.143750 0.393750 0.143750 0.393750 0.150000 0.393750 0.150000 0.393750 0.154167 0.393750 0.156250 0.395313 0.156250 0.398438 0.160417 0.400000 0.162500 0.400000 0.162500
1 0.337500 0.006250 0.337500 0.004167 0.334375 0.004167 0.334375 0.004167 0.331250 0.004167 0.329688 0.004167 0.328125 0.004167 0.325000 0.004167 0.325000 0.006250 0.325000 0.006250 0.325000 0.010417 0.325000 0.012500 0.325000 0.016667 0.325000 0.018750 0.325000 0.018750 0.321875 0.025000 0.321875 0.029167 0.321875 0.031250 0.321875 0.035417 0.321875 0.037500 0.325000 0.037500 0.325000 0.037500 0.328125 0.037500 0.329688 0.037500
1 0.321875 0.068750 0.321875 0.068750 0.318750 0.068750 0.318750 0.068750 0.317188 0.068750 0.317188 0.068750 0.317188 0.075000 0.315625 0.075000 0.315625 0.079167 0.315625 0.081250 0.315625 0.085417 0.315625 0.087500 0.315625 0.087500 0.315625 0.093750 0.315625 0.093750 0.315625 0.097917 0.315625 0.100000 0.315625 0.100000 0.315625 0.106250 0.315625 0.106250 0.317188 0.106250 0.318750 0.106250 0.321875 0.106250 0.321875 0.106250 0.325000 0.106250
2 0.331250 0.041667 0.331250 0.041667 0.328125 0.041667 0.325000 0.041667 0.325000 0.041667 0.321875 0.041667 0.318750 0.041667 0.318750 0.041667 0.317188 0.041667 0.317188 0.043750 0.317188 0.047917 0.317188 0.050000 0.317188 0.054167 0.317188 0.054167 0.318750 0.056250 0.318750 0.060417 0.318750 0.062500 0.321875 0.062500 0.321875 0.062500 0.325000 0.062500 0.328125 0.062500 0.329688 0.062500
2 0.321875 0.110417 0.321875 0.110417 0.318750 0.110417 0.318750 0.110417 0.315625 0.110417 0.314063 0.110417 0.312500 0.110417 0.312500 0.112500 0.312500 0.122917 0.312500 0.125000 0.312500 0.129167 0.312500 0.131250 0.312500 0.131250 0.312500 0.135417 0.312500 0.137500 0.312500 0.137500 0.312500 0.143750 0.312500 0.143750 0.312500 0.147917 0.312500 0.150000 0.312500 0.150000 0.312500 0.154167 0.312500 0.156250 0.315625 0.156250 0.317188 0.156250
2 0.406250 0.081250 0.403125 0.081250 0.400000 0.081250 0.398438 0.081250 0.396875 0.081250 0.395313 0.081250 0.393750 0.081250 0.393750 0.081250 0.393750 0.087500 0.393750 0.093750 0.393750 0.093750 0.393750 0.097917 0.393750 0.100000 0.393750 0.100000 0.392188 0.106250 0.392188 0.106250 0.392188 0.110417 0.392188 0.110417 0.392188 0.112500 0.395313 0.112500 0.396875 0.112500 0.398438 0.112500 0.400000 0.112500 0.400000 0.112500 0.403125 0.112500 0.406250 0.112500 0.406250 0.116667
2 0.506250 0.068750 0.503125 0.068750 0.496875 0.068750 0.493750 0.068750 0.489063 0.072917 0.489063 0.081250 0.489063 0.085417 0.489063 0.087500 0.489063 0.093750 0.489063 0.100000 0.489063 0.104167 0.489063 0.106250 0.489063 0.110417 0.489063 0.116667 0.489063 0.118750 0.493750 0.125000 0.493750 0.125000 0.496875 0.125000 0.500000 0.125000 0.503125 0.125000 0.506250 0.125000
2 0.407813 0.035417 0.406250 0.037500 0.406250 0.037500 0.403125 0.037500 0.400000 0.037500 0.398438 0.037500 0.396875 0.037500 0.396875 0.043750 0.396875 0.047917 0.396875 0.050000 0.396875 0.050000 0.396875 0.056250 0.398438 0.060417 0.398438 0.062500 0.398438 0.068750 0.398438 0.072917 0.400000 0.072917 0.406250 0.072917 0.409375 0.072917 0.410938 0.075000 0.412500 0.075000 0.412500 0.075000
2 0.496875 0.166667 0.493750 0.166667 0.493750 0.166667 0.492188 0.166667 0.489063 0.166667 0.489063 0.166667 0.485938 0.166667 0.485938 0.168750 0.485938 0.175000 0.485938 0.179167 0.485938 0.179167 0.485938 0.181250 0.485938 0.181250 0.485938 0.187500 0.485938 0.187500 0.485938 0.193750 0.485938 0.193750 0.485938 0.197917 0.487500 0.200000 0.490625 0.200000 0.492188 0.200000 0.493750 0.200000 0.493750 0.200000 0.496875 0.200000 0.500000 0.200000 0.503125 0.200000 0.503125 0.200000 0.503125 0.204167 0.503125 0.206250
2 0.565625 0.210417 0.559375 0.210417 0.557813 0.210417 0.554688 0.210417 0.550000 0.210417 0.548438 0.210417 0.543750 0.210417 0.537500 0.212500 0.528125 0.212500 0.523438 0.212500 0.523438 0.218750 0.523438 0.225000 0.525000 0.229167 0.526563 0.229167 0.531250 0.231250 0.534375 0.231250 0.537500 0.231250 0.540625 0.231250 0.543750 0.231250 0.548438 0.231250 0.550000 0.231250 0.553125 0.231250 0.557813 0.231250 0.559375 0.231250 0.559375 0.231250
2 0.617188 0.232292 0.031250 0.022917
2 0.687500 0.235417 0.034375 0.025000
2 0.746875 0.246875 0.031250 0.031250
2 0.815625 0.257292 0.043750 0.031250
2 0.903125 0.372917 0.025000 0.029167
2 0.835938 0.365625 0.028125 0.031250
2 0.783594 0.363542 0.023438 0.031250
2 0.679688 0.351042 0.025000 0.035417
2 0.625000 0.346875 0.034375 0.043750
2 0.856250 0.250000 0.856250 0.254167 0.854688 0.256250 0.854688 0.262500 0.856250 0.262500 0.862500 0.266667 0.867188 0.266667 0.868750 0.266667 0.871875 0.266667 0.871875 0.268750 0.876563 0.268750 0.878125 0.266667 0.881250 0.262500 0.881250 0.256250 0.881250 0.254167 0.881250 0.250000 0.876563 0.250000 0.867188 0.250000 0.860938 0.250000 0.859375 0.250000 0.856250 0.250000 0.853125 0.250000 0.850000 0.256250 0.854688 0.266667
2 0.637500 0.462500 0.631250 0.462500 0.626563 0.462500 0.621875 0.462500 0.620313 0.462500 0.618750 0.462500 0.615625 0.462500 0.612500 0.468750 0.612500 0.475000 0.612500 0.485417 0.612500 0.487500 0.612500 0.493750 0.612500 0.493750 0.615625 0.493750 0.621875 0.493750 0.625000 0.497917 0.628125 0.497917 0.631250 0.497917 0.631250 0.497917 0.635938 0.497917 0.637500 0.497917 0.642188 0.497917 0.643750 0.493750 0.646875 0.493750
2 0.675000 0.468750 0.675000 0.472917 0.675000 0.479167 0.675000 0.481250 0.675000 0.481250 0.675000 0.485417 0.679688 0.485417 0.679688 0.487500 0.684375 0.487500 0.690625 0.487500 0.696875 0.487500 0.704688 0.487500 0.706250 0.487500 0.709375 0.487500 0.709375 0.487500 0.712500 0.487500 0.715625 0.487500 0.715625 0.487500 0.718750 0.487500 0.720313 0.487500 0.720313 0.487500 0.720313 0.481250 0.718750 0.481250 0.718750 0.479167 0.718750 0.475000 0.718750 0.472917 0.718750 0.468750 0.718750 0.468750 0.718750 0.466667
2 0.761719 0.491667 0.032813 0.029167
2 0.831250 0.485417 0.825000 0.485417 0.821875 0.485417 0.815625 0.485417 0.814063 0.485417 0.812500 0.485417 0.809375 0.485417 0.806250 0.485417 0.803125 0.485417 0.800000 0.485417 0.796875 0.487500 0.796875 0.493750 0.796875 0.493750 0.798438 0.500000 0.800000 0.500000 0.806250 0.504167 0.809375 0.504167 0.812500 0.506250 0.814063 0.506250 0.818750 0.506250 0.821875 0.504167 0.823438 0.504167 0.825000 0.500000 0.825000 0.493750 0.825000 0.487500 0.831250 0.487500
2 0.871875 0.487500 0.870313 0.487500 0.867188 0.487500 0.865625 0.493750 0.862500 0.500000 0.862500 0.504167 0.862500 0.506250 0.867188 0.510417 0.871875 0.510417 0.878125 0.510417 0.881250 0.510417 0.884375 0.510417 0.887500 0.510417 0.890625 0.506250 0.890625 0.500000 0.887500 0.497917 0.885938 0.493750 0.881250 0.493750 0.878125 0.493750 0.871875 0.487500 0.870313 0.487500
2 0.462500 0.576042 0.021875 0.043750
2 0.465625 0.673958 0.018750 0.043750
2 0.465625 0.765625 0.021875 0.043750
2 0.368750 0.825000 0.367188 0.825000 0.364063 0.825000 0.360938 0.825000 0.359375 0.825000 0.356250 0.825000 0.353125 0.825000 0.353125 0.831250 0.353125 0.837500 0.353125 0.841667 0.353125 0.843750 0.353125 0.847917 0.353125 0.850000 0.353125 0.854167 0.353125 0.856250 0.353125 0.862500 0.353125 0.862500 0.353125 0.868750 0.353125 0.868750 0.356250 0.872917 0.356250 0.872917 0.360938 0.872917 0.360938 0.872917
2 0.371875 0.725000 0.368750 0.725000 0.367188 0.725000 0.364063 0.725000 0.360938 0.725000 0.360938 0.731250 0.360938 0.743750 0.360938 0.747917 0.360938 0.750000 0.360938 0.754167 0.360938 0.756250 0.359375 0.756250 0.359375 0.762500 0.359375 0.762500 0.359375 0.766667 0.359375 0.768750 0.359375 0.768750 0.364063 0.768750 0.364063 0.768750 0.367188 0.768750 0.365625 0.766667 0.365625 0.756250
2 0.368750 0.637500 0.368750 0.637500 0.367188 0.637500 0.367188 0.637500 0.367188 0.637500 0.365625 0.637500 0.364063 0.637500 0.364063 0.637500 0.364063 0.637500 0.362500 0.637500 0.360938 0.637500 0.360938 0.641667 0.360938 0.650000 0.360938 0.654167 0.360938 0.656250 0.360938 0.662500 0.360938 0.662500 0.360938 0.662500 0.360938 0.666667 0.360938 0.666667 0.360938 0.668750 0.360938 0.668750 0.360938 0.668750 0.360938 0.672917 0.360938 0.672917 0.362500 0.675000 0.364063 0.675000 0.365625 0.675000 0.367188 0.675000 0.367188 0.675000 0.367188 0.675000 0.368750 0.675000 0.368750 0.675000 0.371875 0.679167 0.371875 0.679167 0.371875 0.679167 0.371875 0.679167
2 0.376563 0.541667 0.375000 0.537500 0.371875 0.537500 0.368750 0.537500 0.367188 0.541667 0.367188 0.541667 0.364063 0.541667 0.364063 0.541667 0.360938 0.541667 0.360938 0.554167 0.362500 0.556250 0.362500 0.562500 0.362500 0.566667 0.362500 0.568750 0.364063 0.572917 0.365625 0.572917 0.367188 0.572917 0.368750 0.572917 0.368750 0.572917 0.371875 0.572917 0.375000 0.572917
2 0.278125 0.635417 0.278125 0.631250 0.275000 0.631250 0.275000 0.631250 0.275000 0.629167 0.273438 0.629167 0.270313 0.629167 0.270313 0.625000 0.270313 0.629167 0.270313 0.631250 0.268750 0.635417 0.268750 0.641667 0.268750 0.643750 0.268750 0.643750 0.268750 0.647917 0.268750 0.650000 0.268750 0.654167 0.268750 0.656250 0.270313 0.656250 0.270313 0.656250 0.273438 0.656250 0.275000 0.656250 0.278125 0.656250 0.278125 0.656250 0.281250 0.656250 0.282813 0.660417
2 0.275000 0.710417 0.273438 0.710417 0.270313 0.710417 0.267188 0.710417 0.265625 0.710417 0.262500 0.706250 0.259375 0.712500 0.259375 0.718750 0.259375 0.725000 0.259375 0.729167 0.259375 0.735417 0.259375 0.737500 0.259375 0.741667 0.259375 0.743750 0.259375 0.750000 0.259375 0.754167 0.259375 0.756250 0.262500 0.762500 0.262500 0.766667 0.265625 0.766667 0.267188 0.768750 0.270313 0.768750 0.273438 0.768750 0.275000 0.768750
2 0.287500 0.525000 0.287500 0.525000 0.282813 0.525000 0.281250 0.525000 0.278125 0.525000 0.275000 0.525000 0.273438 0.525000 0.270313 0.525000 0.267188 0.535417 0.267188 0.537500 0.267188 0.543750 0.267188 0.550000 0.267188 0.554167 0.267188 0.556250 0.270313 0.566667 0.271875 0.572917 0.275000 0.575000 0.275000 0.575000 0.278125 0.575000 0.282813 0.575000 0.285938 0.575000
2 0.056250 0.412500 0.025000 0.025000
2 0.107031 0.421875 0.023438 0.031250
2 0.167969 0.432292 0.023438 0.035417
2 0.236719 0.430208 0.020313 0.031250
2 0.037500 0.235417 0.037500 0.231250 0.034375 0.229167 0.034375 0.225000 0.034375 0.218750 0.025000 0.218750 0.020313 0.222917 0.014063 0.229167 0.009375 0.229167 0.009375 0.231250 0.009375 0.235417 0.009375 0.237500 0.009375 0.243750 0.021875 0.243750 0.025000 0.243750 0.034375 0.243750 0.034375 0.243750 0.037500 0.237500 0.037500 0.235417 0.037500 0.231250
2 0.090625 0.229167 0.084375 0.229167 0.078125 0.229167 0.076563 0.229167 0.071875 0.229167 0.068750 0.229167 0.065625 0.229167 0.065625 0.235417 0.065625 0.237500 0.065625 0.243750 0.068750 0.243750 0.075000 0.243750 0.078125 0.243750 0.081250 0.243750 0.085938 0.243750 0.089063 0.241667 0.092188 0.237500 0.093750 0.237500 0.093750 0.235417 0.093750 0.229167 0.093750 0.225000 0.092188 0.229167
2 0.150000 0.225000 0.143750 0.225000 0.137500 0.225000 0.134375 0.229167 0.131250 0.229167 0.129688 0.229167 0.125000 0.229167 0.120313 0.229167 0.117188 0.229167 0.117188 0.231250 0.117188 0.237500 0.117188 0.243750 0.121875 0.243750 0.128125 0.243750 0.131250 0.243750 0.134375 0.243750 0.140625 0.243750 0.140625 0.243750 0.143750 0.243750 0.146875 0.243750 0.150000 0.243750 0.150000 0.243750
2 0.207813 0.231250 0.203125 0.229167 0.201563 0.229167 0.193750 0.229167 0.193750 0.229167 0.190625 0.229167 0.187500 0.229167 0.185938 0.229167 0.181250 0.229167 0.179688 0.231250 0.179688 0.231250 0.179688 0.237500 0.179688 0.237500 0.179688 0.243750 0.181250 0.247917 0.185938 0.250000 0.187500 0.250000 0.193750 0.250000 0.196875 0.250000 0.196875 0.250000 0.201563 0.250000 0.206250 0.250000
2 0.267188 0.231250 0.262500 0.229167 0.254688 0.229167 0.251563 0.229167 0.250000 0.229167 0.248438 0.229167 0.243750 0.229167 0.243750 0.231250 0.246875 0.237500 0.246875 0.237500 0.246875 0.243750 0.250000 0.243750 0.253125 0.243750 0.254688 0.243750 0.256250 0.243750 0.259375 0.243750 0.262500 0.243750 0.265625 0.243750 0.267188 0.243750 0.270313 0.243750
2 0.059375 0.306250 0.040625 0.306250 0.034375 0.306250 0.031250 0.306250 0.025000 0.306250 0.020313 0.306250 0.014063 0.306250 0.009375 0.306250 0.009375 0.312500 0.009375 0.322917 0.009375 0.325000 0.015625 0.325000 0.028125 0.325000 0.032813 0.325000 0.037500 0.325000 0.043750 0.325000 0.046875 0.325000 0.053125 0.325000 0.056250 0.325000 0.059375 0.325000
2 0.112500 0.312500 0.112500 0.312500 0.106250 0.306250 0.100000 0.306250 0.096875 0.306250 0.093750 0.306250 0.089063 0.304167 0.085938 0.304167 0.081250 0.304167 0.078125 0.306250 0.078125 0.312500 0.078125 0.318750 0.081250 0.325000 0.085938 0.325000 0.089063 0.329167 0.093750 0.329167 0.096875 0.331250 0.100000 0.331250 0.106250 0.331250 0.109375 0.331250 0.117188 0.335417
2 0.168750 0.312500 0.168750 0.310417 0.162500 0.310417 0.156250 0.310417 0.153125 0.310417 0.148438 0.310417 0.145313 0.310417 0.143750 0.310417 0.140625 0.310417 0.143750 0.316667 0.143750 0.318750 0.143750 0.318750 0.143750 0.322917 0.145313 0.325000 0.146875 0.325000 0.148438 0.325000 0.153125 0.331250 0.153125 0.331250 0.156250 0.331250 0.156250 0.331250 0.159375 0.331250 0.160938 0.331250 0.162500 0.331250 0.165625 0.331250 0.165625 0.331250 0.168750 0.331250 0.171875 0.325000
2 0.232813 0.318750 0.234375 0.312500 0.232813 0.312500 0.228125 0.312500 0.223438 0.310417 0.215625 0.306250 0.212500 0.306250 0.210938 0.306250 0.207813 0.306250 0.207813 0.306250 0.207813 0.312500 0.207813 0.318750 0.207813 0.322917 0.212500 0.325000 0.217188 0.325000 0.218750 0.329167 0.221875 0.331250 0.223438 0.331250 0.225000 0.331250 0.228125 0.331250 0.228125 0.331250 0.231250 0.331250 0.234375 0.331250 0.234375 0.331250
2 0.300000 0.306250 0.296875 0.306250 0.290625 0.306250 0.287500 0.306250 0.285938 0.306250 0.282813 0.306250 0.275000 0.306250 0.275000 0.306250 0.275000 0.312500 0.275000 0.316667 0.275000 0.318750 0.275000 0.322917 0.275000 0.325000 0.278125 0.325000 0.278125 0.325000 0.282813 0.331250 0.282813 0.331250 0.287500 0.331250 0.287500 0.331250 0.290625 0.331250 0.293750 0.331250 0.296875 0.331250 0.298438 0.331250 0.300000 0.331250 0.301563 0.331250 0.301563 0.325000 0.301563 0.322917 0.301563 0.318750
2 0.398438 0.166667 0.396875 0.166667 0.395313 0.166667 0.393750 0.166667 0.392188 0.166667 0.392188 0.168750 0.390625 0.181250 0.390625 0.187500 0.390625 0.193750 0.390625 0.193750 0.390625 0.197917 0.390625 0.200000 0.390625 0.200000 0.390625 0.206250 0.390625 0.212500 0.390625 0.212500 0.390625 0.218750 0.392188 0.218750 0.395313 0.218750 0.398438 0.218750 0.400000 0.218750 0.403125 0.218750 0.406250 0.218750 0.407813 0.222917 0.407813 0.222917 0.406250 0.222917 0.403125 0.222917 0.400000 0.222917 0.400000 0.222917 0.398438 0.222917
6 0.379688 0.475000 0.362500 0.493750 0.362500 0.527083 0.360938 0.564583 0.357812 0.602083 0.357812 0.639583 0.359375 0.675000 0.357812 0.712500 0.351562 0.772917 0.350000 0.808333 0.350000 0.847917 0.359375 0.875000 0.367188 0.837500 0.371875 0.791667 0.367188 0.754167 0.371875 0.702083 0.376563 0.650000 0.379688 0.597917 0.381250 0.545833 0.384375 0.504167 0.373437 0.472917
6 0.282813 0.508333 0.275000 0.537500 0.275000 0.579167 0.270313 0.614583 0.268750 0.643750 0.267188 0.666667 0.262500 0.706250 0.260937 0.733333 0.257812 0.764583 0.254688 0.795833 0.257812 0.835417 0.270313 0.818750 0.273438 0.783333 0.276562 0.745833 0.278125 0.706250 0.281250 0.672917 0.282813 0.641667 0.287500 0.604167 0.292187 0.564583 0.292187 0.533333 0.281250 0.510417
6 0.470313 0.475000 0.460938 0.493750 0.460938 0.531250 0.459375 0.577083 0.456250 0.629167 0.454688 0.666667 0.454688 0.708333 0.450000 0.720833 0.454688 0.710417 0.446875 0.766667 0.443750 0.804167 0.451562 0.833333 0.462500 0.831250 0.468750 0.789583 0.471875 0.752083 0.473438 0.712500 0.476562 0.668750 0.482812 0.600000 0.482812 0.550000 0.482812 0.510417 0.481250 0.477083
6 0.284375 0.416667 0.228125 0.420833 0.196875 0.420833 0.159375 0.416667 0.125000 0.412500 0.076563 0.404167 0.042188 0.397917 0.017188 0.397917 0.009375 0.414583 0.034375 0.425000 0.065625 0.427083 0.090625 0.427083 0.110937 0.431250 0.137500 0.437500 0.160938 0.443750 0.190625 0.445833 0.215625 0.447917 0.245312 0.447917 0.267188 0.447917 0.282813 0.437500 0.282813 0.416667
6 0.295312 0.310417 0.245312 0.308333 0.207813 0.302083 0.171875 0.300000 0.140625 0.295833 0.104688 0.300000 0.067187 0.302083 0.031250 0.308333 0.000000 0.308333 0.009375 0.327083 0.035937 0.325000 0.068750 0.322917 0.104688 0.325000 0.131250 0.329167 0.159375 0.331250 0.189062 0.331250 0.223438 0.331250 0.257812 0.331250 0.285938 0.333333 0.301563 0.327083 0.289062 0.306250
6 0.300000 0.225000 0.257812 0.220833 0.220312 0.222917 0.190625 0.222917 0.160938 0.222917 0.112500 0.222917 0.075000 0.220833 0.043750 0.218750 0.014063 0.227083 0.000000 0.243750 0.025000 0.243750 0.053125 0.239583 0.082812 0.239583 0.118750 0.239583 0.148438 0.243750 0.176563 0.247917 0.209375 0.250000 0.237500 0.250000 0.262500 0.250000 0.298438 0.250000 0.303125 0.229167
6 0.573438 0.214583 0.531250 0.214583 0.490625 0.212500 0.500000 0.231250 0.543750 0.231250 0.592187 0.235417 0.634375 0.245833 0.682813 0.252083 0.732812 0.252083 0.770312 0.245833 0.809375 0.260417 0.850000 0.268750 0.901563 0.283333 0.896875 0.252083 0.845313 0.245833 0.793750 0.239583 0.748437 0.231250 0.685937 0.225000 0.635938 0.222917 0.595313 0.218750 0.554688 0.216667
1 0.501563 0.338542 0.043750 0.027083
2 0.545312 0.338542 0.043750 0.027083
6 0.564063 0.331250 0.525000 0.331250 0.482812 0.325000 0.490625 0.352083 0.537500 0.352083 0.584375 0.358333 0.632812 0.360417 0.676562 0.360417 0.717187 0.360417 0.757812 0.368750 0.796875 0.379167 0.835938 0.383333 0.881250 0.383333 0.915625 0.385417 0.893750 0.356250 0.845313 0.352083 0.781250 0.352083 0.721875 0.341667 0.673438 0.331250 0.615625 0.335417 0.568750 0.335417
6 0.620313 0.456250 0.579688 0.450000 0.540625 0.452083 0.537500 0.483333 0.582812 0.481250 0.625000 0.483333 0.665625 0.487500 0.706250 0.493750 0.743750 0.495833 0.787500 0.504167 0.829688 0.510417 0.873437 0.514583 0.909375 0.512500 0.909375 0.481250 0.864062 0.481250 0.815625 0.477083 0.778125 0.470833 0.735938 0.462500 0.696875 0.462500 0.651563 0.460417 0.618750 0.452083
6 0.328125 0.000000 0.315625 0.016667 0.312500 0.037500 0.312500 0.060417 0.315625 0.079167 0.318750 0.097917 0.320312 0.116667 0.321875 0.133333 0.321875 0.150000 0.321875 0.166667 0.315625 0.183333 0.315625 0.202083 0.325000 0.208333 0.332813 0.187500 0.337500 0.156250 0.337500 0.137500 0.334375 0.110417 0.332813 0.075000 0.334375 0.047917 0.334375 0.020833 0.329688 0.000000
6 0.392188 0.004167 0.392188 0.029167 0.392188 0.045833 0.392188 0.068750 0.392188 0.085417 0.392188 0.106250 0.389062 0.122917 0.392188 0.139583 0.392188 0.156250 0.392188 0.175000 0.389062 0.189583 0.396875 0.197917 0.403125 0.189583 0.406250 0.162500 0.406250 0.143750 0.407813 0.116667 0.407813 0.095833 0.409375 0.072917 0.409375 0.043750 0.409375 0.016667 0.406250 0.004167
6 0.481250 0.000000 0.482812 0.027083 0.485938 0.054167 0.485938 0.081250 0.484375 0.106250 0.482812 0.133333 0.482812 0.158333 0.482812 0.177083 0.482812 0.195833 0.489063 0.210417 0.500000 0.206250 0.503125 0.183333 0.500000 0.158333 0.500000 0.135417 0.503125 0.110417 0.506250 0.089583 0.503125 0.056250 0.503125 0.029167 0.501563 0.006250 0.490625 0.000000 0.481250 0.004167
