2 0.387500 0.719792 0.065625 0.035417
2 0.489063 0.700000 0.050000 0.025000
2 0.586719 0.687500 0.042188 0.025000
2 0.658594 0.678125 0.032813 0.031250
2 0.728125 0.663542 0.046875 0.022917
2 0.798438 0.646875 0.043750 0.031250
2 0.148438 0.178125 0.025000 0.043750
2 0.148438 0.282292 0.028125 0.047917
2 0.145313 0.396875 0.028125 0.056250
2 0.156250 0.481250 0.150000 0.481250 0.143750 0.481250 0.140625 0.481250 0.140625 0.487500 0.140625 0.493750 0.140625 0.500000 0.140625 0.504167 0.140625 0.506250 0.143750 0.510417 0.146875 0.516667 0.150000 0.518750 0.153125 0.518750 0.153125 0.518750 0.153125 0.510417 0.153125 0.506250 0.153125 0.500000 0.153125 0.493750 0.153125 0.487500 0.153125 0.485417
1 0.329688 0.722917 0.043750 0.029167
1 0.442188 0.709375 0.040625 0.031250
1 0.537500 0.694792 0.050000 0.031250
1 0.620313 0.681250 0.034375 0.037500
1 0.687500 0.672917 0.034375 0.029167
1 0.760938 0.656250 0.034375 0.025000
1 0.840625 0.643750 0.043750 0.025000
1 0.146875 0.343750 0.025000 0.062500
1 0.146094 0.454167 0.023438 0.050000
1 0.148438 0.235417 0.018750 0.066667
1 0.152344 0.135417 0.023438 0.041667
3 0.068750 0.454167 0.100000 0.456250 0.112500 0.460417 0.118750 0.447917 0.120313 0.425000 0.123438 0.406250 0.125000 0.391667 0.131250 0.379167 0.134375 0.362500 0.139063 0.347917 0.140625 0.335417 0.131250 0.331250 0.123438 0.331250 0.112500 0.325000 0.107813 0.337500 0.100000 0.356250 0.096875 0.375000 0.093750 0.393750 0.089063 0.412500 0.078125 0.443750 0.068750 0.460417
3 0.193750 0.575000 0.165625 0.575000 0.165625 0.581250 0.179688 0.616667 0.184375 0.635417 0.185938 0.643750 0.187500 0.654167 0.190625 0.666667 0.192188 0.679167 0.193750 0.685417 0.206250 0.687500 0.215625 0.691667 0.218750 0.681250 0.212500 0.666667 0.207813 0.643750 0.206250 0.625000 0.206250 0.606250 0.203125 0.587500 0.200000 0.575000 0.196875 0.562500 0.192188 0.575000
3 0.168750 0.972917 0.159375 0.972917 0.140625 0.972917 0.131250 0.972917 0.087500 0.979167 0.078125 0.981250 0.084375 0.993750 0.085938 1.006250 0.100000 1.016667 0.128125 1.010417 0.143750 1.010417 0.154688 1.010417 0.160938 1.012500 0.168750 1.016667 0.178125 1.016667 0.184375 1.012500 0.178125 0.993750 0.178125 0.985417 0.176563 0.968750 0.176563 0.962500 0.171875 0.960417 0.160938 0.968750 0.156250 0.972917
6 0.147656 0.300000 0.026562 0.379167
6 0.896875 0.602083 0.809375 0.633333 0.742188 0.645833 0.684375 0.656250 0.618750 0.666667 0.553125 0.675000 0.503125 0.683333 0.418750 0.697917 0.364063 0.708333 0.307812 0.716667 0.335938 0.741667 0.392188 0.737500 0.470313 0.735417 0.517188 0.714583 0.589063 0.708333 0.654687 0.702083 0.720313 0.683333 0.779687 0.668750 0.839063 0.650000 0.903125 0.635417 0.890625 0.606250
7 0.339062 0.894792 0.090625 0.052083
7 0.046875 0.468750 0.031250 0.468750 0.018750 0.468750 0.009375 0.477083 0.004687 0.493750 0.004687 0.510417 0.007812 0.522917 0.012500 0.537500 0.017188 0.554167 0.025000 0.568750 0.032813 0.581250 0.043750 0.577083 0.059375 0.575000 0.068750 0.572917 0.071875 0.554167 0.070312 0.537500 0.067187 0.522917 0.062500 0.504167 0.059375 0.487500 0.056250 0.472917 0.048438 0.464583
7 0.010937 0.579167 0.004687 0.579167 0.001563 0.579167 0.000000 0.583333 -0.001563 0.589583 -0.001563 0.593750 -0.001563 0.602083 -0.001563 0.608333 -0.001563 0.616667 0.001563 0.616667 0.004687 0.618750 0.009375 0.618750 0.014063 0.620833 0.015625 0.614583 0.017188 0.606250 0.017188 0.600000 0.017188 0.593750 0.015625 0.587500 0.010937 0.585417 0.009375 0.583333
7 0.079687 0.929167 0.068750 0.925000 0.059375 0.925000 0.053125 0.927083 0.046875 0.931250 0.043750 0.943750 0.043750 0.952083 0.042188 0.964583 0.042188 0.975000 0.042188 0.987500 0.046875 0.993750 0.053125 0.995833 0.062500 0.997917 0.068750 0.991667 0.071875 0.983333 0.076563 0.975000 0.081250 0.968750 0.082812 0.960417 0.082812 0.947917 0.081250 0.935417 0.076563 0.927083
4 0.778906 0.127083 0.064062 0.075000
