1 0.328125 0.173958 0.031250 0.110417
1 0.332031 0.383333 0.039062 0.095833
1 0.343750 0.590625 0.037500 0.114583
1 0.349219 0.803125 0.039062 0.102083
1 0.539844 0.212500 0.039062 0.091667
1 0.541406 0.407292 0.035937 0.110417
1 0.553125 0.608333 0.034375 0.095833
1 0.553125 0.819792 0.034375 0.102083
1 0.139844 0.225000 0.029687 0.045833
1 0.135937 0.412500 0.031250 0.108333
1 0.141406 0.592708 0.032813 0.085417
1 0.150781 0.833333 0.032813 0.112500
1 0.139063 0.045833 0.125000 0.045833 0.114062 0.045833 0.104688 0.050000 0.095312 0.050000 0.087500 0.052083 0.081250 0.054167 0.076563 0.064583 0.076563 0.075000 0.076563 0.085417 0.085938 0.085417 0.093750 0.085417 0.103125 0.087500 0.110937 0.087500 0.120313 0.087500 0.128125 0.087500 0.134375 0.081250 0.135937 0.072917 0.137500 0.062500 0.140625 0.054167 0.140625 0.037500
1 0.009375 0.068750 0.007812 0.068750 0.004687 0.070833 0.003125 0.072917 0.001563 0.072917 0.001563 0.077083 0.001563 0.079167 0.001563 0.083333 0.001563 0.085417 0.001563 0.089583 0.001563 0.093750 0.001563 0.095833 0.003125 0.097917 0.004687 0.097917 0.007812 0.097917 0.009375 0.093750 0.010937 0.093750 0.012500 0.091667 0.012500 0.089583 0.014063 0.085417 0.014063 0.083333 0.014063 0.077083 0.014063 0.075000 0.012500 0.072917 0.009375 0.072917
1 0.648438 0.060417 0.642188 0.060417 0.634375 0.064583 0.631250 0.072917 0.625000 0.075000 0.618750 0.075000 0.610938 0.075000 0.603125 0.075000 0.595313 0.075000 0.587500 0.077083 0.582812 0.081250 0.585938 0.089583 0.595313 0.089583 0.604688 0.089583 0.612500 0.089583 0.620313 0.089583 0.631250 0.089583 0.637500 0.089583 0.645312 0.089583 0.645312 0.079167 0.646875 0.068750 0.650000 0.060417
1 0.789062 0.072917 0.773438 0.072917 0.765625 0.072917 0.757812 0.072917 0.748437 0.072917 0.739062 0.070833 0.731250 0.070833 0.728125 0.075000 0.728125 0.085417 0.728125 0.093750 0.729688 0.102083 0.735938 0.106250 0.742188 0.106250 0.751563 0.106250 0.760938 0.108333 0.768750 0.110417 0.776563 0.110417 0.784375 0.110417 0.789062 0.106250 0.790625 0.097917 0.790625 0.089583 0.790625 0.077083 0.787500 0.072917
1 0.906250 0.095833 0.898438 0.093750 0.890625 0.089583 0.881250 0.089583 0.871875 0.089583 0.864062 0.089583 0.854688 0.089583 0.845313 0.089583 0.842187 0.097917 0.843750 0.106250 0.848437 0.110417 0.854688 0.114583 0.864062 0.118750 0.871875 0.118750 0.879687 0.122917 0.887500 0.122917 0.896875 0.125000 0.904687 0.125000 0.909375 0.125000 0.910937 0.116667 0.910937 0.106250 0.909375 0.093750
1 0.996875 0.112500 0.992188 0.110417 0.989062 0.110417 0.985938 0.106250 0.981250 0.106250 0.978125 0.106250 0.975000 0.106250 0.970313 0.106250 0.970313 0.112500 0.970313 0.118750 0.970313 0.125000 0.970313 0.129167 0.973437 0.133333 0.978125 0.133333 0.982812 0.133333 0.987500 0.133333 0.990625 0.133333 0.995313 0.133333 0.998437 0.133333 1.000000 0.131250 1.000000 0.125000 1.000000 0.118750 1.000000 0.114583 0.996875 0.112500
7 0.620313 0.008333 0.600000 0.004167 0.582812 0.000000 0.557813 0.000000 0.539062 0.000000 0.525000 0.002083 0.515625 0.016667 0.512500 0.037500 0.509375 0.060417 0.512500 0.077083 0.534375 0.081250 0.557813 0.083333 0.575000 0.083333 0.593750 0.081250 0.609375 0.081250 0.620313 0.072917 0.631250 0.064583 0.637500 0.050000 0.635938 0.033333 0.629687 0.016667 0.621875 0.002083
7 0.175000 0.056250 0.148438 0.058333 0.132812 0.070833 0.123438 0.081250 0.114062 0.106250 0.114062 0.125000 0.110937 0.145833 0.106250 0.162500 0.104688 0.187500 0.109375 0.206250 0.123438 0.204167 0.137500 0.202083 0.151562 0.197917 0.159375 0.175000 0.164062 0.154167 0.168750 0.131250 0.176563 0.110417 0.178125 0.089583 0.178125 0.068750 0.165625 0.058333
0 0.257812 0.122917 0.225000 0.129167 0.192188 0.133333 0.168750 0.150000 0.168750 0.181250 0.179688 0.214583 0.178125 0.252083 0.173437 0.287500 0.176563 0.325000 0.179688 0.360417 0.193750 0.381250 0.221875 0.370833 0.250000 0.370833 0.276562 0.372917 0.275000 0.333333 0.270313 0.295833 0.270313 0.252083 0.265625 0.214583 0.259375 0.177083 0.267188 0.145833 0.253125 0.125000
2 0.532031 0.125000 0.035937 0.087500
2 0.539062 0.306250 0.040625 0.091667
2 0.553906 0.513542 0.032813 0.089583
2 0.553906 0.716667 0.032813 0.108333
2 0.343750 0.701042 0.034375 0.102083
2 0.338281 0.486458 0.042188 0.097917
2 0.329688 0.285417 0.037500 0.104167
2 0.139063 0.305208 0.031250 0.102083
2 0.142969 0.512500 0.029687 0.070833
2 0.145313 0.705208 0.034375 0.131250
2 0.839063 0.085417 0.831250 0.083333 0.825000 0.079167 0.818750 0.075000 0.812500 0.072917 0.806250 0.070833 0.800000 0.072917 0.795312 0.075000 0.792188 0.081250 0.790625 0.091667 0.792188 0.100000 0.796875 0.104167 0.801562 0.108333 0.806250 0.110417 0.814063 0.110417 0.821875 0.110417 0.828125 0.110417 0.835938 0.110417 0.837500 0.106250 0.839063 0.097917 0.839063 0.089583
2 0.964063 0.100000 0.954688 0.095833 0.945312 0.089583 0.939063 0.089583 0.932813 0.087500 0.926562 0.087500 0.918750 0.087500 0.914062 0.089583 0.910937 0.095833 0.910937 0.106250 0.912500 0.114583 0.912500 0.122917 0.918750 0.127083 0.926562 0.129167 0.935937 0.133333 0.940625 0.135417 0.948438 0.137500 0.956250 0.137500 0.960938 0.135417 0.964063 0.125000 0.964063 0.116667 0.965625 0.110417
2 0.721875 0.068750 0.712500 0.068750 0.700000 0.068750 0.692187 0.064583 0.682813 0.064583 0.673438 0.064583 0.667188 0.064583 0.659375 0.068750 0.654687 0.072917 0.651563 0.083333 0.651563 0.093750 0.657813 0.095833 0.667188 0.097917 0.675000 0.100000 0.684375 0.102083 0.696875 0.106250 0.704688 0.106250 0.712500 0.106250 0.721875 0.106250 0.725000 0.097917 0.726562 0.083333 0.725000 0.072917
2 0.068750 0.058333 0.062500 0.058333 0.054688 0.060417 0.046875 0.064583 0.039062 0.064583 0.031250 0.064583 0.021875 0.066667 0.014063 0.066667 0.014063 0.077083 0.014063 0.085417 0.017188 0.093750 0.023438 0.093750 0.031250 0.093750 0.037500 0.091667 0.046875 0.089583 0.054688 0.085417 0.062500 0.083333 0.068750 0.081250 0.068750 0.070833 0.068750 0.060417 0.068750 0.047917
2 0.351562 0.903125 0.034375 0.077083
6 0.342187 0.110417 0.307812 0.156250 0.307812 0.250000 0.309375 0.335417 0.315625 0.414583 0.321875 0.504167 0.325000 0.589583 0.326562 0.702083 0.331250 0.787500 0.329688 0.868750 0.337500 0.943750 0.365625 0.906250 0.370312 0.829167 0.364063 0.743750 0.360938 0.652083 0.360938 0.558333 0.354687 0.481250 0.354687 0.383333 0.350000 0.283333 0.345313 0.189583 0.337500 0.106250
6 0.548438 0.093750 0.518750 0.129167 0.515625 0.214583 0.521875 0.297917 0.528125 0.375000 0.532813 0.445833 0.532813 0.525000 0.534375 0.610417 0.534375 0.702083 0.534375 0.795833 0.543750 0.868750 0.570312 0.843750 0.573438 0.766667 0.570312 0.683333 0.570312 0.593750 0.570312 0.506250 0.564063 0.433333 0.564063 0.339583 0.562500 0.252083 0.553125 0.160417 0.543750 0.093750
6 0.654687 0.050000 0.609375 0.058333 0.598437 0.093750 0.643750 0.093750 0.692187 0.102083 0.735938 0.106250 0.784375 0.108333 0.831250 0.114583 0.881250 0.125000 0.918750 0.129167 0.959375 0.137500 1.000000 0.137500 1.045313 0.106250 0.995313 0.097917 0.953125 0.089583 0.900000 0.083333 0.843750 0.079167 0.796875 0.072917 0.750000 0.066667 0.696875 0.058333 0.657813 0.052083
6 0.131250 0.058333 0.107813 0.054167 0.089063 0.058333 0.068750 0.054167 0.050000 0.056250 0.029687 0.058333 0.014063 0.064583 0.001563 0.072917 0.001563 0.093750 0.007812 0.106250 0.020313 0.097917 0.037500 0.093750 0.053125 0.093750 0.068750 0.089583 0.085938 0.089583 0.103125 0.089583 0.118750 0.089583 0.132812 0.087500 0.137500 0.072917 0.131250 0.054167
