0 0.381250 0.247917 0.050000 0.050000
0 0.475000 0.235417 0.059375 0.025000
0 0.568750 0.400000 0.028125 0.087500
0 0.675000 0.059375 0.028125 0.068750
3 0.456250 0.100000 0.460938 0.097917 0.465625 0.104167 0.470313 0.110417 0.471875 0.116667 0.473438 0.122917 0.475000 0.125000 0.478125 0.129167 0.481250 0.129167 0.484375 0.125000 0.484375 0.118750 0.484375 0.116667 0.484375 0.110417 0.481250 0.106250 0.481250 0.104167 0.478125 0.100000 0.475000 0.097917 0.473438 0.097917 0.468750 0.093750 0.462500 0.091667 0.462500 0.100000 0.462500 0.104167 0.462500 0.106250 0.462500 0.110417
3 0.590625 0.075000 0.581250 0.079167 0.575000 0.081250 0.568750 0.081250 0.562500 0.081250 0.557813 0.081250 0.556250 0.087500 0.556250 0.100000 0.565625 0.100000 0.573438 0.100000 0.578125 0.097917 0.581250 0.097917 0.587500 0.093750 0.593750 0.093750 0.596875 0.093750 0.600000 0.091667 0.600000 0.081250 0.603125 0.075000 0.595313 0.072917 0.585938 0.072917 0.581250 0.075000
3 0.682813 0.150000 0.675000 0.150000 0.668750 0.156250 0.668750 0.166667 0.668750 0.175000 0.668750 0.179167 0.668750 0.185417 0.668750 0.191667 0.668750 0.197917 0.671875 0.200000 0.682813 0.204167 0.687500 0.200000 0.690625 0.200000 0.693750 0.187500 0.693750 0.181250 0.693750 0.179167 0.693750 0.168750 0.693750 0.166667 0.693750 0.160417 0.693750 0.154167 0.693750 0.150000 0.684375 0.147917 0.679688 0.147917
3 0.715625 0.229167 0.715625 0.235417 0.715625 0.237500 0.718750 0.241667 0.728125 0.241667 0.740625 0.241667 0.745313 0.241667 0.750000 0.241667 0.751563 0.241667 0.753125 0.237500 0.753125 0.235417 0.756250 0.231250 0.756250 0.225000 0.759375 0.222917 0.753125 0.218750 0.753125 0.218750 0.746875 0.218750 0.743750 0.218750 0.737500 0.218750 0.734375 0.222917 0.731250 0.222917 0.728125 0.222917 0.725000 0.222917 0.721875 0.222917 0.718750 0.222917 0.715625 0.222917 0.715625 0.222917
1 0.928125 0.181250 0.928125 0.181250 0.928125 0.187500 0.929688 0.187500 0.929688 0.193750 0.929688 0.197917 0.931250 0.200000 0.934375 0.197917 0.940625 0.193750 0.940625 0.193750 0.943750 0.193750 0.948438 0.193750 0.950000 0.193750 0.953125 0.193750 0.956250 0.193750 0.956250 0.193750 0.956250 0.187500 0.956250 0.181250 0.956250 0.179167 0.956250 0.175000
1 0.862500 0.181250 0.862500 0.185417 0.862500 0.187500 0.862500 0.187500 0.862500 0.193750 0.862500 0.193750 0.862500 0.197917 0.867188 0.197917 0.870313 0.197917 0.871875 0.197917 0.875000 0.197917 0.878125 0.197917 0.884375 0.197917 0.887500 0.197917 0.887500 0.193750 0.890625 0.193750 0.892188 0.193750 0.893750 0.193750 0.893750 0.193750 0.896875 0.193750 0.896875 0.191667 0.896875 0.187500 0.896875 0.187500 0.896875 0.181250 0.896875 0.181250 0.896875 0.181250
1 0.803125 0.181250 0.803125 0.187500 0.803125 0.193750 0.803125 0.197917 0.803125 0.200000 0.806250 0.200000 0.809375 0.204167 0.814063 0.206250 0.818750 0.206250 0.821875 0.206250 0.825000 0.204167 0.825000 0.204167 0.829688 0.200000 0.831250 0.200000 0.831250 0.200000 0.831250 0.197917 0.831250 0.193750 0.834375 0.187500 0.834375 0.185417 0.834375 0.181250 0.834375 0.179167
1 0.728125 0.181250 0.731250 0.181250 0.731250 0.187500 0.731250 0.191667 0.731250 0.193750 0.734375 0.193750 0.734375 0.200000 0.737500 0.200000 0.745313 0.200000 0.750000 0.200000 0.753125 0.200000 0.756250 0.200000 0.759375 0.200000 0.762500 0.200000 0.762500 0.200000 0.762500 0.193750 0.765625 0.187500 0.765625 0.187500 0.765625 0.181250 0.767188 0.181250
1 0.318750 0.222917 0.318750 0.225000 0.318750 0.229167 0.318750 0.231250 0.321875 0.235417 0.321875 0.235417 0.321875 0.235417 0.325000 0.237500 0.328125 0.237500 0.331250 0.237500 0.337500 0.237500 0.340625 0.237500 0.340625 0.237500 0.343750 0.237500 0.345313 0.237500 0.343750 0.235417 0.343750 0.231250 0.343750 0.231250 0.343750 0.229167 0.343750 0.225000 0.343750 0.222917 0.343750 0.218750 0.343750 0.216667
1 0.368750 0.210417 0.371875 0.210417 0.371875 0.212500 0.371875 0.216667 0.371875 0.218750 0.371875 0.222917 0.371875 0.222917 0.371875 0.225000 0.371875 0.225000 0.371875 0.225000 0.375000 0.229167 0.376563 0.229167 0.379688 0.229167 0.381250 0.229167 0.384375 0.229167 0.384375 0.229167 0.387500 0.229167 0.392188 0.229167 0.393750 0.229167 0.395313 0.229167 0.395313 0.222917 0.395313 0.218750 0.395313 0.212500 0.395313 0.212500 0.395313 0.210417 0.395313 0.206250 0.395313 0.206250
1 0.610938 0.293750 0.620313 0.293750 0.626563 0.293750 0.628125 0.300000 0.621875 0.293750 0.618750 0.291667 0.612500 0.287500 0.610938 0.300000 0.609375 0.306250 0.609375 0.316667 0.606250 0.325000 0.606250 0.331250 0.606250 0.341667 0.615625 0.343750 0.620313 0.343750 0.625000 0.343750 0.625000 0.335417 0.626563 0.325000 0.628125 0.318750 0.628125 0.306250 0.628125 0.300000
1 0.603125 0.385417 0.600000 0.381250 0.600000 0.387500 0.600000 0.393750 0.596875 0.404167 0.596875 0.412500 0.595313 0.416667 0.595313 0.418750 0.600000 0.422917 0.603125 0.422917 0.606250 0.422917 0.609375 0.418750 0.612500 0.412500 0.612500 0.404167 0.612500 0.400000 0.612500 0.393750 0.615625 0.387500 0.615625 0.381250 0.610938 0.381250 0.603125 0.381250 0.600000 0.381250
1 0.600000 0.460417 0.596875 0.460417 0.595313 0.460417 0.593750 0.460417 0.590625 0.456250 0.590625 0.456250 0.589063 0.460417 0.589063 0.466667 0.589063 0.468750 0.589063 0.472917 0.589063 0.475000 0.589063 0.475000 0.589063 0.479167 0.589063 0.481250 0.589063 0.481250 0.587500 0.485417 0.587500 0.487500 0.587500 0.487500 0.587500 0.491667 0.585938 0.493750 0.585938 0.493750 0.585938 0.497917 0.589063 0.500000 0.590625 0.500000 0.590625 0.500000 0.593750 0.500000 0.595313 0.500000 0.600000 0.500000 0.600000 0.500000
1 0.590625 0.543750 0.585938 0.543750 0.579688 0.543750 0.578125 0.550000 0.578125 0.556250 0.575000 0.566667 0.575000 0.572917 0.575000 0.581250 0.573438 0.587500 0.573438 0.597917 0.573438 0.606250 0.578125 0.604167 0.584375 0.604167 0.589063 0.600000 0.589063 0.591667 0.590625 0.581250 0.590625 0.575000 0.590625 0.568750 0.590625 0.560417 0.593750 0.550000 0.593750 0.543750
1 0.573438 0.697917 0.568750 0.693750 0.565625 0.693750 0.559375 0.687500 0.559375 0.693750 0.559375 0.697917 0.559375 0.704167 0.557813 0.710417 0.557813 0.712500 0.557813 0.718750 0.557813 0.725000 0.557813 0.731250 0.557813 0.737500 0.559375 0.741667 0.565625 0.741667 0.568750 0.741667 0.571875 0.737500 0.573438 0.731250 0.573438 0.725000 0.573438 0.718750 0.573438 0.712500 0.573438 0.706250 0.573438 0.700000
1 0.559375 0.791667 0.557813 0.787500 0.553125 0.785417 0.548438 0.785417 0.546875 0.791667 0.548438 0.797917 0.548438 0.804167 0.548438 0.806250 0.548438 0.812500 0.548438 0.818750 0.548438 0.825000 0.548438 0.835417 0.548438 0.837500 0.553125 0.843750 0.559375 0.841667 0.559375 0.837500 0.559375 0.831250 0.559375 0.825000 0.559375 0.818750 0.559375 0.812500 0.562500 0.804167 0.564063 0.797917 0.564063 0.791667 0.564063 0.787500
2 0.568750 0.747917 0.565625 0.747917 0.564063 0.747917 0.559375 0.747917 0.557813 0.747917 0.556250 0.747917 0.553125 0.747917 0.550000 0.743750 0.550000 0.750000 0.553125 0.754167 0.553125 0.756250 0.553125 0.762500 0.553125 0.766667 0.550000 0.768750 0.550000 0.768750 0.550000 0.775000 0.550000 0.779167 0.553125 0.779167 0.557813 0.781250 0.559375 0.781250 0.564063 0.781250 0.565625 0.781250 0.565625 0.781250 0.568750 0.785417
2 0.590625 0.610417 0.581250 0.606250 0.565625 0.600000 0.559375 0.616667 0.559375 0.631250 0.557813 0.637500 0.557813 0.643750 0.554688 0.650000 0.554688 0.656250 0.554688 0.662500 0.554688 0.668750 0.554688 0.675000 0.559375 0.675000 0.565625 0.675000 0.568750 0.675000 0.573438 0.675000 0.575000 0.679167 0.581250 0.679167 0.584375 0.681250 0.585938 0.685417 0.587500 0.687500 0.585938 0.693750 0.581250 0.693750
2 0.600000 0.510417 0.596875 0.510417 0.593750 0.510417 0.590625 0.510417 0.589063 0.510417 0.585938 0.510417 0.581250 0.510417 0.581250 0.516667 0.579688 0.522917 0.578125 0.529167 0.578125 0.531250 0.575000 0.537500 0.575000 0.537500 0.575000 0.541667 0.579688 0.541667 0.581250 0.541667 0.584375 0.541667 0.585938 0.541667 0.589063 0.541667 0.590625 0.541667 0.595313 0.543750 0.596875 0.543750 0.600000 0.543750 0.600000 0.543750 0.600000 0.543750 0.596875 0.543750
2 0.600000 0.418750 0.596875 0.422917 0.595313 0.422917 0.593750 0.425000 0.590625 0.425000 0.587500 0.425000 0.585938 0.425000 0.585938 0.431250 0.585938 0.437500 0.585938 0.443750 0.585938 0.447917 0.584375 0.450000 0.584375 0.454167 0.589063 0.454167 0.593750 0.454167 0.596875 0.454167 0.600000 0.454167 0.600000 0.454167 0.603125 0.456250 0.604688 0.456250
2 0.617188 0.341667 0.612500 0.341667 0.612500 0.341667 0.609375 0.341667 0.606250 0.341667 0.603125 0.341667 0.600000 0.341667 0.596875 0.343750 0.596875 0.350000 0.596875 0.360417 0.596875 0.366667 0.596875 0.368750 0.596875 0.375000 0.596875 0.375000 0.596875 0.379167 0.600000 0.379167 0.606250 0.379167 0.609375 0.379167 0.612500 0.379167 0.615625 0.379167 0.615625 0.379167
2 0.346875 0.210417 0.350000 0.210417 0.353125 0.210417 0.356250 0.210417 0.356250 0.210417 0.353125 0.212500 0.350000 0.212500 0.346875 0.212500 0.346875 0.212500 0.348438 0.218750 0.348438 0.225000 0.348438 0.231250 0.348438 0.235417 0.350000 0.235417 0.356250 0.235417 0.360938 0.235417 0.364063 0.235417 0.365625 0.231250 0.367188 0.229167 0.365625 0.225000 0.365625 0.222917 0.365625 0.218750 0.365625 0.216667 0.367188 0.212500 0.367188 0.206250 0.367188 0.206250
2 0.400000 0.200000 0.400000 0.204167 0.400000 0.206250 0.400000 0.212500 0.400000 0.216667 0.400000 0.218750 0.400000 0.218750 0.400000 0.222917 0.409375 0.222917 0.415625 0.222917 0.418750 0.222917 0.418750 0.222917 0.421875 0.222917 0.426563 0.225000 0.431250 0.225000 0.434375 0.225000 0.437500 0.225000 0.440625 0.225000 0.442188 0.225000 0.443750 0.222917 0.443750 0.218750 0.443750 0.218750 0.446875 0.212500 0.446875 0.210417 0.446875 0.206250 0.446875 0.200000 0.446875 0.200000
2 0.771875 0.179167 0.768750 0.181250 0.768750 0.185417 0.767188 0.187500 0.767188 0.193750 0.765625 0.200000 0.765625 0.200000 0.767188 0.200000 0.768750 0.200000 0.776563 0.200000 0.778125 0.197917 0.781250 0.197917 0.781250 0.197917 0.784375 0.197917 0.787500 0.197917 0.790625 0.197917 0.792188 0.197917 0.793750 0.197917 0.793750 0.197917 0.796875 0.193750 0.796875 0.193750 0.796875 0.187500 0.796875 0.187500 0.796875 0.185417 0.796875 0.181250 0.796875 0.179167 0.796875 0.179167
2 0.837500 0.175000 0.839063 0.179167 0.839063 0.181250 0.839063 0.181250 0.839063 0.187500 0.839063 0.187500 0.839063 0.191667 0.839063 0.193750 0.839063 0.193750 0.840625 0.193750 0.843750 0.193750 0.845313 0.193750 0.846875 0.193750 0.846875 0.193750 0.850000 0.193750 0.853125 0.193750 0.854688 0.193750 0.854688 0.193750 0.856250 0.191667 0.856250 0.187500 0.862500 0.187500 0.865625 0.187500 0.867188 0.185417 0.865625 0.181250 0.862500 0.181250 0.862500 0.179167 0.862500 0.179167 0.862500 0.175000 0.862500 0.172917
2 0.898438 0.175000 0.898438 0.181250 0.898438 0.181250 0.900000 0.187500 0.900000 0.187500 0.900000 0.193750 0.900000 0.193750 0.903125 0.193750 0.903125 0.193750 0.906250 0.193750 0.909375 0.193750 0.912500 0.193750 0.912500 0.193750 0.915625 0.193750 0.918750 0.193750 0.923438 0.193750 0.928125 0.193750 0.929688 0.191667 0.929688 0.187500 0.928125 0.187500 0.928125 0.185417 0.928125 0.181250 0.928125 0.181250 0.928125 0.179167 0.928125 0.179167 0.928125 0.175000 0.928125 0.172917 0.928125 0.172917
2 0.954688 0.181250 0.954688 0.187500 0.954688 0.187500 0.956250 0.193750 0.956250 0.193750 0.965625 0.197917 0.970313 0.197917 0.971875 0.197917 0.975000 0.197917 0.978125 0.200000 0.981250 0.200000 0.987500 0.200000 0.993750 0.200000 0.995313 0.197917 0.993750 0.193750 0.993750 0.187500 0.993750 0.181250 0.993750 0.181250 0.992188 0.179167 0.992188 0.175000 0.990625 0.175000
2 0.651563 0.025000 0.650000 0.025000 0.648438 0.025000 0.643750 0.025000 0.640625 0.025000 0.637500 0.025000 0.637500 0.025000 0.637500 0.031250 0.637500 0.037500 0.637500 0.041667 0.637500 0.043750 0.637500 0.043750 0.640625 0.047917 0.642188 0.047917 0.643750 0.043750 0.648438 0.043750 0.650000 0.043750 0.651563 0.043750 0.653125 0.043750 0.653125 0.043750 0.656250 0.043750 0.657813 0.043750
2 0.648438 0.060417 0.646875 0.060417 0.643750 0.060417 0.643750 0.060417 0.642188 0.062500 0.642188 0.062500 0.637500 0.062500 0.637500 0.066667 0.637500 0.068750 0.637500 0.075000 0.637500 0.075000 0.637500 0.079167 0.637500 0.081250 0.637500 0.081250 0.637500 0.085417 0.637500 0.087500 0.640625 0.087500 0.642188 0.087500 0.643750 0.087500 0.643750 0.087500 0.646875 0.087500 0.648438 0.087500 0.650000 0.087500 0.651563 0.087500 0.653125 0.087500 0.653125 0.087500
1 0.643750 0.000000 0.646875 0.000000 0.646875 0.004167 0.646875 0.006250 0.646875 0.006250 0.646875 0.010417 0.646875 0.012500 0.643750 0.012500 0.643750 0.016667 0.646875 0.016667 0.650000 0.018750 0.651563 0.018750 0.653125 0.018750 0.653125 0.018750 0.653125 0.016667 0.656250 0.012500 0.656250 0.010417 0.656250 0.006250 0.656250 0.006250 0.656250 0.004167 0.656250 0.000000 0.656250 0.000000 0.653125 0.000000 0.653125 0.000000 0.650000 0.000000 0.648438 0.000000 0.648438 0.000000
1 0.642188 0.043750 0.637500 0.043750 0.635938 0.043750 0.634375 0.043750 0.635938 0.050000 0.635938 0.054167 0.635938 0.056250 0.637500 0.056250 0.637500 0.060417 0.642188 0.060417 0.643750 0.060417 0.648438 0.060417 0.650000 0.060417 0.653125 0.060417 0.653125 0.056250 0.653125 0.054167 0.653125 0.050000 0.653125 0.043750 0.653125 0.043750 0.653125 0.041667 0.653125 0.043750
4 0.975000 0.847917 0.968750 0.841667 0.956250 0.837500 0.950000 0.841667 0.948438 0.843750 0.946875 0.862500 0.940625 0.881250 0.940625 0.893750 0.940625 0.904167 0.960938 0.910417 0.981250 0.912500 0.987500 0.910417 0.990625 0.897917 0.990625 0.885417 0.992188 0.875000 0.993750 0.862500 0.993750 0.856250 0.992188 0.847917 0.987500 0.843750 0.975000 0.843750 0.965625 0.841667
4 0.179688 0.775000 0.175000 0.793750 0.171875 0.806250 0.168750 0.812500 0.168750 0.818750 0.178125 0.822917 0.187500 0.822917 0.193750 0.822917 0.196875 0.825000 0.203125 0.825000 0.207813 0.825000 0.215625 0.812500 0.218750 0.800000 0.223438 0.791667 0.223438 0.785417 0.212500 0.781250 0.201563 0.781250 0.196875 0.781250 0.190625 0.779167 0.184375 0.779167 0.179688 0.775000
6 0.626563 0.285417 0.603125 0.318750 0.592187 0.377083 0.585938 0.433333 0.579688 0.493750 0.571875 0.550000 0.567187 0.610417 0.560937 0.666667 0.554688 0.731250 0.548438 0.752083 0.543750 0.814583 0.554688 0.837500 0.570312 0.775000 0.579688 0.702083 0.589063 0.633333 0.600000 0.570833 0.603125 0.537500 0.612500 0.468750 0.621875 0.395833 0.632812 0.327083 0.621875 0.283333
6 0.860938 0.191667 0.271875 0.025000
6 0.642188 0.000000 0.640625 0.031250 0.639062 0.037500 0.639062 0.050000 0.639062 0.058333 0.639062 0.066667 0.637500 0.072917 0.637500 0.081250 0.642188 0.083333 0.645312 0.087500 0.648438 0.083333 0.650000 0.072917 0.651563 0.060417 0.653125 0.050000 0.654687 0.035417 0.654687 0.022917 0.654687 0.012500 0.654687 0.004167 0.654687 0.000000 0.648438 0.000000 0.642188 0.000000
6 0.515625 0.197917 0.485938 0.195833 0.464062 0.195833 0.435937 0.195833 0.418750 0.195833 0.379688 0.195833 0.359375 0.200000 0.337500 0.206250 0.321875 0.218750 0.321875 0.239583 0.342187 0.239583 0.356250 0.235417 0.370312 0.229167 0.389062 0.227083 0.404687 0.227083 0.421875 0.227083 0.446875 0.229167 0.473438 0.227083 0.489063 0.222917 0.509375 0.218750 0.521875 0.212500 0.521875 0.193750
7 0.950000 0.308333 0.934375 0.314583 0.925000 0.314583 0.912500 0.316667 0.906250 0.316667 0.903125 0.318750 0.903125 0.339583 0.901563 0.360417 0.901563 0.370833 0.901563 0.383333 0.903125 0.391667 0.906250 0.395833 0.920312 0.397917 0.937500 0.397917 0.954688 0.397917 0.959375 0.395833 0.957812 0.379167 0.954688 0.360417 0.953125 0.337500 0.953125 0.320833 0.953125 0.308333 0.951562 0.295833
7 0.862500 0.325000 0.835938 0.325000 0.820312 0.327083 0.809375 0.335417 0.806250 0.345833 0.806250 0.360417 0.806250 0.379167 0.809375 0.393750 0.809375 0.412500 0.809375 0.427083 0.812500 0.437500 0.818750 0.441667 0.831250 0.441667 0.845313 0.441667 0.862500 0.441667 0.870313 0.435417 0.870313 0.412500 0.867188 0.385417 0.864062 0.362500 0.860938 0.341667 0.856250 0.320833
7 0.784375 0.318750 0.743750 0.322917 0.725000 0.331250 0.718750 0.350000 0.721875 0.375000 0.725000 0.408333 0.725000 0.425000 0.721875 0.429167 0.721875 0.454167 0.721875 0.481250 0.731250 0.489583 0.754687 0.489583 0.792188 0.485417 0.807813 0.479167 0.807813 0.460417 0.803125 0.420833 0.800000 0.379167 0.800000 0.347917 0.796875 0.331250 0.787500 0.325000 0.776563 0.318750
7 0.540625 0.266667 0.532813 0.272917 0.525000 0.275000 0.517188 0.275000 0.514062 0.283333 0.509375 0.291667 0.506250 0.302083 0.506250 0.314583 0.506250 0.322917 0.507812 0.331250 0.510938 0.335417 0.515625 0.341667 0.521875 0.339583 0.528125 0.331250 0.531250 0.325000 0.537500 0.314583 0.540625 0.300000 0.543750 0.289583 0.543750 0.279167 0.543750 0.268750
7 0.525000 0.239583 0.514062 0.239583 0.506250 0.241667 0.500000 0.245833 0.493750 0.250000 0.484375 0.254167 0.476562 0.258333 0.471875 0.264583 0.470313 0.283333 0.473438 0.295833 0.479687 0.295833 0.489063 0.295833 0.500000 0.291667 0.507812 0.287500 0.515625 0.281250 0.521875 0.277083 0.528125 0.268750 0.531250 0.262500 0.531250 0.252083 0.528125 0.245833 0.525000 0.235417 0.521875 0.229167
7 0.731250 0.068750 0.725000 0.066667 0.717187 0.066667 0.710938 0.066667 0.706250 0.068750 0.703125 0.072917 0.700000 0.081250 0.698438 0.089583 0.696875 0.100000 0.696875 0.110417 0.698438 0.116667 0.703125 0.116667 0.706250 0.114583 0.709375 0.112500 0.718750 0.108333 0.723437 0.106250 0.725000 0.100000 0.728125 0.091667 0.728125 0.081250 0.728125 0.075000 0.728125 0.068750
7 0.776563 0.283333 0.767188 0.283333 0.757812 0.283333 0.748437 0.283333 0.742188 0.283333 0.734375 0.283333 0.728125 0.285417 0.723437 0.289583 0.720313 0.295833 0.720313 0.302083 0.721875 0.308333 0.725000 0.316667 0.728125 0.322917 0.735938 0.322917 0.745313 0.318750 0.757812 0.314583 0.760938 0.314583 0.767188 0.312500 0.771875 0.310417 0.773438 0.306250 0.773438 0.295833 0.773438 0.287500 0.773438 0.279167
