7 0.768750 0.677083 0.768750 0.710417 0.768750 0.743750 0.793750 0.743750 0.817187 0.752083 0.826562 0.777083 0.845313 0.781250 0.857812 0.758333 0.865625 0.733333 0.890625 0.737500 0.906250 0.720833 0.906250 0.687500 0.904687 0.654167 0.887500 0.641667 0.865625 0.639583 0.851562 0.656250 0.829688 0.658333 0.812500 0.650000 0.789062 0.645833 0.775000 0.662500 0.768750 0.681250
8 0.803125 0.595833 0.773438 0.602083 0.750000 0.610417 0.732812 0.618750 0.732812 0.645833 0.739062 0.675000 0.759375 0.681250 0.781250 0.668750 0.801562 0.662500 0.823438 0.662500 0.845313 0.662500 0.870313 0.662500 0.892188 0.658333 0.914062 0.656250 0.918750 0.631250 0.910937 0.610417 0.890625 0.602083 0.868750 0.597917 0.848437 0.595833 0.825000 0.595833 0.803125 0.595833
8 0.240625 0.568750 0.214062 0.568750 0.189062 0.572917 0.164062 0.577083 0.143750 0.581250 0.140625 0.612500 0.140625 0.645833 0.159375 0.650000 0.173437 0.627083 0.195312 0.618750 0.221875 0.622917 0.245312 0.629167 0.262500 0.614583 0.287500 0.620833 0.304688 0.639583 0.323437 0.652083 0.331250 0.618750 0.323437 0.593750 0.295312 0.585417 0.267188 0.581250 0.237500 0.570833
7 0.296875 0.639583 0.282813 0.618750 0.262500 0.618750 0.245312 0.635417 0.226562 0.629167 0.212500 0.618750 0.185938 0.618750 0.171875 0.639583 0.168750 0.660417 0.168750 0.691667 0.176563 0.718750 0.200000 0.720833 0.217188 0.727083 0.226562 0.754167 0.240625 0.764583 0.253125 0.733333 0.257812 0.704167 0.270313 0.687500 0.279687 0.662500 0.298438 0.652083 0.290625 0.635417
7 0.317188 0.670833 0.293750 0.668750 0.275000 0.662500 0.262500 0.679167 0.253125 0.710417 0.243750 0.741667 0.235937 0.772917 0.242188 0.802083 0.251563 0.827083 0.265625 0.837500 0.284375 0.829167 0.303125 0.816667 0.307812 0.787500 0.300000 0.762500 0.281250 0.750000 0.289062 0.733333 0.310937 0.743750 0.328125 0.733333 0.332813 0.710417 0.328125 0.683333 0.312500 0.668750
7 0.689063 0.406250 0.687500 0.395833 0.682813 0.385417 0.678125 0.379167 0.670312 0.377083 0.665625 0.385417 0.665625 0.395833 0.660937 0.410417 0.660937 0.422917 0.665625 0.433333 0.668750 0.441667 0.671875 0.452083 0.676562 0.458333 0.682813 0.464583 0.690625 0.466667 0.696875 0.460417 0.696875 0.450000 0.696875 0.439583 0.696875 0.425000 0.695312 0.414583 0.692187 0.404167
3 0.695312 0.254167 0.682813 0.258333 0.671875 0.258333 0.662500 0.260417 0.657813 0.270833 0.657813 0.287500 0.657813 0.304167 0.657813 0.325000 0.659375 0.347917 0.659375 0.362500 0.665625 0.370833 0.678125 0.372917 0.687500 0.379167 0.696875 0.383333 0.703125 0.379167 0.704688 0.360417 0.704688 0.343750 0.703125 0.329167 0.701562 0.306250 0.698438 0.287500 0.698438 0.266667 0.696875 0.254167
3 0.548438 0.170833 0.535937 0.168750 0.525000 0.166667 0.515625 0.168750 0.515625 0.179167 0.520312 0.193750 0.520312 0.210417 0.520312 0.220833 0.520312 0.233333 0.520312 0.245833 0.521875 0.258333 0.534375 0.260417 0.543750 0.264583 0.548438 0.266667 0.550000 0.254167 0.548438 0.239583 0.546875 0.225000 0.545312 0.210417 0.543750 0.197917 0.542188 0.183333 0.542188 0.168750
3 0.396875 0.216667 0.371875 0.218750 0.357812 0.225000 0.360938 0.254167 0.364063 0.293750 0.368750 0.325000 0.375000 0.354167 0.373437 0.379167 0.370312 0.406250 0.376563 0.454167 0.381250 0.487500 0.390625 0.441667 0.396875 0.420833 0.390625 0.393750 0.384375 0.368750 0.381250 0.341667 0.389062 0.329167 0.403125 0.316667 0.406250 0.287500 0.406250 0.254167 0.403125 0.222917
4 0.703125 0.191667 0.687500 0.197917 0.673438 0.202083 0.656250 0.206250 0.637500 0.210417 0.620313 0.216667 0.618750 0.218750 0.625000 0.229167 0.629687 0.245833 0.637500 0.256250 0.651563 0.254167 0.665625 0.254167 0.678125 0.254167 0.692187 0.252083 0.706250 0.250000 0.720313 0.243750 0.728125 0.235417 0.723437 0.220833 0.718750 0.206250 0.714063 0.193750 0.701562 0.191667
4 0.553125 0.118750 0.543750 0.122917 0.531250 0.125000 0.517188 0.127083 0.507812 0.131250 0.493750 0.131250 0.482812 0.135417 0.484375 0.143750 0.487500 0.156250 0.490625 0.166667 0.498437 0.177083 0.510938 0.177083 0.520312 0.170833 0.531250 0.166667 0.543750 0.164583 0.551562 0.160417 0.565625 0.156250 0.570312 0.150000 0.564063 0.141667 0.559375 0.129167 0.553125 0.118750
4 0.543750 0.260417 0.526563 0.260417 0.509375 0.260417 0.492188 0.260417 0.475000 0.260417 0.454688 0.260417 0.439063 0.254167 0.431250 0.270833 0.426563 0.293750 0.420312 0.312500 0.414062 0.333333 0.426563 0.327083 0.445312 0.325000 0.465625 0.320833 0.481250 0.318750 0.498437 0.316667 0.515625 0.316667 0.534375 0.312500 0.546875 0.304167 0.548438 0.281250 0.548438 0.258333
4 0.426563 0.166667 0.409375 0.162500 0.396875 0.162500 0.381250 0.158333 0.368750 0.156250 0.353125 0.156250 0.339062 0.156250 0.334375 0.168750 0.326562 0.181250 0.317188 0.193750 0.320312 0.197917 0.334375 0.200000 0.345313 0.204167 0.359375 0.206250 0.371875 0.210417 0.384375 0.214583 0.403125 0.216667 0.415625 0.214583 0.421875 0.204167 0.426563 0.187500 0.428125 0.166667
7 1.000000 0.800000 0.975000 0.822917 0.943750 0.841667 0.907813 0.862500 0.878125 0.885417 0.862500 0.906250 0.856250 0.933333 0.850000 0.958333 0.845313 0.983333 0.857812 1.000000 0.882812 1.008333 0.909375 1.014583 0.931250 1.025000 0.959375 1.029167 0.987500 1.027083 1.006250 1.014583 1.010938 0.972917 1.014063 0.912500 1.017187 0.847917 1.015625 0.814583 1.000000 0.800000
