1 0.648438 0.062500 0.021875 0.058333
1 0.640625 0.185417 0.018750 0.058333
1 0.641406 0.317708 0.020313 0.072917
1 0.764062 0.422917 0.021875 0.054167
1 0.770312 0.288542 0.025000 0.060417
1 0.920312 0.298958 0.018750 0.081250
1 0.918750 0.440625 0.025000 0.064583
1 0.942969 0.554167 0.060937 0.029167
1 0.915625 0.050000 0.018750 0.058333
1 0.920312 0.175000 0.018750 0.066667
1 0.100781 0.528125 0.023438 0.022917
1 0.160156 0.533333 0.026562 0.025000
1 0.233594 0.539583 0.045312 0.029167
1 0.308594 0.553125 0.035937 0.031250
1 0.407031 0.567708 0.045312 0.027083
1 0.503125 0.569792 0.053125 0.031250
1 0.611719 0.579167 0.051562 0.029167
1 0.097656 0.645833 0.029687 0.025000
1 0.164844 0.662500 0.023438 0.025000
1 0.271875 0.676042 0.037500 0.027083
1 0.366406 0.690625 0.048438 0.027083
1 0.448437 0.707292 0.053125 0.022917
1 0.560156 0.718750 0.054688 0.033333
1 0.591406 0.889583 0.051562 0.029167
1 0.939844 0.741667 0.029687 0.025000
1 0.939844 0.928125 0.035937 0.022917
1 0.742969 0.972917 0.020313 0.045833
1 0.145313 0.783333 0.034375 0.029167
1 0.084375 0.755208 0.031250 0.035417
1 0.218750 0.806250 0.043750 0.029167
1 0.307031 0.834375 0.039062 0.031250
1 0.393750 0.857292 0.046875 0.039583
1 0.482812 0.876042 0.059375 0.027083
2 0.070312 0.529167 0.034375 0.029167
2 0.063281 0.637500 0.029687 0.029167
2 0.054688 0.748958 0.021875 0.027083
2 0.115625 0.770833 0.025000 0.033333
2 0.132812 0.655208 0.037500 0.027083
2 0.131250 0.531250 0.025000 0.025000
2 0.195312 0.538542 0.034375 0.035417
2 0.218750 0.664583 0.065625 0.037500
2 0.273438 0.543750 0.031250 0.025000
2 0.358594 0.557292 0.054688 0.031250
2 0.454688 0.565625 0.037500 0.031250
2 0.552344 0.572917 0.051562 0.029167
2 0.507031 0.709375 0.048438 0.031250
2 0.410156 0.698958 0.032813 0.035417
2 0.317969 0.682292 0.048438 0.035417
2 0.178125 0.793750 0.037500 0.033333
2 0.264844 0.822917 0.039062 0.029167
2 0.350000 0.844792 0.037500 0.043750
2 0.433594 0.870833 0.039062 0.037500
2 0.981250 0.743750 0.040625 0.033333
2 0.986719 0.555208 0.035937 0.039583
2 0.768750 0.490625 0.034375 0.072917
2 0.635938 0.392708 0.028125 0.068750
2 0.637500 0.257292 0.025000 0.068750
2 0.649219 0.121875 0.032813 0.072917
2 0.917969 0.112500 0.029687 0.058333
2 0.926562 0.239583 0.028125 0.045833
2 0.923438 0.377083 0.028125 0.050000
2 0.772656 0.362500 0.035937 0.045833
2 0.769531 0.105208 0.045312 0.043750
2 0.774219 0.230208 0.026562 0.068750
0 0.004687 0.543750 0.014063 0.537500 0.021875 0.527083 0.029687 0.520833 0.039062 0.516667 0.042188 0.502083 0.043750 0.489583 0.050000 0.479167 0.054688 0.470833 0.056250 0.456250 0.050000 0.447917 0.040625 0.443750 0.031250 0.443750 0.020313 0.450000 0.017188 0.462500 0.012500 0.477083 0.004687 0.485417 0.000000 0.500000 -0.001563 0.516667 -0.001563 0.527083 0.004687 0.533333
3 0.731250 0.645833 0.735938 0.639583 0.739062 0.635417 0.740625 0.633333 0.742188 0.627083 0.743750 0.622917 0.745313 0.616667 0.748437 0.606250 0.751563 0.602083 0.751563 0.595833 0.753125 0.591667 0.751563 0.585417 0.745313 0.585417 0.742188 0.585417 0.739062 0.589583 0.737500 0.591667 0.735938 0.595833 0.734375 0.600000 0.732812 0.606250 0.731250 0.610417 0.729688 0.614583 0.729688 0.620833 0.729688 0.627083
3 0.625000 0.718750 0.623437 0.722917 0.623437 0.727083 0.623437 0.729167 0.621875 0.735417 0.621875 0.735417 0.621875 0.739583 0.621875 0.743750 0.621875 0.747917 0.621875 0.752083 0.625000 0.752083 0.632812 0.747917 0.639062 0.743750 0.643750 0.741667 0.645312 0.739583 0.648438 0.739583 0.650000 0.739583 0.653125 0.739583 0.654687 0.739583 0.656250 0.739583 0.656250 0.735417 0.656250 0.733333 0.656250 0.731250 0.656250 0.727083 0.656250 0.722917 0.656250 0.720833 0.656250 0.718750
3 0.881250 0.739583 0.881250 0.743750 0.881250 0.750000 0.881250 0.754167 0.881250 0.758333 0.879687 0.764583 0.878125 0.768750 0.885938 0.768750 0.895312 0.766667 0.900000 0.766667 0.903125 0.766667 0.904687 0.766667 0.912500 0.766667 0.915625 0.766667 0.917188 0.762500 0.918750 0.758333 0.921875 0.756250 0.921875 0.752083 0.921875 0.747917 0.921875 0.743750 0.921875 0.739583 0.921875 0.735417
3 0.740625 0.897917 0.031250 0.058333
7 0.325000 0.897917 0.321875 0.920833 0.310937 0.929167 0.312500 0.952083 0.325000 0.972917 0.301563 0.993750 0.332813 1.004167 0.371875 1.004167 0.406250 1.004167 0.439063 1.006250 0.460938 1.010417 0.482812 1.016667 0.495312 1.002083 0.496875 0.972917 0.495312 0.933333 0.481250 0.918750 0.457813 0.916667 0.418750 0.912500 0.387500 0.908333 0.359375 0.908333 0.334375 0.904167
7 0.582812 0.918750 0.581250 0.947917 0.578125 0.968750 0.578125 0.989583 0.578125 1.014583 0.590625 1.006250 0.603125 1.004167 0.615625 1.004167 0.620313 0.987500 0.620313 0.968750 0.603125 0.972917 0.603125 0.960417 0.612500 0.956250 0.625000 0.960417 0.632812 0.947917 0.632812 0.929167 0.632812 0.914583 0.615625 0.916667 0.600000 0.916667 0.587500 0.916667 0.581250 0.920833
7 0.637500 0.427083 0.632812 0.425000 0.628125 0.425000 0.623437 0.425000 0.617188 0.425000 0.609375 0.425000 0.603125 0.427083 0.601562 0.435417 0.601562 0.443750 0.601562 0.460417 0.604688 0.470833 0.604688 0.477083 0.606250 0.485417 0.607812 0.497917 0.607812 0.506250 0.607812 0.512500 0.607812 0.518750 0.612500 0.520833 0.617188 0.522917 0.621875 0.522917 0.625000 0.525000 0.631250 0.525000 0.634375 0.527083 0.639062 0.529167
6 0.656250 0.025000 0.631250 0.027083 0.626563 0.047917 0.628125 0.070833 0.628125 0.093750 0.628125 0.116667 0.628125 0.145833 0.621875 0.185417 0.618750 0.237500 0.615625 0.258333 0.612500 0.300000 0.609375 0.322917 0.606250 0.364583 0.603125 0.397917 0.600000 0.429167 0.600000 0.458333 0.600000 0.472917 0.598437 0.493750 0.607812 0.516667 0.628125 0.516667 0.648438 0.516667
6 0.784375 0.016667 0.757812 0.025000 0.757812 0.050000 0.757812 0.066667 0.757812 0.087500 0.757812 0.110417 0.757812 0.129167 0.757812 0.152083 0.757812 0.168750 0.754687 0.189583 0.753125 0.216667 0.751563 0.256250 0.754687 0.281250 0.759375 0.304167 0.759375 0.387500 0.759375 0.458333 0.754687 0.489583 0.754687 0.508333 0.753125 0.525000 0.754687 0.539583 0.768750 0.535417 0.784375 0.543750
6 0.929688 0.010417 0.900000 0.037500 0.904687 0.120833 0.906250 0.191667 0.910937 0.279167 0.904687 0.352083 0.903125 0.431250 0.900000 0.512500 0.903125 0.579167 0.957812 0.579167 1.003125 0.581250 1.012500 0.533333 0.957812 0.535417 0.932813 0.516667 0.932813 0.447917 0.932813 0.377083 0.932813 0.293750 0.932813 0.239583 0.940625 0.170833 0.935937 0.100000 0.932813 0.027083
6 0.918750 0.718750 0.921875 0.727083 0.923438 0.735417 0.923438 0.743750 0.923438 0.752083 0.923438 0.760417 0.923438 0.766667 0.945312 0.766667 0.960938 0.766667 0.968750 0.766667 0.981250 0.766667 0.987500 0.766667 0.998437 0.766667 1.003125 0.766667 1.007812 0.766667 1.012500 0.764583 1.012500 0.754167 1.012500 0.743750 1.012500 0.735417 1.012500 0.729167
6 1.007812 0.914583 0.971875 0.920833 0.948438 0.920833 0.923438 0.920833 0.903125 0.916667 0.884375 0.914583 0.860938 0.914583 0.856250 0.935417 0.856250 0.972917 0.857812 1.000000 0.870313 1.010417 0.881250 1.000000 0.881250 0.972917 0.885938 0.954167 0.906250 0.947917 0.939063 0.943750 0.968750 0.943750 0.995313 0.941667 1.010938 0.937500 1.009375 0.914583 0.984375 0.916667
6 0.739062 0.931250 0.043750 0.141667
6 0.039062 0.756250 0.109375 0.787500 0.176563 0.814583 0.243750 0.831250 0.300000 0.847917 0.364063 0.860417 0.451562 0.881250 0.509375 0.887500 0.568750 0.891667 0.609375 0.897917 0.592187 0.870833 0.525000 0.870833 0.473438 0.858333 0.406250 0.845833 0.351562 0.825000 0.295312 0.802083 0.245312 0.793750 0.182812 0.781250 0.126562 0.762500 0.076563 0.739583 0.037500 0.745833
6 0.071875 0.618750 0.045312 0.629167 0.085938 0.654167 0.125000 0.662500 0.165625 0.683333 0.245312 0.693750 0.325000 0.697917 0.384375 0.702083 0.425000 0.718750 0.498437 0.731250 0.567187 0.741667 0.596875 0.714583 0.554688 0.702083 0.498437 0.687500 0.409375 0.679167 0.340625 0.670833 0.275000 0.666667 0.220312 0.650000 0.164062 0.639583 0.109375 0.633333 0.070312 0.622917
6 0.131250 0.512500 0.085938 0.512500 0.048438 0.529167 0.081250 0.545833 0.148438 0.545833 0.220312 0.545833 0.304688 0.556250 0.385937 0.558333 0.432812 0.566667 0.484375 0.585417 0.596875 0.595833 0.642188 0.595833 0.642188 0.560417 0.581250 0.558333 0.521875 0.550000 0.431250 0.537500 0.367188 0.529167 0.281250 0.529167 0.225000 0.527083 0.153125 0.518750 0.120313 0.512500
