2 0.014063 0.235417 0.009375 0.237500 0.003125 0.237500 0.001563 0.243750 0.000000 0.243750 0.000000 0.254167 0.000000 0.260417 0.000000 0.266667 0.000000 0.275000 0.000000 0.279167 0.003125 0.279167 0.006250 0.275000 0.012500 0.275000 0.015625 0.272917 0.017188 0.266667 0.017188 0.260417 0.015625 0.250000 0.014063 0.243750 0.014063 0.237500 0.014063 0.235417
2 0.128125 0.200000 0.117188 0.200000 0.107813 0.206250 0.100000 0.206250 0.092188 0.212500 0.084375 0.218750 0.076563 0.218750 0.073438 0.229167 0.073438 0.237500 0.076563 0.247917 0.085938 0.243750 0.093750 0.243750 0.100000 0.237500 0.107813 0.235417 0.117188 0.231250 0.125000 0.229167 0.131250 0.225000 0.134375 0.218750 0.134375 0.210417 0.131250 0.200000 0.125000 0.197917
2 0.262500 0.154167 0.251563 0.156250 0.240625 0.160417 0.231250 0.162500 0.221875 0.166667 0.207813 0.168750 0.196875 0.168750 0.193750 0.179167 0.196875 0.187500 0.203125 0.193750 0.206250 0.200000 0.210938 0.200000 0.221875 0.200000 0.228125 0.200000 0.237500 0.200000 0.246875 0.200000 0.253125 0.193750 0.256250 0.185417 0.259375 0.175000 0.256250 0.166667 0.256250 0.156250
2 0.371875 0.129167 0.365625 0.129167 0.353125 0.129167 0.346875 0.129167 0.340625 0.131250 0.337500 0.137500 0.335938 0.143750 0.334375 0.150000 0.334375 0.156250 0.334375 0.166667 0.335938 0.175000 0.340625 0.175000 0.345313 0.172917 0.350000 0.168750 0.353125 0.166667 0.356250 0.160417 0.360938 0.154167 0.364063 0.150000 0.367188 0.143750 0.367188 0.137500 0.368750 0.129167
2 0.798438 0.506250 0.787500 0.506250 0.781250 0.510417 0.775000 0.510417 0.771875 0.525000 0.773438 0.537500 0.776563 0.543750 0.778125 0.560417 0.778125 0.575000 0.778125 0.587500 0.778125 0.600000 0.784375 0.610417 0.793750 0.610417 0.800000 0.610417 0.809375 0.606250 0.809375 0.591667 0.809375 0.575000 0.809375 0.556250 0.807813 0.541667 0.806250 0.529167 0.806250 0.518750 0.803125 0.506250
2 0.818750 0.706250 0.809375 0.706250 0.803125 0.706250 0.796875 0.712500 0.793750 0.718750 0.793750 0.729167 0.793750 0.743750 0.796875 0.760417 0.798438 0.768750 0.800000 0.775000 0.803125 0.781250 0.807813 0.791667 0.815625 0.791667 0.818750 0.787500 0.825000 0.781250 0.828125 0.775000 0.825000 0.762500 0.825000 0.754167 0.821875 0.743750 0.818750 0.731250 0.815625 0.718750 0.815625 0.710417
2 0.825000 0.900000 0.818750 0.900000 0.809375 0.900000 0.803125 0.904167 0.798438 0.910417 0.798438 0.918750 0.798438 0.931250 0.798438 0.947917 0.798438 0.956250 0.798438 0.968750 0.800000 0.979167 0.806250 0.981250 0.815625 0.981250 0.823438 0.975000 0.828125 0.972917 0.829688 0.960417 0.829688 0.950000 0.829688 0.937500 0.829688 0.925000 0.829688 0.912500 0.825000 0.904167
2 1.000000 0.031250 0.995313 0.031250 0.990625 0.031250 0.987500 0.035417 0.984375 0.037500 0.984375 0.041667 0.984375 0.047917 0.984375 0.054167 0.984375 0.056250 0.984375 0.062500 0.987500 0.066667 0.987500 0.072917 0.990625 0.072917 0.995313 0.072917 0.996875 0.068750 0.996875 0.062500 0.996875 0.056250 0.996875 0.054167 0.996875 0.047917 0.996875 0.043750 0.996875 0.037500 0.996875 0.031250
1 0.068750 0.216667 0.050000 0.218750 0.043750 0.222917 0.034375 0.222917 0.028125 0.225000 0.021875 0.229167 0.017188 0.231250 0.017188 0.241667 0.018750 0.250000 0.021875 0.254167 0.023438 0.262500 0.028125 0.266667 0.034375 0.266667 0.040625 0.266667 0.046875 0.262500 0.054688 0.262500 0.059375 0.254167 0.065625 0.254167 0.071875 0.247917 0.071875 0.237500 0.071875 0.225000 0.068750 0.218750 0.065625 0.212500
1 0.196875 0.175000 0.176563 0.179167 0.168750 0.181250 0.159375 0.181250 0.153125 0.187500 0.143750 0.193750 0.137500 0.197917 0.131250 0.200000 0.131250 0.212500 0.134375 0.222917 0.140625 0.229167 0.148438 0.229167 0.156250 0.222917 0.162500 0.218750 0.168750 0.212500 0.178125 0.212500 0.185938 0.210417 0.193750 0.206250 0.193750 0.197917 0.193750 0.181250 0.193750 0.175000
1 0.328125 0.137500 0.315625 0.137500 0.304688 0.137500 0.293750 0.137500 0.285938 0.143750 0.278125 0.147917 0.275000 0.156250 0.270313 0.162500 0.267188 0.175000 0.267188 0.181250 0.275000 0.187500 0.285938 0.187500 0.293750 0.185417 0.304688 0.181250 0.312500 0.179167 0.318750 0.175000 0.329688 0.172917 0.332813 0.166667 0.331250 0.154167 0.328125 0.143750
1 0.478125 0.137500 0.470313 0.131250 0.460938 0.129167 0.450000 0.129167 0.439063 0.125000 0.431250 0.118750 0.425000 0.116667 0.415625 0.116667 0.412500 0.122917 0.415625 0.131250 0.418750 0.141667 0.418750 0.150000 0.423438 0.154167 0.431250 0.154167 0.439063 0.150000 0.443750 0.150000 0.454688 0.150000 0.462500 0.150000 0.470313 0.143750 0.478125 0.143750 0.481250 0.137500 0.478125 0.131250
1 0.792188 0.441667 0.787500 0.447917 0.784375 0.454167 0.778125 0.460417 0.776563 0.462500 0.771875 0.468750 0.767188 0.468750 0.767188 0.481250 0.768750 0.487500 0.768750 0.497917 0.768750 0.506250 0.776563 0.504167 0.781250 0.500000 0.784375 0.500000 0.792188 0.497917 0.796875 0.493750 0.800000 0.491667 0.800000 0.481250 0.796875 0.468750 0.793750 0.462500 0.793750 0.454167 0.792188 0.447917
1 0.790625 0.425000 0.787500 0.418750 0.787500 0.412500 0.787500 0.410417 0.784375 0.406250 0.784375 0.400000 0.784375 0.397917 0.781250 0.393750 0.781250 0.387500 0.776563 0.387500 0.771875 0.387500 0.768750 0.391667 0.768750 0.397917 0.771875 0.400000 0.773438 0.406250 0.775000 0.406250 0.776563 0.412500 0.778125 0.418750 0.781250 0.422917 0.782813 0.425000 0.784375 0.429167 0.787500 0.429167 0.790625 0.425000
1 0.814063 0.612500 0.806250 0.612500 0.798438 0.618750 0.790625 0.618750 0.784375 0.622917 0.784375 0.631250 0.784375 0.647917 0.784375 0.662500 0.784375 0.675000 0.784375 0.687500 0.784375 0.697917 0.790625 0.704167 0.800000 0.700000 0.806250 0.700000 0.814063 0.697917 0.818750 0.693750 0.818750 0.679167 0.815625 0.662500 0.814063 0.650000 0.812500 0.635417 0.809375 0.618750
1 0.818750 0.800000 0.809375 0.800000 0.803125 0.800000 0.800000 0.810417 0.796875 0.822917 0.796875 0.835417 0.796875 0.843750 0.796875 0.856250 0.796875 0.868750 0.796875 0.881250 0.796875 0.893750 0.804688 0.893750 0.812500 0.893750 0.818750 0.891667 0.825000 0.887500 0.825000 0.875000 0.825000 0.860417 0.825000 0.847917 0.825000 0.835417 0.825000 0.818750 0.823438 0.806250 0.821875 0.797917
1 0.828125 0.981250 0.821875 0.981250 0.818750 0.981250 0.815625 0.981250 0.812500 0.981250 0.809375 0.981250 0.806250 0.981250 0.804688 0.985417 0.803125 0.987500 0.800000 0.987500 0.800000 0.993750 0.803125 0.993750 0.806250 0.993750 0.809375 0.993750 0.812500 0.993750 0.815625 0.993750 0.818750 0.993750 0.821875 0.993750 0.825000 0.993750 0.825000 0.987500 0.825000 0.987500 0.825000 0.981250
1 0.981250 0.037500 0.971875 0.037500 0.965625 0.037500 0.960938 0.037500 0.954688 0.037500 0.950000 0.041667 0.943750 0.043750 0.943750 0.050000 0.940625 0.056250 0.940625 0.062500 0.943750 0.068750 0.948438 0.072917 0.954688 0.072917 0.960938 0.072917 0.965625 0.072917 0.971875 0.068750 0.975000 0.066667 0.978125 0.060417 0.978125 0.054167 0.979688 0.043750 0.981250 0.037500
3 0.350000 0.268750 0.359375 0.268750 0.368750 0.268750 0.379688 0.268750 0.392188 0.250000 0.392188 0.235417 0.392188 0.218750 0.396875 0.193750 0.398438 0.175000 0.400000 0.156250 0.400000 0.143750 0.393750 0.137500 0.381250 0.137500 0.368750 0.141667 0.367188 0.156250 0.362500 0.175000 0.353125 0.187500 0.350000 0.206250 0.350000 0.235417 0.346875 0.250000
3 0.737500 0.475000 0.756250 0.450000 0.773438 0.437500 0.784375 0.429167 0.798438 0.418750 0.815625 0.412500 0.818750 0.400000 0.815625 0.391667 0.803125 0.391667 0.793750 0.387500 0.782813 0.375000 0.775000 0.368750 0.762500 0.387500 0.753125 0.400000 0.746875 0.406250 0.725000 0.422917 0.712500 0.431250 0.715625 0.450000 0.720313 0.462500 0.721875 0.475000 0.737500 0.472917
7 0.437500 0.456250 0.368750 0.477083 0.329688 0.487500 0.293750 0.504167 0.257812 0.525000 0.225000 0.541667 0.178125 0.564583 0.162500 0.600000 0.173437 0.647917 0.185938 0.687500 0.203125 0.714583 0.223438 0.735417 0.259375 0.735417 0.303125 0.714583 0.350000 0.702083 0.396875 0.689583 0.443750 0.670833 0.476562 0.660417 0.481250 0.600000 0.457813 0.512500 0.439063 0.462500
7 0.487500 0.679167 0.398438 0.712500 0.356250 0.718750 0.306250 0.727083 0.276562 0.739583 0.273438 0.766667 0.282813 0.800000 0.295312 0.835417 0.298438 0.872917 0.307812 0.908333 0.331250 0.920833 0.379688 0.902083 0.414062 0.891667 0.473438 0.879167 0.507812 0.870833 0.521875 0.850000 0.515625 0.818750 0.506250 0.787500 0.500000 0.756250 0.489063 0.714583
7 0.612500 0.439583 0.059375 0.175000
7 0.596875 0.981250 0.573438 0.979167 0.556250 0.979167 0.537500 0.977083 0.518750 0.977083 0.495312 0.977083 0.470313 0.977083 0.454688 0.977083 0.446875 0.989583 0.454688 1.000000 0.468750 0.997917 0.485938 0.997917 0.500000 0.995833 0.515625 0.995833 0.539062 0.995833 0.554688 1.000000 0.570312 1.002083 0.584375 1.002083 0.600000 1.000000 0.603125 0.989583 0.593750 0.981250
7 1.003125 0.250000 0.987500 0.243750 0.975000 0.239583 0.964063 0.237500 0.954688 0.237500 0.946875 0.245833 0.939063 0.262500 0.937500 0.277083 0.939063 0.295833 0.942187 0.304167 0.948438 0.314583 0.957812 0.318750 0.967187 0.318750 0.978125 0.318750 0.987500 0.318750 0.996875 0.316667 1.000000 0.302083 1.000000 0.287500 1.001562 0.272917 1.000000 0.258333
6 0.800000 0.437500 0.762500 0.472917 0.770312 0.527083 0.773438 0.583333 0.778125 0.637500 0.784375 0.693750 0.792188 0.745833 0.796875 0.802083 0.796875 0.862500 0.796875 0.920833 0.796875 0.981250 0.801562 1.066667 0.825000 1.002083 0.825000 0.925000 0.823438 0.847917 0.821875 0.770833 0.823438 0.710417 0.818750 0.635417 0.809375 0.554167 0.803125 0.481250
6 0.787500 0.379167 0.779687 0.379167 0.773438 0.379167 0.767188 0.379167 0.764062 0.381250 0.765625 0.387500 0.767188 0.391667 0.770312 0.397917 0.771875 0.404167 0.773438 0.408333 0.775000 0.414583 0.776563 0.418750 0.781250 0.420833 0.784375 0.425000 0.787500 0.425000 0.787500 0.418750 0.785937 0.408333 0.785937 0.400000 0.784375 0.391667 0.784375 0.387500 0.781250 0.381250 0.781250 0.381250
6 0.998437 0.029167 0.987500 0.029167 0.976562 0.029167 0.970313 0.033333 0.960938 0.035417 0.953125 0.037500 0.942187 0.041667 0.939063 0.050000 0.940625 0.064583 0.945312 0.072917 0.948438 0.077083 0.957812 0.075000 0.965625 0.072917 0.976562 0.072917 0.984375 0.070833 0.992188 0.070833 1.000000 0.070833 0.996875 0.058333 0.996875 0.047917 0.996875 0.037500 0.995313 0.031250
6 0.359375 0.137500 0.309375 0.137500 0.264062 0.145833 0.231250 0.156250 0.207813 0.166667 0.165625 0.189583 0.121875 0.200000 0.064062 0.208333 0.020313 0.222917 0.001563 0.247917 0.007812 0.277083 0.042188 0.258333 0.071875 0.247917 0.110937 0.243750 0.154688 0.233333 0.204687 0.206250 0.265625 0.191667 0.312500 0.175000 0.340625 0.166667 0.364063 0.154167
6 0.476562 0.137500 0.454688 0.137500 0.446875 0.137500 0.437500 0.133333 0.428125 0.133333 0.418750 0.129167 0.410938 0.131250 0.407813 0.133333 0.409375 0.137500 0.407813 0.150000 0.410938 0.154167 0.415625 0.158333 0.421875 0.162500 0.434375 0.164583 0.443750 0.164583 0.450000 0.162500 0.457813 0.160417 0.465625 0.156250 0.473438 0.154167 0.479687 0.150000 0.481250 0.145833 0.476562 0.141667
