8 0.276562 0.777083 0.259375 0.720833 0.231250 0.712500 0.200000 0.712500 0.176563 0.716667 0.148438 0.716667 0.123438 0.725000 0.095312 0.733333 0.056250 0.737500 0.028125 0.750000 0.018750 0.793750 0.028125 0.831250 0.045312 0.854167 0.073438 0.858333 0.104688 0.847917 0.156250 0.850000 0.192188 0.841667 0.226562 0.831250 0.254688 0.816667 0.276562 0.804167 0.276562 0.770833
3 0.465625 0.343750 0.446875 0.341667 0.432812 0.335417 0.426563 0.345833 0.414062 0.385417 0.403125 0.435417 0.393750 0.479167 0.389062 0.506250 0.384375 0.537500 0.382812 0.558333 0.395313 0.558333 0.423438 0.547917 0.445312 0.541667 0.446875 0.516667 0.446875 0.493750 0.446875 0.462500 0.446875 0.439583 0.448437 0.416667 0.453125 0.393750 0.453125 0.375000 0.454688 0.354167
3 0.520312 0.287500 0.503125 0.281250 0.489063 0.275000 0.471875 0.275000 0.464062 0.281250 0.457813 0.312500 0.454688 0.335417 0.450000 0.360417 0.443750 0.389583 0.442188 0.410417 0.442188 0.429167 0.448437 0.441667 0.465625 0.441667 0.479687 0.441667 0.487500 0.427083 0.492188 0.397917 0.495312 0.366667 0.500000 0.341667 0.503125 0.320833 0.506250 0.302083 0.507812 0.287500
3 0.698438 0.281250 0.685937 0.264583 0.670312 0.260417 0.657813 0.270833 0.646875 0.281250 0.635938 0.300000 0.629687 0.329167 0.625000 0.360417 0.620313 0.385417 0.620313 0.410417 0.617188 0.437500 0.617188 0.462500 0.625000 0.487500 0.634375 0.512500 0.650000 0.520833 0.665625 0.510417 0.678125 0.472917 0.681250 0.427083 0.678125 0.372917 0.678125 0.312500 0.681250 0.287500
7 0.620313 0.497917 0.607812 0.495833 0.593750 0.493750 0.578125 0.493750 0.560937 0.497917 0.548438 0.500000 0.545312 0.510417 0.545312 0.535417 0.545312 0.554167 0.545312 0.570833 0.543750 0.587500 0.556250 0.581250 0.575000 0.577083 0.589063 0.575000 0.603125 0.575000 0.617188 0.570833 0.625000 0.566667 0.629687 0.554167 0.629687 0.537500 0.626563 0.520833 0.623437 0.504167
7 0.539062 0.495833 0.520312 0.477083 0.501563 0.458333 0.490625 0.454167 0.479687 0.456250 0.473438 0.468750 0.462500 0.487500 0.457813 0.500000 0.457813 0.514583 0.464062 0.522917 0.473438 0.529167 0.482812 0.537500 0.490625 0.547917 0.501563 0.560417 0.509375 0.572917 0.520312 0.575000 0.529687 0.560417 0.535937 0.543750 0.539062 0.531250 0.540625 0.516667 0.543750 0.500000
7 0.226562 0.618750 0.193750 0.618750 0.153125 0.612500 0.121875 0.610417 0.106250 0.608333 0.093750 0.608333 0.089063 0.622917 0.085938 0.656250 0.082812 0.677083 0.089063 0.689583 0.103125 0.695833 0.118750 0.697917 0.151562 0.693750 0.170313 0.689583 0.184375 0.689583 0.196875 0.693750 0.209375 0.700000 0.221875 0.704167 0.229687 0.685417 0.231250 0.662500 0.223438 0.637500 0.221875 0.618750
7 0.103125 0.479167 0.068750 0.452083 0.034375 0.433333 0.000000 0.412500 0.003125 0.456250 0.001563 0.506250 -0.004687 0.543750 -0.007812 0.581250 -0.007812 0.610417 -0.004687 0.635417 0.014063 0.635417 0.040625 0.627083 0.062500 0.620833 0.087500 0.612500 0.103125 0.600000 0.115625 0.579167 0.121875 0.541667 0.120313 0.504167 0.112500 0.475000 0.095312 0.468750 0.087500 0.466667
3 0.785937 0.402083 0.770312 0.383333 0.751563 0.383333 0.735938 0.389583 0.718750 0.410417 0.709375 0.439583 0.701562 0.468750 0.698438 0.491667 0.704688 0.514583 0.706250 0.537500 0.715625 0.554167 0.723437 0.568750 0.732812 0.579167 0.746875 0.568750 0.753125 0.552083 0.759375 0.529167 0.764062 0.506250 0.768750 0.475000 0.775000 0.450000 0.782813 0.429167 0.785937 0.406250
4 0.842187 0.379167 0.817187 0.372917 0.801562 0.362500 0.784375 0.354167 0.768750 0.354167 0.753125 0.354167 0.739062 0.358333 0.721875 0.362500 0.700000 0.364583 0.715625 0.362500 0.731250 0.375000 0.740625 0.385417 0.753125 0.389583 0.764062 0.395833 0.771875 0.408333 0.789062 0.412500 0.801562 0.414583 0.814063 0.406250 0.826562 0.393750 0.837500 0.377083 0.842187 0.379167
