0 0.764062 0.572917 0.745313 0.554167 0.712500 0.545833 0.685937 0.541667 0.664062 0.533333 0.642188 0.520833 0.621875 0.520833 0.612500 0.545833 0.607812 0.575000 0.606250 0.606250 0.615625 0.629167 0.637500 0.629167 0.660937 0.629167 0.682813 0.633333 0.700000 0.650000 0.721875 0.658333 0.742188 0.670833 0.753125 0.652083 0.757812 0.625000 0.764062 0.585417 0.764062 0.554167
0 0.428125 0.041667 0.401562 0.041667 0.376563 0.041667 0.356250 0.041667 0.356250 0.064583 0.359375 0.091667 0.359375 0.118750 0.364063 0.141667 0.353125 0.164583 0.348438 0.185417 0.350000 0.206250 0.367188 0.214583 0.389062 0.214583 0.395313 0.195833 0.392188 0.166667 0.395313 0.141667 0.414062 0.135417 0.423438 0.116667 0.428125 0.089583 0.429688 0.064583 0.425000 0.043750
0 0.245312 0.295833 0.228125 0.295833 0.207813 0.293750 0.185938 0.293750 0.167187 0.285417 0.148438 0.275000 0.131250 0.262500 0.118750 0.266667 0.117188 0.291667 0.110937 0.314583 0.104688 0.343750 0.114062 0.354167 0.137500 0.360417 0.156250 0.366667 0.179688 0.366667 0.198437 0.375000 0.217188 0.383333 0.231250 0.387500 0.234375 0.356250 0.240625 0.331250 0.245312 0.295833
0 0.340625 0.727083 0.312500 0.727083 0.287500 0.729167 0.267188 0.733333 0.276562 0.754167 0.273438 0.785417 0.276562 0.814583 0.271875 0.843750 0.268750 0.875000 0.265625 0.906250 0.273438 0.931250 0.296875 0.931250 0.321875 0.931250 0.345313 0.933333 0.350000 0.908333 0.348438 0.875000 0.346875 0.843750 0.346875 0.812500 0.350000 0.781250 0.350000 0.752083 0.346875 0.725000
3 0.634375 0.393750 0.632812 0.370833 0.628125 0.352083 0.620313 0.341667 0.606250 0.345833 0.596875 0.356250 0.584375 0.366667 0.573438 0.375000 0.564063 0.391667 0.557813 0.408333 0.553125 0.422917 0.557813 0.443750 0.562500 0.462500 0.568750 0.481250 0.579688 0.487500 0.593750 0.481250 0.600000 0.464583 0.606250 0.452083 0.614062 0.435417 0.621875 0.420833 0.631250 0.404167
3 0.423438 0.547917 0.415625 0.537500 0.409375 0.527083 0.401562 0.518750 0.392188 0.516667 0.379688 0.520833 0.368750 0.527083 0.367188 0.541667 0.364063 0.558333 0.368750 0.572917 0.370312 0.595833 0.371875 0.612500 0.376563 0.627083 0.387500 0.629167 0.398438 0.625000 0.409375 0.622917 0.420312 0.618750 0.425000 0.608333 0.428125 0.593750 0.428125 0.572917 0.425000 0.558333 0.421875 0.545833
3 0.262500 0.289583 0.257812 0.302083 0.254688 0.318750 0.256250 0.339583 0.259375 0.352083 0.264062 0.364583 0.270313 0.377083 0.276562 0.387500 0.279687 0.404167 0.281250 0.418750 0.287500 0.408333 0.295312 0.395833 0.300000 0.381250 0.303125 0.364583 0.304688 0.350000 0.301563 0.335417 0.293750 0.325000 0.287500 0.314583 0.282813 0.302083 0.273438 0.295833 0.260937 0.295833
3 0.435937 0.158333 0.428125 0.150000 0.417187 0.145833 0.401562 0.145833 0.390625 0.145833 0.389062 0.166667 0.389062 0.183333 0.390625 0.204167 0.395313 0.220833 0.396875 0.235417 0.401562 0.247917 0.406250 0.258333 0.415625 0.262500 0.426563 0.262500 0.434375 0.256250 0.434375 0.239583 0.435937 0.222917 0.435937 0.206250 0.434375 0.189583 0.432812 0.177083 0.431250 0.162500
7 0.664062 0.687500 0.650000 0.679167 0.632812 0.672917 0.615625 0.668750 0.600000 0.662500 0.584375 0.662500 0.571875 0.666667 0.559375 0.683333 0.557813 0.702083 0.560937 0.720833 0.573438 0.722917 0.587500 0.729167 0.600000 0.731250 0.612500 0.735417 0.628125 0.739583 0.642188 0.739583 0.654687 0.743750 0.667188 0.739583 0.670312 0.722917 0.670312 0.702083 0.664062 0.689583
7 0.312500 0.104167 0.295312 0.100000 0.281250 0.102083 0.276562 0.120833 0.271875 0.141667 0.268750 0.166667 0.270313 0.187500 0.273438 0.206250 0.279687 0.222917 0.289062 0.233333 0.304688 0.235417 0.312500 0.222917 0.314063 0.202083 0.315625 0.183333 0.304688 0.172917 0.298438 0.162500 0.307812 0.156250 0.317188 0.147917 0.318750 0.129167 0.315625 0.110417 0.304688 0.104167
7 0.265625 0.193750 0.248438 0.195833 0.229687 0.195833 0.214062 0.193750 0.201563 0.187500 0.185938 0.183333 0.178125 0.189583 0.178125 0.210417 0.178125 0.227083 0.182812 0.243750 0.192188 0.250000 0.206250 0.250000 0.217188 0.245833 0.228125 0.250000 0.237500 0.254167 0.251563 0.256250 0.260937 0.250000 0.267188 0.237500 0.270313 0.222917 0.270313 0.206250 0.267188 0.191667
7 0.276562 0.662500 0.256250 0.658333 0.245312 0.645833 0.232813 0.658333 0.226562 0.683333 0.225000 0.704167 0.220312 0.722917 0.215625 0.743750 0.215625 0.762500 0.215625 0.785417 0.231250 0.785417 0.246875 0.787500 0.259375 0.779167 0.267188 0.758333 0.254688 0.745833 0.245312 0.731250 0.243750 0.714583 0.256250 0.710417 0.270313 0.706250 0.276562 0.689583 0.276562 0.666667
7 0.101562 0.668750 0.065625 0.658333 0.026562 0.650000 0.003125 0.650000 0.001563 0.672917 0.000000 0.702083 0.000000 0.729167 -0.001563 0.758333 -0.001563 0.787500 -0.001563 0.814583 0.006250 0.829167 0.025000 0.833333 0.046875 0.835417 0.070312 0.831250 0.098437 0.827083 0.110937 0.814583 0.114062 0.791667 0.112500 0.758333 0.106250 0.722917 0.103125 0.695833 0.101562 0.666667
7 0.112500 0.839583 0.079687 0.841667 0.050000 0.841667 0.031250 0.837500 0.004687 0.835417 0.007812 0.866667 0.004687 0.891667 0.001563 0.914583 0.000000 0.941667 0.000000 0.972917 0.001563 1.033333 0.014063 1.050000 0.035937 1.029167 0.053125 1.016667 0.075000 1.008333 0.093750 1.004167 0.101562 0.981250 0.101562 0.958333 0.098437 0.920833 0.092188 0.887500 0.095312 0.858333
6 0.625000 0.000000 0.621875 0.085417 0.615625 0.164583 0.607812 0.252083 0.628125 0.304167 0.684375 0.318750 0.746875 0.331250 0.814063 0.341667 0.878125 0.352083 0.935937 0.368750 0.993750 0.387500 0.975000 0.339583 0.914062 0.322917 0.854688 0.308333 0.796875 0.291667 0.729688 0.279167 0.662500 0.266667 0.645312 0.218750 0.654687 0.137500 0.656250 0.050000 0.631250 0.002083
6 0.740625 0.708333 0.682813 0.710417 0.662500 0.729167 0.682813 0.745833 0.712500 0.754167 0.753125 0.760417 0.789062 0.764583 0.829688 0.766667 0.864062 0.768750 0.898438 0.775000 0.940625 0.779167 0.975000 0.783333 1.003125 0.768750 0.987500 0.739583 0.950000 0.731250 0.909375 0.727083 0.870313 0.722917 0.835938 0.718750 0.801562 0.716667 0.765625 0.712500 0.729688 0.706250
6 0.993750 0.529167 0.926562 0.525000 0.878125 0.508333 0.817187 0.504167 0.754687 0.493750 0.712500 0.481250 0.670312 0.472917 0.631250 0.475000 0.600000 0.487500 0.625000 0.516667 0.662500 0.525000 0.696875 0.525000 0.735938 0.533333 0.776563 0.537500 0.818750 0.543750 0.854688 0.554167 0.889062 0.564583 0.929688 0.572917 0.965625 0.577083 0.998437 0.568750 0.993750 0.527083
6 0.417187 0.725000 0.395313 0.722917 0.387500 0.754167 0.381250 0.783333 0.379688 0.814583 0.378125 0.847917 0.376563 0.879167 0.373437 0.912500 0.370312 0.943750 0.371875 0.977083 0.378125 1.000000 0.401562 1.000000 0.406250 0.970833 0.409375 0.941667 0.412500 0.908333 0.414062 0.877083 0.414062 0.845833 0.418750 0.814583 0.418750 0.783333 0.421875 0.754167 0.415625 0.725000
6 0.596875 0.714583 0.575000 0.718750 0.570312 0.750000 0.560937 0.779167 0.557813 0.808333 0.557813 0.839583 0.551562 0.875000 0.551562 0.912500 0.551562 0.954167 0.546875 0.985417 0.564063 0.997917 0.582812 0.989583 0.585938 0.958333 0.585938 0.925000 0.587500 0.895833 0.589063 0.862500 0.590625 0.831250 0.593750 0.800000 0.595313 0.768750 0.593750 0.737500 0.581250 0.718750
6 0.245312 0.789583 0.228125 0.785417 0.220312 0.802083 0.218750 0.825000 0.215625 0.847917 0.215625 0.870833 0.212500 0.893750 0.212500 0.920833 0.212500 0.943750 0.214062 0.964583 0.214062 0.989583 0.229687 0.995833 0.240625 0.989583 0.243750 0.964583 0.246875 0.943750 0.246875 0.918750 0.246875 0.891667 0.246875 0.868750 0.250000 0.841667 0.250000 0.814583 0.250000 0.791667
6 0.256250 0.633333 0.223438 0.614583 0.190625 0.610417 0.157812 0.610417 0.120313 0.602083 0.085938 0.591667 0.051562 0.581250 0.021875 0.572917 0.001563 0.577083 0.003125 0.608333 0.029687 0.614583 0.054688 0.618750 0.079687 0.625000 0.103125 0.629167 0.128125 0.633333 0.151562 0.641667 0.176563 0.650000 0.201563 0.656250 0.226562 0.660417 0.251563 0.658333
6 0.464062 0.000000 0.459375 0.029167 0.456250 0.054167 0.448437 0.079167 0.446875 0.108333 0.440625 0.133333 0.439063 0.156250 0.434375 0.183333 0.434375 0.208333 0.440625 0.229167 0.457813 0.235417 0.465625 0.214583 0.470313 0.189583 0.476562 0.162500 0.479687 0.137500 0.482812 0.112500 0.484375 0.087500 0.487500 0.058333 0.489063 0.033333 0.489063 0.004167 0.470313 0.000000
6 0.321875 0.004167 0.317188 0.037500 0.314063 0.068750 0.307812 0.095833 0.312500 0.122917 0.310937 0.150000 0.309375 0.175000 0.315625 0.202083 0.295312 0.220833 0.290625 0.245833 0.290625 0.268750 0.306250 0.268750 0.315625 0.235417 0.318750 0.202083 0.325000 0.166667 0.329688 0.133333 0.334375 0.100000 0.340625 0.068750 0.345313 0.037500 0.346875 0.004167 0.325000 0.004167
6 0.310937 0.262500 0.270313 0.256250 0.235937 0.254167 0.198437 0.245833 0.162500 0.243750 0.129688 0.245833 0.095312 0.237500 0.062500 0.235417 0.026562 0.237500 0.000000 0.243750 0.010937 0.266667 0.046875 0.270833 0.078125 0.275000 0.110937 0.275000 0.140625 0.270833 0.168750 0.283333 0.204687 0.291667 0.240625 0.295833 0.271875 0.302083 0.304688 0.295833 0.307812 0.266667
6 0.235937 0.420833 0.210938 0.414583 0.187500 0.404167 0.156250 0.404167 0.125000 0.404167 0.092188 0.395833 0.053125 0.387500 0.035937 0.387500 0.010937 0.387500 -0.004687 0.408333 0.007812 0.425000 0.034375 0.422917 0.060937 0.422917 0.085938 0.429167 0.110937 0.429167 0.140625 0.433333 0.165625 0.443750 0.198437 0.450000 0.225000 0.456250 0.240625 0.441667 0.237500 0.408333
1 0.645312 0.012500 0.639062 0.012500 0.634375 0.010417 0.631250 0.008333 0.629687 0.014583 0.629687 0.022917 0.629687 0.031250 0.628125 0.037500 0.628125 0.045833 0.628125 0.054167 0.628125 0.060417 0.629687 0.066667 0.634375 0.068750 0.639062 0.068750 0.642188 0.068750 0.642188 0.062500 0.642188 0.054167 0.642188 0.045833 0.642188 0.035417 0.642188 0.029167 0.642188 0.020833 0.642188 0.014583 0.642188 0.008333
1 0.642188 0.143750 0.637500 0.141667 0.632812 0.141667 0.628125 0.141667 0.625000 0.143750 0.625000 0.150000 0.620313 0.156250 0.618750 0.162500 0.618750 0.166667 0.618750 0.172917 0.618750 0.179167 0.620313 0.183333 0.625000 0.189583 0.628125 0.189583 0.631250 0.189583 0.634375 0.187500 0.635938 0.183333 0.637500 0.177083 0.637500 0.168750 0.637500 0.162500 0.637500 0.156250 0.637500 0.150000 0.639062 0.143750 0.639062 0.137500
1 0.687500 0.283333 0.675000 0.279167 0.665625 0.277083 0.654687 0.275000 0.645312 0.270833 0.637500 0.266667 0.628125 0.262500 0.621875 0.262500 0.617188 0.268750 0.617188 0.277083 0.621875 0.285417 0.625000 0.291667 0.631250 0.291667 0.637500 0.293750 0.650000 0.295833 0.660937 0.300000 0.667188 0.300000 0.675000 0.300000 0.681250 0.300000 0.687500 0.295833 0.684375 0.285417 0.682813 0.279167
1 0.796875 0.308333 0.789062 0.304167 0.781250 0.304167 0.771875 0.302083 0.764062 0.302083 0.757812 0.300000 0.754687 0.295833 0.750000 0.295833 0.745313 0.295833 0.742188 0.300000 0.743750 0.312500 0.743750 0.322917 0.748437 0.322917 0.754687 0.322917 0.764062 0.322917 0.771875 0.325000 0.776563 0.327083 0.782813 0.327083 0.787500 0.329167 0.790625 0.327083 0.793750 0.320833 0.795312 0.314583 0.795312 0.308333
1 0.896875 0.322917 0.887500 0.320833 0.881250 0.318750 0.875000 0.316667 0.870313 0.314583 0.864062 0.312500 0.857812 0.308333 0.851562 0.308333 0.848437 0.310417 0.845313 0.320833 0.843750 0.327083 0.845313 0.331250 0.851562 0.335417 0.856250 0.337500 0.865625 0.337500 0.873437 0.339583 0.879687 0.339583 0.887500 0.343750 0.893750 0.347917 0.898438 0.347917 0.898438 0.339583 0.898438 0.331250 0.896875 0.325000
1 0.984375 0.347917 0.976562 0.347917 0.971875 0.345833 0.967187 0.343750 0.960938 0.341667 0.957812 0.341667 0.953125 0.341667 0.951562 0.345833 0.951562 0.350000 0.950000 0.354167 0.950000 0.360417 0.951562 0.366667 0.954688 0.368750 0.959375 0.368750 0.964063 0.368750 0.970313 0.368750 0.975000 0.368750 0.981250 0.368750 0.985938 0.368750 0.987500 0.364583 0.987500 0.358333 0.987500 0.352083 0.985938 0.347917
1 0.962500 0.529167 0.950000 0.527083 0.946875 0.527083 0.943750 0.527083 0.940625 0.527083 0.937500 0.529167 0.937500 0.537500 0.937500 0.543750 0.937500 0.550000 0.940625 0.550000 0.943750 0.552083 0.946875 0.554167 0.951562 0.554167 0.957812 0.554167 0.960938 0.554167 0.964063 0.554167 0.968750 0.554167 0.968750 0.550000 0.968750 0.545833 0.968750 0.539583 0.968750 0.533333 0.967187 0.529167 0.965625 0.527083
1 0.887500 0.516667 0.876563 0.516667 0.864062 0.512500 0.854688 0.510417 0.848437 0.510417 0.845313 0.514583 0.843750 0.525000 0.843750 0.533333 0.846875 0.537500 0.851562 0.541667 0.856250 0.543750 0.864062 0.545833 0.873437 0.545833 0.881250 0.547917 0.887500 0.547917 0.893750 0.547917 0.898438 0.545833 0.898438 0.537500 0.898438 0.529167 0.896875 0.522917 0.893750 0.516667 0.889062 0.516667
1 0.784375 0.500000 0.775000 0.500000 0.770312 0.500000 0.764062 0.500000 0.757812 0.495833 0.753125 0.493750 0.748437 0.493750 0.745313 0.493750 0.743750 0.500000 0.742188 0.508333 0.742188 0.516667 0.743750 0.520833 0.748437 0.527083 0.754687 0.529167 0.760938 0.527083 0.767188 0.527083 0.773438 0.527083 0.779687 0.527083 0.784375 0.527083 0.789062 0.525000 0.789062 0.516667 0.789062 0.510417 0.789062 0.502083 0.785937 0.500000
1 0.660937 0.487500 0.650000 0.485417 0.642188 0.481250 0.631250 0.481250 0.625000 0.479167 0.617188 0.479167 0.610938 0.479167 0.603125 0.481250 0.606250 0.489583 0.607812 0.497917 0.612500 0.500000 0.618750 0.504167 0.625000 0.508333 0.632812 0.508333 0.640625 0.508333 0.648438 0.508333 0.656250 0.508333 0.662500 0.508333 0.664062 0.500000 0.664062 0.489583
1 0.679688 0.710417 0.676562 0.710417 0.675000 0.710417 0.673438 0.708333 0.670312 0.708333 0.667188 0.708333 0.667188 0.710417 0.667188 0.712500 0.667188 0.718750 0.667188 0.722917 0.667188 0.725000 0.667188 0.729167 0.668750 0.729167 0.670312 0.731250 0.671875 0.731250 0.675000 0.731250 0.676562 0.731250 0.676562 0.729167 0.678125 0.727083 0.679688 0.722917 0.679688 0.718750 0.679688 0.714583 0.679688 0.710417
1 0.796875 0.727083 0.787500 0.725000 0.781250 0.722917 0.773438 0.722917 0.767188 0.722917 0.759375 0.718750 0.754687 0.716667 0.750000 0.720833 0.750000 0.729167 0.750000 0.739583 0.750000 0.747917 0.754687 0.750000 0.764062 0.750000 0.770312 0.750000 0.778125 0.750000 0.787500 0.750000 0.793750 0.752083 0.800000 0.752083 0.804688 0.750000 0.803125 0.739583 0.801562 0.731250 0.800000 0.727083 0.793750 0.727083
1 0.903125 0.739583 0.893750 0.735417 0.885938 0.735417 0.878125 0.735417 0.870313 0.735417 0.864062 0.735417 0.856250 0.735417 0.851562 0.735417 0.850000 0.739583 0.848437 0.747917 0.851562 0.758333 0.857812 0.758333 0.864062 0.758333 0.870313 0.758333 0.878125 0.758333 0.884375 0.758333 0.890625 0.760417 0.896875 0.760417 0.903125 0.760417 0.906250 0.758333 0.909375 0.752083 0.907813 0.743750
1 0.995313 0.750000 0.987500 0.750000 0.981250 0.750000 0.975000 0.745833 0.968750 0.745833 0.964063 0.743750 0.960938 0.745833 0.960938 0.752083 0.960938 0.758333 0.960938 0.764583 0.964063 0.766667 0.970313 0.768750 0.975000 0.770833 0.978125 0.770833 0.982812 0.770833 0.987500 0.770833 0.990625 0.768750 0.995313 0.768750 0.996875 0.766667 0.996875 0.758333 0.996875 0.754167 0.996875 0.750000
1 0.582812 0.797917 0.573438 0.797917 0.567187 0.795833 0.562500 0.800000 0.560937 0.812500 0.560937 0.818750 0.560937 0.829167 0.559375 0.839583 0.557813 0.847917 0.557813 0.856250 0.557813 0.864583 0.562500 0.866667 0.570312 0.866667 0.578125 0.866667 0.585938 0.866667 0.587500 0.862500 0.587500 0.850000 0.585938 0.839583 0.585938 0.829167 0.582812 0.818750 0.582812 0.808333 0.582812 0.802083 0.585938 0.793750
1 0.576562 0.950000 0.567187 0.954167 0.560937 0.956250 0.557813 0.956250 0.554688 0.958333 0.551562 0.968750 0.548438 0.972917 0.551562 0.977083 0.551562 0.981250 0.553125 0.987500 0.553125 0.991667 0.557813 0.991667 0.562500 0.991667 0.567187 0.991667 0.570312 0.989583 0.570312 0.985417 0.571875 0.979167 0.573438 0.970833 0.575000 0.964583 0.576562 0.960417 0.576562 0.954167
1 0.412500 0.731250 0.403125 0.729167 0.396875 0.733333 0.392188 0.743750 0.390625 0.752083 0.389062 0.760417 0.385937 0.775000 0.384375 0.787500 0.384375 0.795833 0.384375 0.808333 0.384375 0.818750 0.390625 0.822917 0.398438 0.822917 0.406250 0.825000 0.409375 0.816667 0.412500 0.797917 0.412500 0.787500 0.412500 0.770833 0.412500 0.756250 0.412500 0.745833 0.412500 0.735417
1 0.403125 0.916667 0.395313 0.914583 0.389062 0.910417 0.381250 0.910417 0.379688 0.920833 0.378125 0.931250 0.378125 0.939583 0.378125 0.947917 0.378125 0.956250 0.378125 0.964583 0.378125 0.970833 0.379688 0.977083 0.384375 0.981250 0.390625 0.981250 0.396875 0.981250 0.398438 0.977083 0.401562 0.962500 0.401562 0.954167 0.401562 0.943750 0.401562 0.933333 0.401562 0.925000 0.401562 0.920833
1 0.240625 0.891667 0.232813 0.891667 0.226562 0.893750 0.225000 0.900000 0.225000 0.914583 0.225000 0.925000 0.223438 0.935417 0.220312 0.952083 0.220312 0.960417 0.221875 0.966667 0.225000 0.972917 0.231250 0.975000 0.239063 0.975000 0.243750 0.970833 0.243750 0.960417 0.243750 0.952083 0.243750 0.943750 0.243750 0.931250 0.242188 0.922917 0.240625 0.912500 0.239063 0.904167 0.239063 0.891667
1 0.245312 0.625000 0.234375 0.622917 0.225000 0.620833 0.210938 0.616667 0.204687 0.616667 0.193750 0.616667 0.192188 0.627083 0.187500 0.637500 0.189062 0.645833 0.195312 0.650000 0.206250 0.654167 0.214062 0.654167 0.223438 0.654167 0.231250 0.656250 0.239063 0.656250 0.246875 0.656250 0.251563 0.654167 0.253125 0.645833 0.253125 0.635417 0.250000 0.629167 0.243750 0.625000
1 0.300000 0.270833 0.293750 0.266667 0.285938 0.262500 0.276562 0.262500 0.267188 0.262500 0.257812 0.262500 0.250000 0.262500 0.245312 0.266667 0.239063 0.272917 0.240625 0.279167 0.242188 0.291667 0.253125 0.293750 0.259375 0.295833 0.267188 0.300000 0.276562 0.302083 0.285938 0.302083 0.293750 0.300000 0.298438 0.295833 0.301563 0.291667 0.303125 0.275000 0.304688 0.266667
1 0.181250 0.252083 0.170313 0.250000 0.162500 0.243750 0.153125 0.243750 0.146875 0.243750 0.140625 0.243750 0.134375 0.243750 0.131250 0.250000 0.129688 0.258333 0.131250 0.262500 0.134375 0.268750 0.140625 0.272917 0.145313 0.275000 0.151562 0.279167 0.159375 0.279167 0.164062 0.279167 0.168750 0.281250 0.173437 0.283333 0.179688 0.281250 0.182812 0.268750 0.184375 0.258333
1 0.078125 0.245833 0.071875 0.245833 0.068750 0.245833 0.062500 0.245833 0.056250 0.245833 0.051562 0.245833 0.045312 0.245833 0.040625 0.245833 0.039062 0.250000 0.034375 0.256250 0.034375 0.262500 0.039062 0.270833 0.043750 0.272917 0.050000 0.270833 0.056250 0.268750 0.062500 0.268750 0.068750 0.268750 0.073438 0.266667 0.079687 0.264583 0.079687 0.258333 0.079687 0.250000
1 0.231250 0.427083 0.221875 0.420833 0.215625 0.418750 0.210938 0.416667 0.203125 0.416667 0.195312 0.416667 0.189062 0.416667 0.182812 0.420833 0.179688 0.425000 0.178125 0.429167 0.178125 0.437500 0.182812 0.439583 0.185938 0.439583 0.195312 0.441667 0.200000 0.443750 0.204687 0.443750 0.210938 0.443750 0.218750 0.443750 0.225000 0.443750 0.228125 0.443750 0.231250 0.433333 0.231250 0.429167
1 0.106250 0.402083 0.100000 0.402083 0.092188 0.402083 0.085938 0.402083 0.081250 0.400000 0.075000 0.400000 0.068750 0.400000 0.065625 0.402083 0.064062 0.404167 0.060937 0.412500 0.060937 0.418750 0.064062 0.420833 0.071875 0.420833 0.076563 0.420833 0.084375 0.420833 0.092188 0.420833 0.098437 0.420833 0.106250 0.420833 0.110937 0.420833 0.112500 0.418750 0.112500 0.412500 0.110937 0.406250 0.109375 0.404167
1 0.014063 0.387500 0.009375 0.385417 0.007812 0.383333 0.004687 0.383333 0.001563 0.383333 0.001563 0.387500 0.000000 0.389583 0.000000 0.391667 0.000000 0.395833 0.000000 0.400000 0.000000 0.404167 0.000000 0.408333 0.001563 0.410417 0.001563 0.412500 0.004687 0.412500 0.006250 0.412500 0.009375 0.412500 0.010937 0.412500 0.012500 0.410417 0.014063 0.408333 0.014063 0.404167 0.014063 0.397917 0.014063 0.393750 0.014063 0.391667 0.012500 0.391667
1 0.031250 0.583333 0.023438 0.583333 0.020313 0.581250 0.015625 0.581250 0.012500 0.581250 0.010937 0.583333 0.009375 0.585417 0.006250 0.593750 0.006250 0.600000 0.006250 0.604167 0.007812 0.606250 0.009375 0.610417 0.014063 0.610417 0.017188 0.610417 0.020313 0.608333 0.023438 0.608333 0.026562 0.608333 0.031250 0.606250 0.031250 0.600000 0.031250 0.593750 0.031250 0.589583 0.028125 0.587500 0.026562 0.583333
1 0.128125 0.606250 0.120313 0.606250 0.110937 0.606250 0.104688 0.604167 0.098437 0.600000 0.093750 0.600000 0.085938 0.600000 0.082812 0.600000 0.079687 0.608333 0.079687 0.614583 0.079687 0.620833 0.085938 0.622917 0.090625 0.622917 0.096875 0.625000 0.101562 0.629167 0.106250 0.629167 0.112500 0.633333 0.117188 0.633333 0.123438 0.633333 0.123438 0.627083 0.125000 0.616667 0.126562 0.610417 0.126562 0.602083
2 0.645312 0.079167 0.635938 0.077083 0.629687 0.077083 0.626563 0.085417 0.625000 0.093750 0.625000 0.104167 0.621875 0.114583 0.621875 0.125000 0.621875 0.135417 0.621875 0.145833 0.625000 0.145833 0.631250 0.145833 0.637500 0.145833 0.640625 0.143750 0.639062 0.133333 0.639062 0.122917 0.640625 0.114583 0.642188 0.106250 0.642188 0.097917 0.642188 0.087500
2 0.637500 0.191667 0.628125 0.191667 0.623437 0.191667 0.618750 0.191667 0.617188 0.200000 0.617188 0.214583 0.617188 0.222917 0.615625 0.231250 0.615625 0.239583 0.615625 0.245833 0.615625 0.254167 0.618750 0.258333 0.625000 0.258333 0.632812 0.258333 0.635938 0.258333 0.637500 0.250000 0.637500 0.239583 0.637500 0.229167 0.637500 0.222917 0.637500 0.216667 0.637500 0.210417 0.637500 0.202083 0.637500 0.195833
2 0.464062 0.160417 0.457813 0.160417 0.454688 0.162500 0.450000 0.166667 0.446875 0.170833 0.443750 0.177083 0.442188 0.183333 0.439063 0.189583 0.439063 0.202083 0.439063 0.210417 0.439063 0.216667 0.440625 0.222917 0.443750 0.229167 0.446875 0.231250 0.451562 0.229167 0.456250 0.222917 0.457813 0.218750 0.460938 0.202083 0.460938 0.195833 0.460938 0.183333 0.460938 0.175000 0.460938 0.166667
2 0.481250 0.041667 0.475000 0.041667 0.468750 0.039583 0.460938 0.037500 0.457813 0.043750 0.457813 0.050000 0.456250 0.060417 0.454688 0.072917 0.453125 0.083333 0.451562 0.091667 0.451562 0.110417 0.453125 0.110417 0.454688 0.100000 0.456250 0.093750 0.464062 0.093750 0.473438 0.093750 0.476562 0.081250 0.476562 0.072917 0.478125 0.062500 0.478125 0.054167 0.479687 0.043750
2 0.334375 0.062500 0.325000 0.062500 0.318750 0.062500 0.315625 0.068750 0.314063 0.077083 0.312500 0.085417 0.312500 0.093750 0.315625 0.100000 0.317188 0.106250 0.317188 0.114583 0.318750 0.120833 0.321875 0.125000 0.325000 0.120833 0.326562 0.114583 0.331250 0.102083 0.334375 0.097917 0.335938 0.089583 0.335938 0.081250 0.335938 0.072917 0.334375 0.064583 0.329688 0.062500
2 0.315625 0.179167 0.314063 0.179167 0.312500 0.183333 0.312500 0.183333 0.312500 0.183333 0.309375 0.185417 0.307812 0.187500 0.307812 0.189583 0.309375 0.193750 0.310937 0.195833 0.310937 0.197917 0.312500 0.200000 0.312500 0.202083 0.312500 0.204167 0.312500 0.204167 0.314063 0.206250 0.315625 0.204167 0.315625 0.202083 0.315625 0.200000 0.317188 0.197917 0.317188 0.195833 0.317188 0.193750 0.317188 0.189583 0.318750 0.189583 0.318750 0.185417 0.318750 0.183333 0.317188 0.183333 0.317188 0.181250
2 0.307812 0.233333 0.304688 0.235417 0.301563 0.239583 0.298438 0.239583 0.295312 0.243750 0.295312 0.245833 0.296875 0.252083 0.298438 0.256250 0.300000 0.258333 0.301563 0.262500 0.303125 0.264583 0.304688 0.266667 0.307812 0.268750 0.310937 0.266667 0.312500 0.262500 0.314063 0.260417 0.315625 0.258333 0.315625 0.252083 0.315625 0.245833 0.315625 0.239583 0.314063 0.235417 0.312500 0.233333 0.310937 0.231250 0.307812 0.231250
1 0.479687 0.004167 0.473438 0.004167 0.468750 0.004167 0.464062 0.006250 0.464062 0.012500 0.462500 0.020833 0.462500 0.029167 0.460938 0.037500 0.459375 0.041667 0.460938 0.050000 0.462500 0.054167 0.467187 0.054167 0.470313 0.050000 0.475000 0.050000 0.478125 0.047917 0.479687 0.041667 0.481250 0.035417 0.482812 0.027083 0.482812 0.020833 0.482812 0.014583 0.482812 0.006250
1 0.470313 0.106250 0.464062 0.102083 0.457813 0.102083 0.454688 0.106250 0.453125 0.114583 0.450000 0.118750 0.446875 0.129167 0.445312 0.135417 0.445312 0.145833 0.446875 0.152083 0.446875 0.158333 0.451562 0.162500 0.457813 0.160417 0.464062 0.156250 0.467187 0.154167 0.470313 0.139583 0.471875 0.131250 0.473438 0.125000 0.473438 0.110417 0.473438 0.106250 0.468750 0.104167
1 0.342187 0.008333 0.337500 0.004167 0.331250 0.004167 0.326562 0.006250 0.325000 0.012500 0.325000 0.018750 0.321875 0.025000 0.321875 0.029167 0.320312 0.037500 0.320312 0.045833 0.320312 0.054167 0.323437 0.056250 0.328125 0.058333 0.332813 0.058333 0.337500 0.056250 0.340625 0.052083 0.342187 0.045833 0.342187 0.037500 0.342187 0.029167 0.342187 0.020833 0.342187 0.014583 0.342187 0.006250
1 0.326562 0.122917 0.325000 0.122917 0.321875 0.125000 0.318750 0.127083 0.317188 0.129167 0.315625 0.135417 0.315625 0.141667 0.314063 0.145833 0.314063 0.150000 0.314063 0.156250 0.315625 0.162500 0.317188 0.166667 0.318750 0.166667 0.321875 0.164583 0.323437 0.156250 0.325000 0.154167 0.325000 0.150000 0.325000 0.145833 0.326562 0.137500 0.326562 0.133333 0.326562 0.129167 0.326562 0.122917
1 0.456250 0.225000 0.451562 0.227083 0.445312 0.229167 0.440625 0.237500 0.439063 0.243750 0.439063 0.252083 0.439063 0.258333 0.439063 0.264583 0.440625 0.270833 0.443750 0.275000 0.446875 0.275000 0.450000 0.268750 0.453125 0.266667 0.454688 0.262500 0.454688 0.258333 0.457813 0.245833 0.457813 0.239583 0.457813 0.231250 0.457813 0.225000 0.457813 0.218750
2 0.943750 0.337500 0.935937 0.337500 0.932813 0.335417 0.928125 0.335417 0.923438 0.331250 0.918750 0.331250 0.910937 0.329167 0.906250 0.329167 0.900000 0.329167 0.900000 0.335417 0.900000 0.343750 0.903125 0.350000 0.906250 0.352083 0.915625 0.356250 0.923438 0.360417 0.931250 0.364583 0.937500 0.364583 0.945312 0.364583 0.948438 0.364583 0.950000 0.360417 0.948438 0.350000 0.948438 0.343750 0.946875 0.337500 0.945312 0.333333
2 0.832812 0.308333 0.825000 0.308333 0.817187 0.308333 0.812500 0.308333 0.809375 0.308333 0.806250 0.306250 0.803125 0.308333 0.801562 0.312500 0.800000 0.318750 0.800000 0.325000 0.800000 0.331250 0.804688 0.335417 0.817187 0.337500 0.825000 0.335417 0.831250 0.335417 0.835938 0.335417 0.839063 0.333333 0.839063 0.327083 0.839063 0.322917 0.839063 0.316667 0.837500 0.312500 0.834375 0.308333
2 0.740625 0.293750 0.726562 0.287500 0.718750 0.283333 0.710938 0.281250 0.706250 0.279167 0.700000 0.279167 0.692187 0.279167 0.687500 0.283333 0.681250 0.287500 0.682813 0.295833 0.685937 0.302083 0.689063 0.308333 0.693750 0.308333 0.700000 0.312500 0.706250 0.314583 0.712500 0.314583 0.721875 0.316667 0.728125 0.318750 0.734375 0.318750 0.737500 0.314583 0.739062 0.308333 0.740625 0.300000 0.740625 0.291667
2 0.996875 0.350000 0.995313 0.347917 0.993750 0.347917 0.990625 0.347917 0.990625 0.347917 0.987500 0.347917 0.985938 0.347917 0.985938 0.350000 0.985938 0.352083 0.985938 0.356250 0.985938 0.360417 0.985938 0.364583 0.985938 0.366667 0.987500 0.368750 0.987500 0.368750 0.990625 0.368750 0.990625 0.368750 0.993750 0.368750 0.995313 0.368750 0.996875 0.368750 0.998437 0.366667 0.998437 0.358333 0.998437 0.356250 0.998437 0.352083 0.998437 0.352083 0.998437 0.350000
2 0.990625 0.533333 0.987500 0.531250 0.982812 0.531250 0.979688 0.531250 0.976562 0.529167 0.975000 0.529167 0.971875 0.529167 0.971875 0.533333 0.970313 0.539583 0.970313 0.545833 0.970313 0.550000 0.970313 0.554167 0.975000 0.556250 0.978125 0.558333 0.981250 0.558333 0.985938 0.558333 0.987500 0.560417 0.990625 0.560417 0.995313 0.560417 0.995313 0.554167 0.995313 0.550000 0.995313 0.543750 0.995313 0.537500 0.995313 0.533333 0.993750 0.531250
2 0.928125 0.525000 0.921875 0.525000 0.915625 0.525000 0.909375 0.525000 0.906250 0.525000 0.901563 0.525000 0.900000 0.527083 0.898438 0.537500 0.898438 0.541667 0.901563 0.545833 0.903125 0.550000 0.906250 0.554167 0.910937 0.554167 0.915625 0.554167 0.918750 0.554167 0.926562 0.554167 0.931250 0.554167 0.932813 0.550000 0.932813 0.545833 0.932813 0.537500 0.932813 0.533333 0.932813 0.527083 0.929688 0.522917
2 0.832812 0.514583 0.826562 0.512500 0.818750 0.512500 0.812500 0.512500 0.807813 0.512500 0.801562 0.510417 0.796875 0.510417 0.793750 0.512500 0.793750 0.520833 0.793750 0.525000 0.798438 0.527083 0.806250 0.527083 0.814063 0.529167 0.820312 0.533333 0.826562 0.535417 0.831250 0.537500 0.835938 0.535417 0.839063 0.531250 0.839063 0.520833 0.839063 0.516667 0.835938 0.512500 0.832812 0.508333
2 0.734375 0.487500 0.721875 0.485417 0.710938 0.485417 0.703125 0.481250 0.693750 0.479167 0.682813 0.479167 0.675000 0.479167 0.668750 0.485417 0.667188 0.497917 0.670312 0.504167 0.675000 0.510417 0.682813 0.514583 0.693750 0.516667 0.700000 0.516667 0.709375 0.518750 0.717187 0.518750 0.725000 0.520833 0.731250 0.520833 0.742188 0.516667 0.742188 0.510417 0.739062 0.500000 0.735938 0.493750
2 0.745313 0.720833 0.732812 0.714583 0.725000 0.712500 0.715625 0.706250 0.709375 0.706250 0.703125 0.706250 0.696875 0.706250 0.693750 0.712500 0.690625 0.718750 0.689063 0.722917 0.687500 0.731250 0.692187 0.735417 0.696875 0.737500 0.704688 0.741667 0.712500 0.745833 0.718750 0.745833 0.725000 0.745833 0.734375 0.745833 0.737500 0.741667 0.742188 0.739583 0.745313 0.735417 0.745313 0.727083 0.745313 0.722917
2 0.845313 0.739583 0.837500 0.733333 0.831250 0.731250 0.825000 0.729167 0.820312 0.729167 0.815625 0.729167 0.812500 0.727083 0.807813 0.729167 0.806250 0.733333 0.801562 0.739583 0.801562 0.747917 0.803125 0.754167 0.806250 0.756250 0.810937 0.758333 0.815625 0.758333 0.821875 0.758333 0.825000 0.758333 0.831250 0.758333 0.835938 0.758333 0.840625 0.758333 0.843750 0.756250 0.843750 0.752083 0.845313 0.745833 0.846875 0.739583
2 0.950000 0.739583 0.940625 0.739583 0.932813 0.739583 0.921875 0.739583 0.915625 0.739583 0.909375 0.739583 0.909375 0.750000 0.909375 0.758333 0.909375 0.762500 0.912500 0.768750 0.918750 0.770833 0.926562 0.772917 0.932813 0.772917 0.939063 0.772917 0.945312 0.772917 0.953125 0.772917 0.956250 0.768750 0.956250 0.762500 0.956250 0.752083 0.956250 0.743750 0.951562 0.739583 0.948438 0.737500 0.943750 0.735417
2 0.585938 0.727083 0.579688 0.727083 0.576562 0.733333 0.573438 0.739583 0.570312 0.745833 0.565625 0.754167 0.564063 0.762500 0.562500 0.772917 0.560937 0.779167 0.560937 0.787500 0.564063 0.793750 0.570312 0.795833 0.578125 0.795833 0.582812 0.793750 0.585938 0.785417 0.589063 0.775000 0.589063 0.766667 0.590625 0.756250 0.590625 0.743750 0.590625 0.735417
2 0.578125 0.875000 0.568750 0.868750 0.564063 0.868750 0.560937 0.877083 0.560937 0.887500 0.557813 0.897917 0.554688 0.908333 0.553125 0.916667 0.551562 0.929167 0.551562 0.937500 0.553125 0.943750 0.560937 0.947917 0.567187 0.947917 0.573438 0.947917 0.576562 0.939583 0.579688 0.929167 0.581250 0.920833 0.581250 0.908333 0.582812 0.900000 0.582812 0.891667 0.581250 0.881250 0.578125 0.875000 0.573438 0.868750
2 0.407813 0.825000 0.396875 0.825000 0.389062 0.827083 0.381250 0.831250 0.381250 0.841667 0.379688 0.852083 0.379688 0.860417 0.376563 0.872917 0.376563 0.883333 0.376563 0.891667 0.379688 0.900000 0.385937 0.904167 0.393750 0.904167 0.401562 0.906250 0.406250 0.891667 0.409375 0.883333 0.409375 0.875000 0.409375 0.860417 0.409375 0.847917 0.409375 0.837500 0.409375 0.827083
2 0.396875 0.981250 0.393750 0.981250 0.392188 0.983333 0.389062 0.983333 0.387500 0.985417 0.384375 0.985417 0.382812 0.987500 0.379688 0.987500 0.379688 0.989583 0.379688 0.989583 0.382812 0.989583 0.384375 0.993750 0.385937 0.993750 0.389062 0.995833 0.390625 0.995833 0.392188 0.995833 0.395313 0.993750 0.396875 0.993750 0.398438 0.989583 0.398438 0.987500 0.396875 0.985417
2 0.235937 0.981250 0.232813 0.981250 0.229687 0.981250 0.228125 0.981250 0.225000 0.981250 0.221875 0.981250 0.221875 0.985417 0.221875 0.987500 0.221875 1.000000 0.221875 1.004167 0.223438 1.004167 0.225000 1.002083 0.225000 1.000000 0.228125 1.000000 0.231250 1.000000 0.234375 0.997917 0.234375 0.993750 0.235937 0.993750 0.235937 0.989583 0.235937 0.985417 0.235937 0.981250
2 0.246875 0.808333 0.243750 0.810417 0.235937 0.814583 0.229687 0.814583 0.225000 0.818750 0.225000 0.835417 0.225000 0.843750 0.225000 0.854167 0.225000 0.864583 0.225000 0.875000 0.228125 0.879167 0.232813 0.881250 0.239063 0.883333 0.242188 0.879167 0.243750 0.872917 0.245312 0.856250 0.246875 0.845833 0.246875 0.833333 0.246875 0.820833 0.246875 0.814583 0.245312 0.804167
2 0.034375 0.243750 0.029687 0.243750 0.025000 0.243750 0.021875 0.243750 0.017188 0.241667 0.012500 0.239583 0.009375 0.239583 0.004687 0.239583 0.001563 0.239583 0.001563 0.245833 0.001563 0.252083 0.001563 0.256250 0.001563 0.260417 0.004687 0.262500 0.009375 0.262500 0.014063 0.262500 0.017188 0.262500 0.021875 0.262500 0.023438 0.262500 0.026562 0.258333 0.028125 0.258333 0.031250 0.252083 0.031250 0.247917 0.031250 0.245833
2 0.126562 0.245833 0.114062 0.243750 0.106250 0.243750 0.101562 0.243750 0.096875 0.239583 0.090625 0.239583 0.087500 0.239583 0.085938 0.245833 0.082812 0.258333 0.084375 0.262500 0.089063 0.262500 0.093750 0.262500 0.098437 0.264583 0.103125 0.264583 0.107813 0.264583 0.112500 0.264583 0.117188 0.264583 0.120313 0.262500 0.123438 0.260417 0.125000 0.258333 0.125000 0.252083 0.125000 0.245833
2 0.243750 0.262500 0.229687 0.262500 0.220312 0.262500 0.207813 0.262500 0.203125 0.260417 0.195312 0.258333 0.190625 0.258333 0.185938 0.262500 0.185938 0.270833 0.185938 0.279167 0.189062 0.283333 0.195312 0.283333 0.201563 0.283333 0.207813 0.283333 0.214062 0.285417 0.223438 0.285417 0.231250 0.285417 0.237500 0.285417 0.239063 0.279167 0.240625 0.270833 0.243750 0.262500
2 0.182812 0.616667 0.171875 0.612500 0.165625 0.610417 0.157812 0.606250 0.150000 0.606250 0.142187 0.606250 0.134375 0.606250 0.131250 0.610417 0.123438 0.616667 0.123438 0.627083 0.128125 0.629167 0.135937 0.631250 0.142187 0.633333 0.148438 0.637500 0.156250 0.641667 0.164062 0.643750 0.170313 0.645833 0.176563 0.647917 0.182812 0.647917 0.185938 0.641667 0.189062 0.633333 0.189062 0.622917 0.185938 0.618750
2 0.073438 0.589583 0.068750 0.589583 0.062500 0.589583 0.056250 0.587500 0.051562 0.585417 0.046875 0.583333 0.042188 0.581250 0.034375 0.581250 0.034375 0.587500 0.034375 0.595833 0.034375 0.604167 0.037500 0.606250 0.039062 0.610417 0.046875 0.612500 0.053125 0.614583 0.059375 0.614583 0.065625 0.616667 0.071875 0.616667 0.076563 0.614583 0.076563 0.608333 0.079687 0.602083 0.079687 0.593750 0.075000 0.589583 0.071875 0.589583
2 0.168750 0.408333 0.157812 0.408333 0.150000 0.408333 0.143750 0.408333 0.135937 0.408333 0.128125 0.408333 0.120313 0.408333 0.114062 0.408333 0.114062 0.414583 0.115625 0.420833 0.121875 0.422917 0.128125 0.422917 0.135937 0.425000 0.140625 0.425000 0.146875 0.429167 0.153125 0.433333 0.157812 0.437500 0.164062 0.437500 0.170313 0.437500 0.173437 0.431250 0.173437 0.422917 0.173437 0.414583 0.173437 0.408333
2 0.056250 0.391667 0.050000 0.391667 0.043750 0.391667 0.034375 0.391667 0.026562 0.391667 0.021875 0.391667 0.018750 0.395833 0.018750 0.404167 0.018750 0.408333 0.023438 0.412500 0.028125 0.412500 0.034375 0.412500 0.040625 0.412500 0.046875 0.412500 0.050000 0.414583 0.056250 0.414583 0.059375 0.412500 0.059375 0.404167 0.060937 0.397917 0.059375 0.391667 0.056250 0.391667
1 0.229687 0.785417 0.229687 0.787500 0.229687 0.791667 0.229687 0.795833 0.229687 0.800000 0.229687 0.802083 0.229687 0.806250 0.229687 0.810417 0.231250 0.814583 0.234375 0.814583 0.237500 0.814583 0.240625 0.810417 0.242188 0.808333 0.243750 0.806250 0.245312 0.804167 0.246875 0.802083 0.246875 0.800000 0.246875 0.795833 0.246875 0.791667 0.246875 0.789583 0.243750 0.787500 0.240625 0.787500 0.237500 0.787500 0.234375 0.787500 0.231250 0.787500 0.228125 0.785417
