6 0.679688 0.041667 0.706250 0.056250 0.745313 0.060417 0.775000 0.068750 0.821875 0.075000 0.854688 0.087500 0.887500 0.104167 0.923438 0.106250 0.960938 0.116667 0.995313 0.125000 0.990625 0.097917 0.956250 0.093750 0.932813 0.085417 0.903125 0.079167 0.871875 0.068750 0.835938 0.062500 0.806250 0.062500 0.781250 0.043750 0.745313 0.037500 0.714063 0.031250 0.681250 0.031250
6 0.659375 0.031250 0.637500 0.087500 0.628125 0.181250 0.621875 0.275000 0.631250 0.362500 0.625000 0.472917 0.617188 0.568750 0.618750 0.675000 0.610938 0.785417 0.603125 0.875000 0.631250 0.912500 0.657813 0.841667 0.667188 0.737500 0.668750 0.662500 0.675000 0.575000 0.675000 0.493750 0.679688 0.393750 0.675000 0.293750 0.675000 0.193750 0.673438 0.087500 0.653125 0.031250
6 0.093750 0.816667 0.131250 0.793750 0.143750 0.700000 0.156250 0.606250 0.171875 0.493750 0.207813 0.418750 0.207813 0.343750 0.228125 0.241667 0.250000 0.131250 0.267188 0.029167 0.239063 0.056250 0.207813 0.118750 0.193750 0.187500 0.181250 0.256250 0.168750 0.337500 0.156250 0.412500 0.140625 0.485417 0.131250 0.566667 0.112500 0.662500 0.096875 0.747917 0.093750 0.822917
1 0.237500 0.068750 0.231250 0.072917 0.225000 0.081250 0.223438 0.100000 0.218750 0.110417 0.218750 0.118750 0.215625 0.131250 0.212500 0.143750 0.217188 0.150000 0.225000 0.150000 0.232813 0.150000 0.239063 0.150000 0.243750 0.135417 0.248438 0.118750 0.250000 0.106250 0.250000 0.093750 0.251563 0.081250 0.254688 0.068750 0.256250 0.060417 0.250000 0.054167 0.240625 0.054167 0.237500 0.060417
1 0.193750 0.235417 0.192188 0.241667 0.193750 0.254167 0.190625 0.268750 0.181250 0.279167 0.178125 0.293750 0.176563 0.306250 0.175000 0.325000 0.175000 0.337500 0.176563 0.350000 0.185938 0.356250 0.196875 0.350000 0.203125 0.343750 0.207813 0.325000 0.210938 0.306250 0.212500 0.291667 0.218750 0.268750 0.218750 0.254167 0.218750 0.241667 0.218750 0.229167 0.206250 0.229167 0.196875 0.235417
1 0.162500 0.418750 0.154688 0.431250 0.153125 0.447917 0.153125 0.460417 0.150000 0.472917 0.146875 0.487500 0.143750 0.504167 0.140625 0.516667 0.137500 0.529167 0.146875 0.531250 0.156250 0.537500 0.165625 0.537500 0.168750 0.518750 0.168750 0.500000 0.171875 0.485417 0.176563 0.468750 0.178125 0.456250 0.181250 0.443750 0.181250 0.429167 0.175000 0.418750 0.165625 0.418750 0.156250 0.418750
1 0.103125 0.697917 0.104688 0.685417 0.100000 0.710417 0.096875 0.729167 0.096875 0.750000 0.096875 0.768750 0.096875 0.787500 0.093750 0.806250 0.106250 0.812500 0.118750 0.806250 0.131250 0.793750 0.134375 0.779167 0.134375 0.762500 0.137500 0.737500 0.139063 0.718750 0.140625 0.693750 0.131250 0.681250 0.117188 0.679167 0.107813 0.687500 0.106250 0.706250 0.107813 0.718750
1 0.406250 0.150000 0.415625 0.150000 0.421875 0.147917 0.428125 0.147917 0.434375 0.147917 0.439063 0.137500 0.439063 0.129167 0.439063 0.122917 0.439063 0.112500 0.440625 0.106250 0.440625 0.093750 0.442188 0.087500 0.443750 0.081250 0.443750 0.072917 0.443750 0.066667 0.443750 0.060417 0.437500 0.060417 0.428125 0.060417 0.423438 0.060417 0.415625 0.062500 0.412500 0.068750 0.406250 0.068750
1 0.398438 0.231250 0.395313 0.247917 0.392188 0.256250 0.392188 0.275000 0.392188 0.291667 0.387500 0.306250 0.387500 0.318750 0.387500 0.331250 0.392188 0.335417 0.400000 0.337500 0.409375 0.337500 0.418750 0.337500 0.428125 0.341667 0.431250 0.325000 0.431250 0.316667 0.431250 0.306250 0.431250 0.291667 0.431250 0.281250 0.431250 0.262500 0.431250 0.254167 0.431250 0.237500
1 0.390625 0.447917 0.387500 0.462500 0.381250 0.475000 0.376563 0.493750 0.375000 0.506250 0.371875 0.525000 0.371875 0.537500 0.371875 0.550000 0.368750 0.562500 0.376563 0.568750 0.384375 0.568750 0.396875 0.572917 0.406250 0.572917 0.410938 0.566667 0.412500 0.550000 0.412500 0.531250 0.415625 0.518750 0.418750 0.504167 0.418750 0.485417 0.418750 0.468750 0.418750 0.456250 0.418750 0.447917
1 0.360938 0.681250 0.359375 0.697917 0.359375 0.712500 0.356250 0.731250 0.353125 0.750000 0.350000 0.766667 0.346875 0.779167 0.345313 0.800000 0.343750 0.825000 0.343750 0.837500 0.360938 0.841667 0.371875 0.841667 0.381250 0.835417 0.387500 0.806250 0.387500 0.787500 0.387500 0.760417 0.392188 0.735417 0.392188 0.712500 0.392188 0.693750 0.384375 0.687500 0.368750 0.691667
1 0.706250 0.025000 0.706250 0.031250 0.706250 0.037500 0.706250 0.041667 0.706250 0.043750 0.706250 0.050000 0.706250 0.060417 0.715625 0.060417 0.725000 0.060417 0.729688 0.060417 0.734375 0.060417 0.737500 0.060417 0.742188 0.060417 0.750000 0.060417 0.756250 0.062500 0.762500 0.062500 0.767188 0.062500 0.768750 0.062500 0.773438 0.060417 0.773438 0.054167 0.773438 0.047917 0.773438 0.043750 0.773438 0.037500 0.773438 0.031250 0.773438 0.029167
1 0.856250 0.060417 0.856250 0.068750 0.856250 0.075000 0.856250 0.081250 0.854688 0.087500 0.854688 0.093750 0.853125 0.097917 0.853125 0.100000 0.860938 0.100000 0.871875 0.100000 0.881250 0.100000 0.887500 0.100000 0.898438 0.100000 0.906250 0.100000 0.909375 0.100000 0.915625 0.100000 0.918750 0.100000 0.923438 0.100000 0.921875 0.087500 0.918750 0.079167 0.917188 0.072917 0.915625 0.068750 0.915625 0.062500 0.915625 0.056250 0.915625 0.050000
1 0.978125 0.100000 0.978125 0.100000 0.978125 0.106250 0.978125 0.110417 0.981250 0.112500 0.981250 0.116667 0.981250 0.118750 0.981250 0.125000 0.984375 0.125000 0.990625 0.125000 0.993750 0.125000 0.996875 0.125000 1.000000 0.125000 1.000000 0.125000 1.003125 0.122917 1.003125 0.116667 1.003125 0.110417 1.003125 0.106250 1.003125 0.100000 1.003125 0.097917 1.003125 0.093750 1.000000 0.093750 1.000000 0.087500 1.000000 0.087500
1 0.634375 0.112500 0.637500 0.131250 0.637500 0.141667 0.640625 0.150000 0.642188 0.162500 0.642188 0.175000 0.643750 0.181250 0.643750 0.191667 0.643750 0.200000 0.651563 0.206250 0.657813 0.206250 0.662500 0.206250 0.668750 0.204167 0.668750 0.187500 0.668750 0.175000 0.668750 0.166667 0.667188 0.150000 0.665625 0.141667 0.665625 0.131250 0.662500 0.125000 0.662500 0.112500
1 0.637500 0.287500 0.637500 0.306250 0.640625 0.318750 0.642188 0.331250 0.642188 0.343750 0.642188 0.356250 0.642188 0.366667 0.642188 0.381250 0.640625 0.393750 0.642188 0.400000 0.651563 0.400000 0.659375 0.400000 0.667188 0.404167 0.668750 0.387500 0.668750 0.368750 0.668750 0.356250 0.668750 0.341667 0.668750 0.325000 0.668750 0.306250 0.668750 0.293750 0.668750 0.285417
1 0.640625 0.518750 0.637500 0.525000 0.637500 0.537500 0.637500 0.550000 0.637500 0.560417 0.637500 0.572917 0.637500 0.585417 0.634375 0.597917 0.631250 0.612500 0.631250 0.618750 0.642188 0.622917 0.653125 0.622917 0.662500 0.612500 0.662500 0.604167 0.665625 0.593750 0.667188 0.579167 0.668750 0.568750 0.668750 0.556250 0.668750 0.543750 0.668750 0.535417 0.668750 0.525000 0.668750 0.516667
1 0.621875 0.768750 0.621875 0.787500 0.621875 0.804167 0.618750 0.825000 0.615625 0.847917 0.612500 0.862500 0.612500 0.875000 0.612500 0.887500 0.612500 0.897917 0.625000 0.900000 0.631250 0.897917 0.642188 0.893750 0.653125 0.887500 0.653125 0.872917 0.653125 0.850000 0.653125 0.835417 0.653125 0.825000 0.653125 0.806250 0.657813 0.791667 0.659375 0.781250 0.659375 0.768750
2 0.206250 0.143750 0.203125 0.162500 0.196875 0.175000 0.196875 0.181250 0.193750 0.193750 0.193750 0.206250 0.193750 0.212500 0.192188 0.222917 0.196875 0.229167 0.207813 0.229167 0.212500 0.229167 0.218750 0.235417 0.223438 0.235417 0.228125 0.241667 0.228125 0.229167 0.231250 0.218750 0.232813 0.210417 0.234375 0.200000 0.234375 0.187500 0.234375 0.179167 0.234375 0.168750 0.234375 0.160417 0.237500 0.150000
2 0.178125 0.343750 0.171875 0.350000 0.165625 0.362500 0.162500 0.368750 0.162500 0.381250 0.160938 0.391667 0.160938 0.400000 0.160938 0.416667 0.165625 0.422917 0.178125 0.422917 0.184375 0.422917 0.190625 0.422917 0.193750 0.412500 0.193750 0.393750 0.196875 0.385417 0.196875 0.375000 0.196875 0.366667 0.196875 0.356250 0.196875 0.350000 0.187500 0.350000 0.181250 0.350000
2 0.140625 0.531250 0.137500 0.550000 0.131250 0.568750 0.128125 0.581250 0.125000 0.597917 0.123438 0.612500 0.121875 0.629167 0.120313 0.643750 0.118750 0.660417 0.129688 0.666667 0.140625 0.666667 0.148438 0.668750 0.150000 0.656250 0.153125 0.637500 0.156250 0.625000 0.156250 0.606250 0.160938 0.585417 0.162500 0.566667 0.162500 0.550000 0.162500 0.537500 0.159375 0.531250 0.148438 0.531250
2 0.343750 0.841667 0.340625 0.862500 0.340625 0.879167 0.337500 0.891667 0.335938 0.904167 0.334375 0.912500 0.331250 0.931250 0.331250 0.943750 0.331250 0.947917 0.340625 0.947917 0.350000 0.950000 0.356250 0.950000 0.362500 0.954167 0.365625 0.943750 0.367188 0.929167 0.367188 0.918750 0.367188 0.906250 0.367188 0.893750 0.367188 0.881250 0.367188 0.862500 0.367188 0.856250 0.368750 0.843750
2 0.367188 0.568750 0.367188 0.600000 0.365625 0.616667 0.364063 0.629167 0.364063 0.641667 0.364063 0.656250 0.364063 0.666667 0.376563 0.668750 0.384375 0.675000 0.392188 0.681250 0.400000 0.681250 0.403125 0.662500 0.403125 0.631250 0.406250 0.612500 0.406250 0.600000 0.406250 0.587500 0.406250 0.575000 0.406250 0.568750 0.387500 0.572917 0.381250 0.575000 0.371875 0.575000
2 0.384375 0.341667 0.387500 0.350000 0.387500 0.362500 0.387500 0.375000 0.387500 0.391667 0.387500 0.404167 0.387500 0.412500 0.387500 0.425000 0.387500 0.437500 0.395313 0.443750 0.400000 0.443750 0.409375 0.443750 0.418750 0.447917 0.418750 0.431250 0.418750 0.412500 0.418750 0.400000 0.421875 0.391667 0.421875 0.381250 0.421875 0.362500 0.421875 0.356250 0.418750 0.343750
2 0.415625 0.143750 0.412500 0.156250 0.409375 0.166667 0.409375 0.179167 0.406250 0.187500 0.400000 0.197917 0.400000 0.206250 0.400000 0.218750 0.406250 0.225000 0.418750 0.229167 0.425000 0.231250 0.431250 0.235417 0.440625 0.237500 0.440625 0.216667 0.440625 0.206250 0.440625 0.193750 0.439063 0.181250 0.439063 0.168750 0.439063 0.156250 0.437500 0.150000 0.437500 0.137500
2 0.773438 0.041667 0.773438 0.043750 0.773438 0.054167 0.775000 0.062500 0.778125 0.072917 0.787500 0.075000 0.793750 0.075000 0.800000 0.075000 0.806250 0.075000 0.814063 0.075000 0.821875 0.081250 0.829688 0.081250 0.835938 0.085417 0.840625 0.087500 0.846875 0.087500 0.850000 0.091667 0.853125 0.087500 0.850000 0.075000 0.850000 0.068750 0.850000 0.062500 0.850000 0.054167 0.850000 0.043750 0.850000 0.037500
2 0.925000 0.081250 0.925000 0.081250 0.925000 0.087500 0.928125 0.091667 0.928125 0.093750 0.928125 0.097917 0.929688 0.100000 0.932813 0.104167 0.934375 0.106250 0.939063 0.106250 0.940625 0.106250 0.943750 0.106250 0.950000 0.106250 0.954688 0.106250 0.956250 0.106250 0.960938 0.106250 0.964063 0.110417 0.965625 0.110417 0.965625 0.106250 0.965625 0.104167 0.965625 0.100000 0.965625 0.093750 0.965625 0.093750 0.965625 0.085417 0.965625 0.079167 0.965625 0.075000 0.965625 0.072917
2 0.637500 0.206250 0.637500 0.212500 0.637500 0.225000 0.637500 0.235417 0.637500 0.243750 0.637500 0.254167 0.637500 0.262500 0.637500 0.268750 0.637500 0.281250 0.642188 0.293750 0.648438 0.291667 0.659375 0.285417 0.662500 0.285417 0.668750 0.285417 0.675000 0.285417 0.679688 0.285417 0.682813 0.279167 0.681250 0.262500 0.678125 0.243750 0.678125 0.231250 0.678125 0.222917 0.678125 0.218750 0.675000 0.206250 0.673438 0.200000
2 0.634375 0.400000 0.634375 0.412500 0.631250 0.437500 0.631250 0.447917 0.631250 0.456250 0.631250 0.468750 0.631250 0.475000 0.628125 0.487500 0.628125 0.497917 0.637500 0.500000 0.657813 0.500000 0.662500 0.500000 0.668750 0.500000 0.681250 0.500000 0.687500 0.497917 0.682813 0.475000 0.682813 0.450000 0.682813 0.431250 0.682813 0.418750 0.679688 0.410417 0.678125 0.400000
2 0.628125 0.629167 0.628125 0.647917 0.628125 0.660417 0.628125 0.672917 0.628125 0.681250 0.628125 0.693750 0.628125 0.706250 0.628125 0.718750 0.628125 0.725000 0.625000 0.737500 0.637500 0.743750 0.650000 0.747917 0.657813 0.750000 0.667188 0.750000 0.673438 0.756250 0.673438 0.731250 0.673438 0.691667 0.673438 0.675000 0.673438 0.656250 0.668750 0.635417 0.668750 0.625000
2 0.343750 0.843750 0.340625 0.862500 0.340625 0.881250 0.337500 0.893750 0.337500 0.904167 0.337500 0.912500 0.337500 0.918750 0.335938 0.929167 0.335938 0.937500 0.335938 0.947917 0.350000 0.950000 0.356250 0.950000 0.364063 0.950000 0.371875 0.950000 0.371875 0.931250 0.376563 0.906250 0.376563 0.887500 0.376563 0.875000 0.376563 0.860417 0.376563 0.850000 0.376563 0.837500
6 0.453125 0.050000 0.407813 0.087500 0.400000 0.187500 0.384375 0.279167 0.375000 0.379167 0.371875 0.468750 0.360938 0.543750 0.350000 0.631250 0.350000 0.710417 0.335938 0.818750 0.328125 0.925000 0.356250 0.956250 0.379688 0.872917 0.395313 0.772917 0.406250 0.675000 0.412500 0.575000 0.421875 0.468750 0.426563 0.368750 0.429688 0.268750 0.440625 0.156250 0.450000 0.056250
7 0.001563 0.206250 0.009375 0.210417 0.017188 0.212500 0.031250 0.212500 0.042188 0.212500 0.050000 0.212500 0.059375 0.212500 0.059375 0.193750 0.059375 0.181250 0.059375 0.162500 0.062500 0.143750 0.062500 0.129167 0.065625 0.112500 0.068750 0.093750 0.071875 0.081250 0.073438 0.068750 0.075000 0.056250 0.065625 0.056250 0.046875 0.056250 0.034375 0.056250 0.028125 0.056250 0.009375 0.062500 0.000000 0.062500
7 0.003125 0.568750 0.003125 0.587500 0.003125 0.597917 0.003125 0.610417 0.001563 0.631250 0.001563 0.643750 0.000000 0.656250 0.000000 0.666667 -0.001563 0.675000 -0.001563 0.687500 0.001563 0.687500 0.003125 0.675000 0.006250 0.662500 0.006250 0.650000 0.009375 0.637500 0.014063 0.629167 0.015625 0.616667 0.017188 0.606250 0.021875 0.593750 0.025000 0.581250 0.009375 0.575000 -0.009375 0.575000
7 0.237500 0.025000 0.237500 0.010417 0.225000 0.006250 0.210938 0.008333 0.204687 0.016667 0.201563 0.033333 0.198437 0.050000 0.195312 0.066667 0.195312 0.081250 0.200000 0.095833 0.206250 0.104167 0.218750 0.100000 0.228125 0.100000 0.239063 0.093750 0.248438 0.091667 0.253125 0.077083 0.253125 0.054167 0.253125 0.037500 0.253125 0.020833 0.246875 0.010417 0.237500 0.004167
