7 0.436719 0.611458 0.270313 0.314583
7 0.535937 0.928125 0.162500 0.127083
7 0.910937 0.430208 0.087500 0.077083
7 0.553125 0.178125 0.075000 0.060417
7 0.597656 0.151042 0.039062 0.102083
0 0.707812 0.542708 0.065625 0.156250
0 0.716406 0.741667 0.114062 0.204167
0 0.467969 0.261458 0.107813 0.085417
0 0.327344 0.265625 0.107813 0.056250
0 0.184375 0.260417 0.100000 0.066667
0 0.069531 0.275000 0.101562 0.062500
0 0.644531 0.492708 0.064062 0.127083
3 0.725781 0.091667 0.032813 0.095833
3 0.668750 0.153125 0.040625 0.085417
3 0.882812 0.145833 0.878125 0.141667 0.871875 0.137500 0.867188 0.139583 0.864062 0.145833 0.860938 0.154167 0.859375 0.162500 0.856250 0.168750 0.854688 0.179167 0.851562 0.185417 0.851562 0.193750 0.851562 0.204167 0.851562 0.210417 0.857812 0.210417 0.864062 0.206250 0.868750 0.202083 0.873437 0.193750 0.878125 0.183333 0.881250 0.168750 0.884375 0.156250 0.885938 0.145833 0.885938 0.139583
3 0.760938 0.216667 0.759375 0.225000 0.757812 0.237500 0.754687 0.245833 0.753125 0.262500 0.750000 0.275000 0.746875 0.291667 0.746875 0.304167 0.751563 0.318750 0.757812 0.327083 0.767188 0.327083 0.776563 0.322917 0.784375 0.314583 0.787500 0.295833 0.787500 0.285417 0.787500 0.270833 0.787500 0.258333 0.787500 0.247917 0.785937 0.237500 0.781250 0.227083 0.776563 0.222917 0.767188 0.218750
