7 0.764062 0.818750 0.737500 0.816667 0.714063 0.810417 0.687500 0.806250 0.662500 0.806250 0.626563 0.810417 0.617188 0.825000 0.617188 0.864583 0.617188 0.912500 0.615625 0.947917 0.615625 0.989583 0.637500 1.004167 0.670312 1.004167 0.712500 1.004167 0.748437 1.004167 0.771875 1.006250 0.784375 0.979167 0.784375 0.939583 0.782813 0.897917 0.776563 0.858333 0.768750 0.822917
7 0.896875 0.797917 0.864062 0.797917 0.832812 0.797917 0.801562 0.800000 0.778125 0.812500 0.768750 0.845833 0.771875 0.879167 0.776563 0.920833 0.782813 0.970833 0.787500 1.010417 0.823438 1.016667 0.850000 1.016667 0.889062 1.004167 0.918750 1.000000 0.928125 0.985417 0.923438 0.952083 0.918750 0.912500 0.917188 0.868750 0.910937 0.825000 0.907813 0.791667 0.889062 0.797917
7 1.001562 0.831250 0.989062 0.839583 0.982812 0.860417 0.976562 0.885417 0.971875 0.904167 0.964063 0.927083 0.956250 0.950000 0.951562 0.968750 0.948438 0.989583 0.964063 1.000000 0.981250 1.004167 0.998437 1.010417 1.009375 1.002083 1.012500 0.979167 1.012500 0.956250 1.014063 0.933333 1.015625 0.906250 1.015625 0.879167 1.012500 0.860417 1.009375 0.841667 0.996875 0.833333
7 0.815625 0.277083 0.812500 0.225000 0.804688 0.227083 0.801562 0.243750 0.793750 0.243750 0.782813 0.243750 0.778125 0.254167 0.776563 0.270833 0.764062 0.270833 0.756250 0.285417 0.759375 0.297917 0.768750 0.304167 0.773438 0.318750 0.776563 0.333333 0.782813 0.325000 0.789062 0.329167 0.798438 0.333333 0.804688 0.325000 0.809375 0.312500 0.807813 0.297917 0.810937 0.281250
7 0.679688 0.566667 0.679688 0.595833 0.684375 0.618750 0.698438 0.635417 0.706250 0.656250 0.715625 0.677083 0.729688 0.668750 0.740625 0.650000 0.756250 0.656250 0.773438 0.666667 0.781250 0.650000 0.787500 0.629167 0.789062 0.604167 0.773438 0.593750 0.753125 0.593750 0.739062 0.585417 0.731250 0.564583 0.715625 0.554167 0.696875 0.562500 0.679688 0.560417 0.682813 0.575000
8 0.756250 0.506250 0.731250 0.497917 0.710938 0.497917 0.696875 0.514583 0.690625 0.541667 0.707812 0.552083 0.726562 0.564583 0.742188 0.577083 0.759375 0.589583 0.781250 0.595833 0.790625 0.618750 0.809375 0.631250 0.829688 0.631250 0.840625 0.608333 0.848437 0.583333 0.842187 0.554167 0.823438 0.545833 0.801562 0.535417 0.781250 0.525000 0.759375 0.514583 0.742188 0.504167
8 0.325000 0.258333 0.312500 0.270833 0.300000 0.287500 0.295312 0.312500 0.304688 0.329167 0.323437 0.331250 0.340625 0.341667 0.357812 0.345833 0.375000 0.352083 0.387500 0.364583 0.403125 0.375000 0.418750 0.375000 0.434375 0.358333 0.439063 0.335417 0.434375 0.314583 0.417187 0.308333 0.400000 0.297917 0.381250 0.287500 0.362500 0.277083 0.346875 0.270833 0.326562 0.264583
4 0.765625 0.183333 0.750000 0.181250 0.735938 0.179167 0.723437 0.175000 0.707812 0.170833 0.692187 0.166667 0.687500 0.179167 0.678125 0.191667 0.670312 0.204167 0.665625 0.216667 0.668750 0.227083 0.681250 0.222917 0.690625 0.231250 0.700000 0.237500 0.710938 0.245833 0.726562 0.252083 0.739062 0.252083 0.748437 0.243750 0.756250 0.227083 0.762500 0.214583 0.765625 0.197917
4 0.703125 0.025000 0.690625 0.022917 0.678125 0.018750 0.668750 0.014583 0.656250 0.014583 0.642188 0.012500 0.634375 0.020833 0.631250 0.035417 0.625000 0.045833 0.620313 0.056250 0.625000 0.064583 0.634375 0.068750 0.645312 0.075000 0.657813 0.077083 0.670312 0.077083 0.679688 0.083333 0.689063 0.077083 0.695312 0.066667 0.700000 0.054167 0.703125 0.037500 0.706250 0.027083
4 0.479687 0.047917 0.468750 0.058333 0.460938 0.068750 0.451562 0.083333 0.443750 0.095833 0.453125 0.102083 0.465625 0.112500 0.475000 0.120833 0.487500 0.129167 0.500000 0.133333 0.507812 0.127083 0.515625 0.114583 0.525000 0.106250 0.532813 0.095833 0.540625 0.083333 0.532813 0.075000 0.523438 0.068750 0.512500 0.058333 0.501563 0.054167 0.490625 0.047917
4 0.576562 0.214583 0.553125 0.202083 0.540625 0.197917 0.525000 0.191667 0.512500 0.185417 0.503125 0.183333 0.493750 0.191667 0.482812 0.204167 0.476562 0.216667 0.470313 0.233333 0.471875 0.245833 0.482812 0.258333 0.498437 0.268750 0.512500 0.275000 0.525000 0.279167 0.537500 0.277083 0.548438 0.268750 0.560937 0.256250 0.575000 0.239583 0.581250 0.227083 0.578125 0.212500
3 0.723437 0.252083 0.714063 0.239583 0.701562 0.237500 0.692187 0.245833 0.692187 0.264583 0.689063 0.283333 0.687500 0.300000 0.690625 0.314583 0.698438 0.325000 0.698438 0.341667 0.696875 0.358333 0.696875 0.377083 0.707812 0.385417 0.714063 0.370833 0.717187 0.358333 0.721875 0.341667 0.728125 0.318750 0.728125 0.302083 0.723437 0.283333 0.723437 0.264583 0.723437 0.252083
3 0.678125 0.081250 0.659375 0.079167 0.646875 0.085417 0.645312 0.100000 0.650000 0.125000 0.651563 0.143750 0.643750 0.152083 0.634375 0.158333 0.637500 0.172917 0.645312 0.189583 0.646875 0.210417 0.657813 0.216667 0.664062 0.202083 0.671875 0.189583 0.682813 0.183333 0.682813 0.166667 0.670312 0.156250 0.670312 0.137500 0.675000 0.118750 0.675000 0.100000
3 0.507812 0.135417 0.500000 0.135417 0.493750 0.135417 0.484375 0.135417 0.479687 0.139583 0.482812 0.150000 0.482812 0.162500 0.482812 0.172917 0.482812 0.183333 0.484375 0.193750 0.485938 0.200000 0.489063 0.193750 0.495312 0.189583 0.501563 0.187500 0.507812 0.185417 0.507812 0.172917 0.509375 0.164583 0.510938 0.156250 0.510938 0.145833 0.510938 0.137500 0.503125 0.137500
7 0.292187 0.345833 0.292187 0.368750 0.300000 0.385417 0.312500 0.395833 0.323437 0.408333 0.331250 0.429167 0.343750 0.420833 0.356250 0.404167 0.371875 0.404167 0.384375 0.408333 0.384375 0.387500 0.392188 0.377083 0.389062 0.358333 0.373437 0.350000 0.359375 0.354167 0.350000 0.360417 0.340625 0.350000 0.335938 0.339583 0.321875 0.331250 0.307812 0.341667 0.293750 0.345833
7 0.364063 0.391667 0.353125 0.404167 0.343750 0.420833 0.334375 0.431250 0.320312 0.441667 0.309375 0.456250 0.300000 0.470833 0.301563 0.493750 0.307812 0.510417 0.320312 0.516667 0.335938 0.514583 0.348438 0.506250 0.353125 0.485417 0.348438 0.466667 0.360938 0.452083 0.376563 0.460417 0.389062 0.450000 0.393750 0.427083 0.384375 0.412500 0.375000 0.395833
