1 0.615625 0.468750 0.610938 0.468750 0.606250 0.468750 0.603125 0.470833 0.596875 0.472917 0.595313 0.477083 0.596875 0.481250 0.600000 0.483333 0.603125 0.485417 0.603125 0.489583 0.606250 0.493750 0.607812 0.500000 0.609375 0.504167 0.612500 0.504167 0.615625 0.504167 0.618750 0.504167 0.620313 0.500000 0.620313 0.493750 0.618750 0.487500 0.615625 0.481250 0.614062 0.472917 0.612500 0.466667 0.607812 0.464583
1 0.640625 0.543750 0.634375 0.543750 0.629687 0.545833 0.628125 0.550000 0.629687 0.558333 0.631250 0.564583 0.632812 0.570833 0.637500 0.575000 0.637500 0.581250 0.642188 0.589583 0.645312 0.593750 0.648438 0.595833 0.654687 0.597917 0.657813 0.595833 0.657813 0.589583 0.654687 0.581250 0.653125 0.575000 0.650000 0.570833 0.645312 0.562500 0.642188 0.554167 0.639062 0.550000 0.637500 0.541667
1 0.685937 0.650000 0.681250 0.650000 0.676562 0.650000 0.673438 0.650000 0.670312 0.650000 0.668750 0.656250 0.670312 0.660417 0.670312 0.666667 0.670312 0.672917 0.673438 0.679167 0.673438 0.683333 0.675000 0.685417 0.678125 0.689583 0.681250 0.689583 0.685937 0.689583 0.690625 0.689583 0.693750 0.689583 0.693750 0.681250 0.692187 0.675000 0.690625 0.666667 0.687500 0.660417 0.687500 0.656250 0.682813 0.652083
1 0.720313 0.754167 0.712500 0.754167 0.709375 0.756250 0.704688 0.758333 0.700000 0.762500 0.701562 0.766667 0.704688 0.775000 0.706250 0.779167 0.709375 0.785417 0.710938 0.791667 0.714063 0.795833 0.717187 0.802083 0.720313 0.806250 0.721875 0.810417 0.725000 0.806250 0.729688 0.804167 0.729688 0.795833 0.729688 0.791667 0.726562 0.783333 0.725000 0.775000 0.718750 0.766667 0.715625 0.758333 0.710938 0.752083
2 0.607812 0.454167 0.607812 0.447917 0.606250 0.443750 0.603125 0.443750 0.603125 0.439583 0.600000 0.437500 0.596875 0.433333 0.595313 0.431250 0.593750 0.427083 0.589063 0.425000 0.585938 0.427083 0.582812 0.429167 0.582812 0.435417 0.584375 0.439583 0.585938 0.443750 0.585938 0.447917 0.589063 0.450000 0.589063 0.454167 0.592187 0.456250 0.595313 0.460417 0.600000 0.460417 0.603125 0.460417 0.606250 0.460417 0.607812 0.456250
2 0.626563 0.506250 0.621875 0.508333 0.617188 0.508333 0.614062 0.512500 0.609375 0.512500 0.612500 0.516667 0.614062 0.520833 0.615625 0.525000 0.617188 0.529167 0.620313 0.533333 0.620313 0.541667 0.625000 0.543750 0.628125 0.543750 0.632812 0.541667 0.637500 0.539583 0.635938 0.533333 0.632812 0.531250 0.631250 0.527083 0.628125 0.520833 0.628125 0.514583 0.625000 0.510417 0.625000 0.506250
2 0.667188 0.606250 0.662500 0.606250 0.657813 0.606250 0.654687 0.606250 0.651563 0.606250 0.650000 0.612500 0.650000 0.618750 0.653125 0.625000 0.654687 0.629167 0.654687 0.633333 0.656250 0.637500 0.657813 0.641667 0.660937 0.645833 0.664062 0.645833 0.668750 0.645833 0.673438 0.645833 0.675000 0.643750 0.676562 0.639583 0.675000 0.633333 0.673438 0.627083 0.670312 0.622917 0.668750 0.618750
2 0.695312 0.702083 0.690625 0.702083 0.684375 0.702083 0.681250 0.704167 0.682813 0.710417 0.684375 0.714583 0.687500 0.718750 0.689063 0.725000 0.690625 0.731250 0.692187 0.737500 0.695312 0.741667 0.696875 0.745833 0.703125 0.745833 0.707812 0.745833 0.710938 0.743750 0.712500 0.737500 0.712500 0.729167 0.709375 0.722917 0.707812 0.714583 0.704688 0.710417 0.703125 0.706250 0.698438 0.702083 0.696875 0.697917 0.693750 0.695833
6 0.728125 0.812500 0.725000 0.768750 0.709375 0.727083 0.696875 0.685417 0.679688 0.645833 0.665625 0.600000 0.650000 0.564583 0.635938 0.529167 0.623437 0.497917 0.606250 0.462500 0.590625 0.429167 0.589063 0.460417 0.603125 0.500000 0.620313 0.539583 0.635938 0.589583 0.654687 0.641667 0.667188 0.683333 0.685937 0.735417 0.704688 0.779167 0.726562 0.810417 0.731250 0.779167
1 0.645312 0.393750 0.642188 0.395833 0.637500 0.397917 0.634375 0.402083 0.631250 0.404167 0.626563 0.404167 0.621875 0.406250 0.618750 0.408333 0.615625 0.408333 0.615625 0.414583 0.615625 0.420833 0.615625 0.422917 0.620313 0.420833 0.625000 0.420833 0.629687 0.418750 0.634375 0.416667 0.637500 0.414583 0.642188 0.412500 0.645312 0.412500 0.645312 0.408333 0.645312 0.404167
7 0.634375 0.364583 0.625000 0.364583 0.614062 0.364583 0.604688 0.364583 0.595313 0.364583 0.585938 0.368750 0.578125 0.375000 0.570312 0.383333 0.568750 0.393750 0.568750 0.406250 0.570312 0.418750 0.576562 0.420833 0.584375 0.416667 0.593750 0.412500 0.604688 0.408333 0.615625 0.404167 0.625000 0.400000 0.632812 0.400000 0.639062 0.395833 0.642188 0.383333 0.639062 0.372917 0.634375 0.366667
0 0.654687 0.308333 0.632812 0.308333 0.621875 0.312500 0.609375 0.316667 0.600000 0.322917 0.589063 0.327083 0.576562 0.327083 0.573438 0.337500 0.571875 0.352083 0.576562 0.364583 0.582812 0.368750 0.593750 0.366667 0.603125 0.360417 0.614062 0.358333 0.625000 0.358333 0.634375 0.358333 0.648438 0.358333 0.659375 0.358333 0.662500 0.347917 0.659375 0.331250 0.657813 0.314583
1 0.903125 0.252083 0.896875 0.252083 0.893750 0.254167 0.889062 0.254167 0.885938 0.256250 0.881250 0.258333 0.878125 0.258333 0.881250 0.262500 0.881250 0.266667 0.884375 0.270833 0.887500 0.272917 0.890625 0.272917 0.895312 0.272917 0.900000 0.270833 0.903125 0.268750 0.907813 0.266667 0.912500 0.266667 0.915625 0.262500 0.910937 0.258333 0.906250 0.254167 0.903125 0.250000
1 0.851562 0.260417 0.848437 0.260417 0.846875 0.260417 0.843750 0.260417 0.840625 0.260417 0.839063 0.260417 0.835938 0.262500 0.835938 0.266667 0.835938 0.270833 0.834375 0.275000 0.832812 0.277083 0.835938 0.279167 0.837500 0.279167 0.839063 0.279167 0.842187 0.279167 0.845313 0.279167 0.848437 0.277083 0.850000 0.277083 0.851562 0.275000 0.853125 0.275000 0.853125 0.270833 0.853125 0.266667 0.851562 0.262500
1 0.806250 0.266667 0.804688 0.266667 0.803125 0.266667 0.801562 0.268750 0.800000 0.268750 0.798438 0.268750 0.796875 0.268750 0.796875 0.270833 0.796875 0.275000 0.796875 0.275000 0.796875 0.279167 0.796875 0.279167 0.796875 0.281250 0.800000 0.281250 0.801562 0.281250 0.803125 0.281250 0.803125 0.279167 0.804688 0.279167 0.806250 0.279167 0.806250 0.275000 0.806250 0.275000 0.806250 0.272917 0.806250 0.270833
2 0.920312 0.258333 0.918750 0.258333 0.917188 0.258333 0.915625 0.258333 0.915625 0.260417 0.915625 0.262500 0.915625 0.264583 0.915625 0.266667 0.917188 0.268750 0.918750 0.270833 0.918750 0.270833 0.921875 0.268750 0.923438 0.268750 0.923438 0.266667 0.925000 0.266667 0.925000 0.264583 0.925000 0.262500 0.925000 0.260417 0.923438 0.258333 0.923438 0.256250 0.923438 0.254167
2 0.870313 0.256250 0.867188 0.258333 0.864062 0.258333 0.860938 0.260417 0.857812 0.260417 0.856250 0.262500 0.856250 0.266667 0.856250 0.270833 0.857812 0.275000 0.860938 0.275000 0.864062 0.275000 0.868750 0.275000 0.871875 0.275000 0.875000 0.275000 0.878125 0.272917 0.879687 0.270833 0.879687 0.266667 0.879687 0.262500 0.878125 0.258333 0.876563 0.254167 0.875000 0.252083
2 0.831250 0.260417 0.828125 0.262500 0.826562 0.262500 0.821875 0.262500 0.818750 0.262500 0.815625 0.262500 0.814063 0.262500 0.812500 0.262500 0.809375 0.264583 0.809375 0.268750 0.810937 0.270833 0.812500 0.275000 0.814063 0.275000 0.817187 0.275000 0.818750 0.275000 0.821875 0.275000 0.826562 0.275000 0.829688 0.275000 0.831250 0.275000 0.832812 0.272917 0.834375 0.270833 0.834375 0.266667 0.834375 0.262500
2 0.790625 0.268750 0.787500 0.268750 0.784375 0.268750 0.781250 0.268750 0.778125 0.268750 0.776563 0.268750 0.773438 0.268750 0.773438 0.270833 0.775000 0.275000 0.776563 0.275000 0.776563 0.279167 0.776563 0.281250 0.778125 0.283333 0.781250 0.283333 0.784375 0.283333 0.785937 0.283333 0.789062 0.281250 0.792188 0.279167 0.793750 0.279167 0.796875 0.279167 0.796875 0.275000 0.795312 0.272917 0.795312 0.268750 0.795312 0.266667
2 0.745313 0.275000 0.742188 0.275000 0.739062 0.275000 0.737500 0.275000 0.734375 0.275000 0.731250 0.275000 0.731250 0.279167 0.731250 0.281250 0.731250 0.285417 0.732812 0.285417 0.734375 0.287500 0.735938 0.291667 0.739062 0.291667 0.742188 0.291667 0.743750 0.289583 0.746875 0.289583 0.746875 0.287500 0.746875 0.283333 0.746875 0.279167 0.746875 0.279167
1 0.767188 0.266667 0.764062 0.266667 0.760938 0.268750 0.757812 0.268750 0.754687 0.270833 0.753125 0.270833 0.751563 0.275000 0.751563 0.279167 0.751563 0.283333 0.751563 0.287500 0.753125 0.289583 0.756250 0.289583 0.759375 0.289583 0.764062 0.289583 0.767188 0.289583 0.770312 0.289583 0.770312 0.285417 0.770312 0.281250 0.770312 0.275000 0.768750 0.272917 0.767188 0.268750
1 0.721875 0.283333 0.718750 0.283333 0.714063 0.283333 0.709375 0.285417 0.704688 0.285417 0.700000 0.285417 0.696875 0.287500 0.693750 0.291667 0.692187 0.295833 0.693750 0.302083 0.696875 0.304167 0.700000 0.304167 0.703125 0.302083 0.706250 0.300000 0.709375 0.295833 0.712500 0.293750 0.715625 0.291667 0.720313 0.291667 0.725000 0.291667 0.725000 0.287500 0.721875 0.283333
2 0.682813 0.283333 0.679688 0.283333 0.675000 0.283333 0.668750 0.283333 0.664062 0.283333 0.660937 0.283333 0.657813 0.285417 0.657813 0.289583 0.657813 0.293750 0.657813 0.295833 0.657813 0.302083 0.659375 0.304167 0.662500 0.304167 0.667188 0.304167 0.670312 0.302083 0.673438 0.300000 0.676562 0.300000 0.679688 0.300000 0.682813 0.300000 0.687500 0.297917 0.687500 0.293750 0.687500 0.291667 0.684375 0.287500
2 0.625000 0.291667 0.620313 0.293750 0.615625 0.295833 0.612500 0.295833 0.606250 0.295833 0.601562 0.295833 0.596875 0.297917 0.593750 0.297917 0.590625 0.302083 0.589063 0.306250 0.589063 0.312500 0.589063 0.316667 0.593750 0.318750 0.596875 0.318750 0.603125 0.318750 0.606250 0.316667 0.610938 0.314583 0.614062 0.312500 0.618750 0.312500 0.623437 0.312500 0.625000 0.308333 0.625000 0.304167 0.625000 0.297917
1 0.651563 0.287500 0.648438 0.287500 0.645312 0.287500 0.643750 0.289583 0.642188 0.289583 0.637500 0.289583 0.635938 0.289583 0.634375 0.291667 0.632812 0.291667 0.631250 0.293750 0.629687 0.295833 0.628125 0.302083 0.628125 0.306250 0.628125 0.308333 0.629687 0.312500 0.632812 0.312500 0.635938 0.310417 0.639062 0.308333 0.642188 0.308333 0.645312 0.308333 0.646875 0.306250 0.650000 0.304167 0.651563 0.304167 0.651563 0.300000 0.651563 0.295833 0.651563 0.293750 0.651563 0.291667
1 0.585938 0.300000 0.582812 0.302083 0.578125 0.302083 0.573438 0.304167 0.570312 0.304167 0.565625 0.306250 0.560937 0.306250 0.557813 0.308333 0.554688 0.314583 0.553125 0.316667 0.553125 0.320833 0.557813 0.322917 0.560937 0.322917 0.565625 0.322917 0.570312 0.322917 0.573438 0.320833 0.576562 0.320833 0.579688 0.318750 0.584375 0.318750 0.585938 0.314583 0.585938 0.308333 0.585938 0.304167
6 0.667188 0.279167 0.628125 0.287500 0.590625 0.297917 0.557813 0.312500 0.578125 0.320833 0.618750 0.312500 0.656250 0.300000 0.696875 0.295833 0.748437 0.293750 0.789062 0.283333 0.829688 0.275000 0.875000 0.268750 0.914062 0.262500 0.934375 0.243750 0.903125 0.235417 0.868750 0.243750 0.829688 0.254167 0.787500 0.262500 0.746875 0.262500 0.706250 0.264583 0.670312 0.270833
0 0.751563 0.295833 0.737500 0.295833 0.720313 0.295833 0.703125 0.297917 0.685937 0.302083 0.668750 0.304167 0.657813 0.308333 0.659375 0.327083 0.668750 0.339583 0.673438 0.354167 0.679688 0.368750 0.689063 0.372917 0.700000 0.370833 0.712500 0.366667 0.728125 0.360417 0.739062 0.356250 0.751563 0.350000 0.760938 0.341667 0.757812 0.325000 0.754687 0.304167
1 0.979688 0.333333 0.976562 0.333333 0.973437 0.333333 0.968750 0.333333 0.965625 0.333333 0.960938 0.333333 0.957812 0.335417 0.957812 0.339583 0.959375 0.343750 0.960938 0.347917 0.962500 0.350000 0.965625 0.352083 0.968750 0.356250 0.971875 0.356250 0.975000 0.356250 0.978125 0.356250 0.981250 0.356250 0.981250 0.352083 0.984375 0.352083 0.984375 0.347917 0.984375 0.341667 0.984375 0.337500
1 0.929688 0.339583 0.926562 0.339583 0.923438 0.339583 0.918750 0.341667 0.915625 0.343750 0.912500 0.345833 0.910937 0.347917 0.910937 0.352083 0.912500 0.356250 0.915625 0.358333 0.915625 0.360417 0.918750 0.362500 0.923438 0.362500 0.928125 0.362500 0.931250 0.360417 0.932813 0.360417 0.934375 0.356250 0.935937 0.352083 0.935937 0.347917 0.935937 0.343750 0.932813 0.339583
6 0.978125 0.327083 0.937500 0.331250 0.903125 0.347917 0.867188 0.352083 0.826562 0.354167 0.784375 0.364583 0.746875 0.375000 0.700000 0.379167 0.654687 0.391667 0.621875 0.406250 0.635938 0.420833 0.670312 0.410417 0.706250 0.404167 0.739062 0.393750 0.778125 0.387500 0.818750 0.387500 0.851562 0.379167 0.898438 0.368750 0.940625 0.362500 0.975000 0.352083 0.978125 0.327083
2 0.954688 0.335417 0.951562 0.335417 0.948438 0.335417 0.945312 0.333333 0.943750 0.331250 0.940625 0.331250 0.940625 0.335417 0.939063 0.335417 0.939063 0.339583 0.939063 0.343750 0.939063 0.347917 0.939063 0.347917 0.940625 0.350000 0.943750 0.350000 0.945312 0.350000 0.948438 0.350000 0.951562 0.350000 0.954688 0.350000 0.954688 0.347917 0.954688 0.343750 0.953125 0.339583 0.953125 0.335417 0.953125 0.333333
2 0.909375 0.347917 0.906250 0.347917 0.903125 0.347917 0.900000 0.347917 0.898438 0.347917 0.896875 0.352083 0.893750 0.352083 0.893750 0.356250 0.890625 0.356250 0.890625 0.360417 0.890625 0.364583 0.890625 0.366667 0.890625 0.368750 0.893750 0.370833 0.895312 0.368750 0.896875 0.368750 0.898438 0.368750 0.901563 0.368750 0.903125 0.368750 0.906250 0.366667 0.906250 0.364583 0.907813 0.362500 0.907813 0.358333 0.907813 0.356250 0.907813 0.352083 0.906250 0.347917
1 0.890625 0.347917 0.885938 0.347917 0.881250 0.350000 0.878125 0.352083 0.875000 0.352083 0.873437 0.354167 0.870313 0.356250 0.873437 0.360417 0.875000 0.362500 0.875000 0.366667 0.875000 0.370833 0.878125 0.372917 0.881250 0.372917 0.884375 0.372917 0.887500 0.372917 0.890625 0.368750 0.893750 0.368750 0.893750 0.364583 0.890625 0.360417 0.890625 0.356250
1 0.835938 0.358333 0.829688 0.360417 0.825000 0.360417 0.821875 0.362500 0.818750 0.364583 0.814063 0.364583 0.810937 0.366667 0.812500 0.368750 0.814063 0.377083 0.815625 0.379167 0.818750 0.379167 0.821875 0.381250 0.825000 0.381250 0.831250 0.381250 0.835938 0.381250 0.839063 0.379167 0.842187 0.377083 0.843750 0.375000 0.846875 0.375000 0.848437 0.370833 0.850000 0.368750 0.848437 0.364583 0.845313 0.360417 0.843750 0.358333 0.842187 0.356250
2 0.875000 0.354167 0.870313 0.354167 0.867188 0.354167 0.864062 0.354167 0.860938 0.354167 0.859375 0.354167 0.856250 0.354167 0.854688 0.354167 0.851562 0.354167 0.851562 0.356250 0.851562 0.364583 0.851562 0.368750 0.853125 0.372917 0.854688 0.375000 0.856250 0.375000 0.859375 0.375000 0.860938 0.372917 0.864062 0.372917 0.865625 0.372917 0.868750 0.372917 0.871875 0.372917 0.873437 0.370833 0.873437 0.366667 0.873437 0.364583 0.871875 0.360417
2 0.809375 0.364583 0.806250 0.364583 0.801562 0.364583 0.796875 0.364583 0.792188 0.364583 0.787500 0.364583 0.784375 0.364583 0.784375 0.368750 0.785937 0.375000 0.787500 0.377083 0.789062 0.379167 0.790625 0.381250 0.793750 0.383333 0.796875 0.387500 0.801562 0.387500 0.804688 0.387500 0.807813 0.387500 0.810937 0.387500 0.814063 0.385417 0.814063 0.381250 0.814063 0.375000 0.814063 0.370833 0.812500 0.368750
1 0.782813 0.368750 0.776563 0.368750 0.770312 0.368750 0.767188 0.368750 0.760938 0.370833 0.754687 0.372917 0.751563 0.372917 0.746875 0.375000 0.745313 0.377083 0.745313 0.383333 0.746875 0.387500 0.751563 0.387500 0.754687 0.387500 0.764062 0.387500 0.773438 0.387500 0.784375 0.387500 0.793750 0.387500 0.798438 0.387500 0.798438 0.387500 0.790625 0.381250 0.787500 0.379167 0.784375 0.372917 0.781250 0.368750
1 0.709375 0.375000 0.704688 0.377083 0.701562 0.379167 0.696875 0.381250 0.693750 0.383333 0.690625 0.383333 0.687500 0.387500 0.687500 0.387500 0.689063 0.391667 0.690625 0.400000 0.692187 0.404167 0.695312 0.408333 0.696875 0.412500 0.701562 0.410417 0.704688 0.408333 0.709375 0.404167 0.714063 0.402083 0.718750 0.400000 0.721875 0.397917 0.720313 0.391667 0.717187 0.387500 0.715625 0.381250 0.712500 0.375000
2 0.742188 0.375000 0.739062 0.375000 0.735938 0.375000 0.731250 0.375000 0.729688 0.375000 0.725000 0.379167 0.723437 0.379167 0.721875 0.381250 0.718750 0.383333 0.720313 0.385417 0.721875 0.387500 0.723437 0.391667 0.725000 0.391667 0.728125 0.395833 0.731250 0.395833 0.734375 0.393750 0.737500 0.391667 0.739062 0.391667 0.742188 0.387500 0.742188 0.385417 0.740625 0.381250 0.739062 0.377083
2 0.682813 0.391667 0.676562 0.391667 0.673438 0.391667 0.667188 0.391667 0.664062 0.391667 0.657813 0.391667 0.654687 0.391667 0.650000 0.391667 0.648438 0.395833 0.650000 0.400000 0.650000 0.404167 0.650000 0.408333 0.653125 0.412500 0.657813 0.412500 0.660937 0.412500 0.665625 0.412500 0.670312 0.412500 0.675000 0.412500 0.679688 0.408333 0.682813 0.408333 0.687500 0.406250 0.687500 0.402083 0.684375 0.397917 0.682813 0.391667
4 0.742188 0.029167 0.745313 0.035417 0.746875 0.041667 0.748437 0.045833 0.751563 0.050000 0.754687 0.050000 0.760938 0.050000 0.767188 0.050000 0.775000 0.047917 0.781250 0.047917 0.782813 0.043750 0.782813 0.037500 0.782813 0.031250 0.781250 0.025000 0.778125 0.020833 0.773438 0.020833 0.767188 0.020833 0.764062 0.020833 0.757812 0.020833 0.753125 0.020833 0.748437 0.020833 0.745313 0.025000 0.742188 0.027083
6 0.884375 0.179167 0.851562 0.179167 0.818750 0.179167 0.787500 0.183333 0.750000 0.187500 0.718750 0.193750 0.678125 0.197917 0.646875 0.204167 0.603125 0.206250 0.564063 0.218750 0.554688 0.235417 0.585938 0.227083 0.621875 0.218750 0.657813 0.214583 0.687500 0.214583 0.721875 0.206250 0.757812 0.202083 0.796875 0.202083 0.839063 0.202083 0.878125 0.197917 0.887500 0.179167
1 0.881250 0.179167 0.878125 0.179167 0.875000 0.179167 0.871875 0.179167 0.868750 0.179167 0.867188 0.179167 0.867188 0.183333 0.867188 0.189583 0.868750 0.191667 0.870313 0.191667 0.873437 0.191667 0.876563 0.191667 0.878125 0.191667 0.881250 0.193750 0.882812 0.193750 0.885938 0.193750 0.887500 0.191667 0.887500 0.189583 0.887500 0.183333 0.887500 0.181250 0.885938 0.179167
1 0.839063 0.183333 0.835938 0.183333 0.831250 0.183333 0.829688 0.183333 0.828125 0.183333 0.826562 0.183333 0.825000 0.183333 0.823438 0.187500 0.823438 0.189583 0.825000 0.189583 0.825000 0.191667 0.826562 0.193750 0.826562 0.193750 0.828125 0.195833 0.829688 0.195833 0.831250 0.195833 0.832812 0.195833 0.835938 0.195833 0.835938 0.195833 0.839063 0.195833 0.839063 0.195833 0.842187 0.195833 0.843750 0.195833 0.843750 0.193750 0.843750 0.189583 0.843750 0.189583
1 0.793750 0.189583 0.787500 0.187500 0.784375 0.187500 0.781250 0.185417 0.776563 0.185417 0.773438 0.185417 0.770312 0.185417 0.767188 0.187500 0.764062 0.189583 0.764062 0.189583 0.767188 0.193750 0.767188 0.195833 0.768750 0.197917 0.771875 0.202083 0.773438 0.202083 0.776563 0.204167 0.779687 0.206250 0.782813 0.206250 0.787500 0.206250 0.792188 0.206250 0.795312 0.206250 0.796875 0.202083 0.796875 0.197917 0.793750 0.189583 0.790625 0.185417
2 0.860938 0.183333 0.857812 0.183333 0.854688 0.183333 0.851562 0.181250 0.848437 0.181250 0.845313 0.181250 0.843750 0.183333 0.843750 0.187500 0.843750 0.191667 0.843750 0.195833 0.845313 0.195833 0.848437 0.197917 0.850000 0.197917 0.854688 0.197917 0.857812 0.197917 0.860938 0.197917 0.864062 0.197917 0.864062 0.195833 0.864062 0.191667 0.864062 0.185417 0.862500 0.183333 0.860938 0.179167
2 0.815625 0.181250 0.810937 0.181250 0.809375 0.181250 0.806250 0.181250 0.803125 0.181250 0.800000 0.181250 0.796875 0.181250 0.796875 0.183333 0.796875 0.187500 0.796875 0.193750 0.796875 0.197917 0.796875 0.202083 0.800000 0.202083 0.801562 0.202083 0.806250 0.200000 0.809375 0.200000 0.812500 0.197917 0.815625 0.197917 0.818750 0.197917 0.820312 0.197917 0.820312 0.195833 0.820312 0.189583 0.818750 0.185417 0.818750 0.183333 0.818750 0.179167 0.817187 0.179167
2 0.760938 0.189583 0.759375 0.189583 0.754687 0.189583 0.753125 0.189583 0.751563 0.189583 0.748437 0.191667 0.746875 0.191667 0.743750 0.191667 0.742188 0.193750 0.740625 0.193750 0.739062 0.197917 0.740625 0.197917 0.742188 0.200000 0.745313 0.202083 0.746875 0.202083 0.750000 0.202083 0.751563 0.202083 0.754687 0.202083 0.757812 0.202083 0.759375 0.202083 0.760938 0.200000 0.764062 0.197917 0.764062 0.193750 0.764062 0.189583
2 0.712500 0.200000 0.709375 0.197917 0.704688 0.197917 0.701562 0.197917 0.698438 0.197917 0.695312 0.197917 0.690625 0.202083 0.687500 0.202083 0.682813 0.202083 0.684375 0.202083 0.687500 0.206250 0.687500 0.208333 0.692187 0.208333 0.695312 0.208333 0.700000 0.208333 0.703125 0.208333 0.706250 0.208333 0.709375 0.206250 0.712500 0.206250 0.712500 0.202083 0.712500 0.197917
1 0.739062 0.193750 0.735938 0.193750 0.732812 0.193750 0.729688 0.193750 0.728125 0.193750 0.725000 0.193750 0.721875 0.193750 0.720313 0.193750 0.718750 0.193750 0.717187 0.195833 0.718750 0.200000 0.720313 0.202083 0.721875 0.206250 0.723437 0.206250 0.726562 0.204167 0.729688 0.202083 0.731250 0.202083 0.734375 0.202083 0.737500 0.202083 0.739062 0.202083 0.740625 0.202083 0.742188 0.197917 0.740625 0.197917
1 0.682813 0.197917 0.678125 0.197917 0.673438 0.197917 0.670312 0.197917 0.667188 0.197917 0.662500 0.197917 0.659375 0.200000 0.657813 0.202083 0.657813 0.204167 0.657813 0.208333 0.660937 0.210417 0.662500 0.212500 0.665625 0.212500 0.670312 0.212500 0.673438 0.212500 0.676562 0.212500 0.679688 0.212500 0.682813 0.212500 0.685937 0.210417 0.685937 0.206250 0.685937 0.202083 0.684375 0.197917
2 0.654687 0.206250 0.650000 0.206250 0.648438 0.206250 0.645312 0.206250 0.642188 0.206250 0.640625 0.206250 0.637500 0.206250 0.634375 0.206250 0.632812 0.206250 0.631250 0.206250 0.628125 0.208333 0.626563 0.210417 0.625000 0.210417 0.628125 0.214583 0.631250 0.216667 0.634375 0.218750 0.637500 0.218750 0.637500 0.218750 0.642188 0.218750 0.643750 0.216667 0.645312 0.216667 0.648438 0.214583 0.651563 0.214583 0.651563 0.212500 0.654687 0.212500 0.654687 0.210417
2 0.589063 0.212500 0.582812 0.212500 0.579688 0.212500 0.575000 0.212500 0.570312 0.212500 0.568750 0.214583 0.565625 0.216667 0.562500 0.218750 0.560937 0.218750 0.557813 0.220833 0.556250 0.222917 0.557813 0.227083 0.560937 0.233333 0.560937 0.235417 0.564063 0.235417 0.568750 0.233333 0.571875 0.231250 0.573438 0.229167 0.578125 0.227083 0.582812 0.227083 0.585938 0.227083 0.589063 0.227083 0.593750 0.225000 0.595313 0.222917 0.595313 0.220833
1 0.618750 0.206250 0.614062 0.206250 0.610938 0.206250 0.604688 0.206250 0.601562 0.206250 0.600000 0.210417 0.595313 0.212500 0.593750 0.212500 0.590625 0.216667 0.590625 0.218750 0.592187 0.222917 0.595313 0.222917 0.600000 0.222917 0.603125 0.222917 0.606250 0.222917 0.612500 0.222917 0.615625 0.222917 0.620313 0.222917 0.621875 0.222917 0.625000 0.222917 0.626563 0.218750 0.625000 0.214583 0.621875 0.210417 0.620313 0.206250
3 0.548438 0.239583 0.553125 0.225000 0.557813 0.212500 0.557813 0.197917 0.559375 0.183333 0.560937 0.170833 0.560937 0.152083 0.554688 0.145833 0.543750 0.145833 0.537500 0.154167 0.531250 0.164583 0.528125 0.179167 0.525000 0.191667 0.525000 0.206250 0.523438 0.220833 0.523438 0.235417 0.525000 0.250000 0.531250 0.260417 0.542188 0.260417 0.548438 0.252083 0.548438 0.237500
6 0.454688 0.039583 0.440625 0.054167 0.448437 0.077083 0.460938 0.100000 0.470313 0.118750 0.476562 0.145833 0.487500 0.166667 0.500000 0.195833 0.509375 0.222917 0.525000 0.233333 0.526563 0.210417 0.515625 0.189583 0.507812 0.166667 0.498437 0.145833 0.487500 0.127083 0.479687 0.106250 0.468750 0.079167 0.457813 0.058333 0.446875 0.033333 0.434375 0.037500 0.440625 0.058333
1 0.443750 0.052083 0.445312 0.052083 0.446875 0.052083 0.450000 0.052083 0.451562 0.052083 0.453125 0.052083 0.453125 0.050000 0.453125 0.047917 0.453125 0.045833 0.451562 0.043750 0.451562 0.041667 0.450000 0.041667 0.450000 0.039583 0.448437 0.037500 0.446875 0.037500 0.446875 0.037500 0.443750 0.037500 0.443750 0.037500 0.443750 0.039583 0.442188 0.041667 0.442188 0.043750 0.442188 0.045833 0.443750 0.045833 0.443750 0.050000 0.443750 0.050000 0.445312 0.052083 0.446875 0.054167
1 0.464062 0.072917 0.457813 0.077083 0.454688 0.077083 0.451562 0.077083 0.450000 0.079167 0.451562 0.083333 0.454688 0.085417 0.456250 0.087500 0.456250 0.089583 0.457813 0.091667 0.457813 0.093750 0.460938 0.093750 0.462500 0.093750 0.465625 0.093750 0.468750 0.093750 0.470313 0.093750 0.470313 0.089583 0.468750 0.085417 0.467187 0.081250 0.467187 0.077083 0.465625 0.072917
1 0.482812 0.112500 0.479687 0.114583 0.476562 0.114583 0.473438 0.116667 0.473438 0.118750 0.473438 0.127083 0.475000 0.133333 0.475000 0.137500 0.476562 0.141667 0.476562 0.143750 0.479687 0.145833 0.482812 0.145833 0.485938 0.143750 0.489063 0.143750 0.492188 0.141667 0.492188 0.139583 0.489063 0.133333 0.487500 0.129167 0.485938 0.122917 0.482812 0.118750 0.482812 0.114583
1 0.509375 0.170833 0.506250 0.170833 0.504687 0.170833 0.503125 0.172917 0.503125 0.172917 0.500000 0.172917 0.498437 0.175000 0.498437 0.175000 0.496875 0.177083 0.496875 0.179167 0.496875 0.181250 0.498437 0.183333 0.498437 0.187500 0.498437 0.189583 0.500000 0.189583 0.500000 0.191667 0.503125 0.191667 0.503125 0.191667 0.506250 0.191667 0.506250 0.191667 0.509375 0.191667 0.510938 0.191667 0.510938 0.189583 0.509375 0.183333 0.509375 0.181250 0.509375 0.179167 0.507812 0.175000 0.506250 0.172917 0.506250 0.172917
2 0.514062 0.193750 0.509375 0.193750 0.506250 0.193750 0.503125 0.193750 0.503125 0.195833 0.503125 0.202083 0.504687 0.206250 0.506250 0.210417 0.506250 0.212500 0.509375 0.214583 0.512500 0.214583 0.512500 0.218750 0.515625 0.218750 0.517188 0.218750 0.518750 0.220833 0.521875 0.218750 0.521875 0.216667 0.521875 0.212500 0.518750 0.206250 0.518750 0.202083 0.517188 0.197917 0.515625 0.193750 0.514062 0.191667
2 0.493750 0.145833 0.492188 0.145833 0.489063 0.145833 0.487500 0.147917 0.487500 0.150000 0.487500 0.154167 0.487500 0.158333 0.489063 0.160417 0.489063 0.162500 0.492188 0.164583 0.493750 0.166667 0.493750 0.168750 0.496875 0.168750 0.498437 0.166667 0.500000 0.166667 0.501563 0.164583 0.501563 0.162500 0.500000 0.156250 0.498437 0.150000 0.495312 0.147917 0.495312 0.143750
2 0.473438 0.093750 0.470313 0.093750 0.467187 0.093750 0.465625 0.093750 0.464062 0.095833 0.464062 0.097917 0.460938 0.097917 0.460938 0.097917 0.460938 0.097917 0.460938 0.100000 0.460938 0.100000 0.464062 0.102083 0.464062 0.102083 0.464062 0.106250 0.467187 0.106250 0.468750 0.106250 0.470313 0.108333 0.471875 0.108333 0.473438 0.108333 0.475000 0.108333 0.475000 0.106250 0.475000 0.102083 0.473438 0.100000 0.473438 0.097917 0.473438 0.093750 0.473438 0.093750
2 0.454688 0.054167 0.448437 0.054167 0.446875 0.054167 0.443750 0.054167 0.443750 0.058333 0.445312 0.060417 0.446875 0.062500 0.446875 0.064583 0.448437 0.068750 0.450000 0.068750 0.451562 0.072917 0.454688 0.072917 0.457813 0.072917 0.460938 0.072917 0.460938 0.070833 0.460938 0.066667 0.460938 0.064583 0.457813 0.060417 0.457813 0.058333 0.456250 0.056250 0.454688 0.054167 0.453125 0.054167
3 0.431250 0.193750 0.432812 0.175000 0.432812 0.160417 0.432812 0.145833 0.432812 0.127083 0.432812 0.106250 0.431250 0.091667 0.421875 0.085417 0.410938 0.083333 0.401562 0.089583 0.398438 0.095833 0.400000 0.114583 0.401562 0.131250 0.401562 0.145833 0.401562 0.158333 0.401562 0.175000 0.403125 0.189583 0.406250 0.206250 0.409375 0.212500 0.421875 0.214583 0.428125 0.206250 0.429688 0.195833
6 0.367188 0.050000 0.356250 0.033333 0.346875 0.043750 0.351562 0.064583 0.354687 0.085417 0.360938 0.108333 0.367188 0.133333 0.375000 0.156250 0.384375 0.183333 0.390625 0.208333 0.398438 0.229167 0.409375 0.225000 0.409375 0.200000 0.404687 0.179167 0.398438 0.154167 0.392188 0.127083 0.385937 0.100000 0.379688 0.077083 0.370312 0.056250 0.365625 0.037500 0.353125 0.029167
1 0.351562 0.064583 0.356250 0.064583 0.359375 0.064583 0.362500 0.064583 0.364063 0.062500 0.364063 0.060417 0.367188 0.058333 0.367188 0.054167 0.365625 0.052083 0.364063 0.050000 0.364063 0.047917 0.362500 0.045833 0.359375 0.039583 0.356250 0.037500 0.356250 0.033333 0.353125 0.037500 0.353125 0.039583 0.351562 0.043750 0.350000 0.047917 0.350000 0.050000 0.350000 0.050000 0.351562 0.054167 0.353125 0.058333 0.353125 0.062500 0.354687 0.064583
1 0.373437 0.077083 0.370312 0.081250 0.368750 0.083333 0.364063 0.085417 0.360938 0.085417 0.357812 0.085417 0.359375 0.089583 0.362500 0.093750 0.364063 0.097917 0.364063 0.102083 0.364063 0.106250 0.367188 0.108333 0.370312 0.108333 0.373437 0.108333 0.376563 0.108333 0.376563 0.106250 0.376563 0.100000 0.376563 0.093750 0.375000 0.089583 0.373437 0.085417 0.371875 0.081250
1 0.390625 0.133333 0.385937 0.133333 0.384375 0.133333 0.379688 0.133333 0.378125 0.133333 0.376563 0.133333 0.376563 0.137500 0.376563 0.141667 0.379688 0.145833 0.379688 0.150000 0.379688 0.152083 0.379688 0.156250 0.382812 0.156250 0.384375 0.156250 0.387500 0.156250 0.389062 0.156250 0.392188 0.156250 0.392188 0.152083 0.392188 0.147917 0.390625 0.143750 0.390625 0.139583 0.390625 0.135417
1 0.406250 0.179167 0.400000 0.179167 0.396875 0.179167 0.395313 0.179167 0.392188 0.183333 0.392188 0.183333 0.392188 0.189583 0.392188 0.193750 0.392188 0.195833 0.392188 0.197917 0.392188 0.202083 0.393750 0.206250 0.396875 0.206250 0.401562 0.206250 0.404687 0.206250 0.406250 0.206250 0.409375 0.204167 0.409375 0.202083 0.409375 0.193750 0.407813 0.187500 0.406250 0.183333 0.406250 0.179167
2 0.409375 0.208333 0.403125 0.208333 0.401562 0.208333 0.398438 0.210417 0.398438 0.214583 0.398438 0.218750 0.400000 0.220833 0.401562 0.222917 0.401562 0.227083 0.404687 0.227083 0.404687 0.231250 0.406250 0.231250 0.406250 0.235417 0.407813 0.239583 0.409375 0.239583 0.409375 0.239583 0.410938 0.235417 0.412500 0.235417 0.412500 0.231250 0.412500 0.227083 0.410938 0.222917 0.409375 0.218750 0.409375 0.214583 0.409375 0.210417
2 0.395313 0.158333 0.390625 0.158333 0.389062 0.158333 0.384375 0.158333 0.382812 0.158333 0.379688 0.160417 0.379688 0.166667 0.379688 0.170833 0.381250 0.172917 0.382812 0.177083 0.385937 0.179167 0.387500 0.179167 0.390625 0.179167 0.393750 0.179167 0.396875 0.179167 0.398438 0.179167 0.398438 0.177083 0.396875 0.172917 0.395313 0.166667 0.395313 0.166667
2 0.381250 0.106250 0.378125 0.106250 0.376563 0.106250 0.373437 0.106250 0.370312 0.106250 0.370312 0.110417 0.370312 0.114583 0.370312 0.118750 0.371875 0.118750 0.373437 0.122917 0.373437 0.125000 0.375000 0.127083 0.376563 0.129167 0.378125 0.129167 0.379688 0.129167 0.382812 0.127083 0.384375 0.125000 0.384375 0.120833 0.382812 0.114583 0.382812 0.110417 0.381250 0.108333
2 0.367188 0.058333 0.364063 0.058333 0.360938 0.060417 0.356250 0.062500 0.354687 0.062500 0.353125 0.062500 0.354687 0.066667 0.354687 0.068750 0.354687 0.070833 0.354687 0.072917 0.354687 0.075000 0.354687 0.077083 0.356250 0.077083 0.359375 0.077083 0.362500 0.077083 0.364063 0.077083 0.367188 0.077083 0.367188 0.077083 0.370312 0.077083 0.371875 0.077083 0.373437 0.077083 0.373437 0.075000 0.373437 0.072917 0.371875 0.066667 0.370312 0.060417 0.368750 0.058333 0.367188 0.054167 0.367188 0.054167 0.367188 0.052083 0.367188 0.050000
0 0.371875 0.150000 0.364063 0.150000 0.353125 0.150000 0.345313 0.150000 0.337500 0.150000 0.331250 0.150000 0.331250 0.160417 0.331250 0.172917 0.334375 0.179167 0.337500 0.187500 0.340625 0.193750 0.343750 0.202083 0.346875 0.208333 0.346875 0.216667 0.351562 0.210417 0.354687 0.202083 0.357812 0.193750 0.359375 0.185417 0.362500 0.179167 0.367188 0.177083 0.370312 0.170833 0.371875 0.162500 0.371875 0.152083
3 0.360938 0.310417 0.370312 0.308333 0.376563 0.302083 0.376563 0.285417 0.371875 0.266667 0.370312 0.254167 0.379688 0.239583 0.379688 0.225000 0.379688 0.206250 0.379688 0.189583 0.375000 0.181250 0.364063 0.179167 0.354687 0.179167 0.354687 0.189583 0.353125 0.202083 0.351562 0.218750 0.350000 0.235417 0.350000 0.258333 0.350000 0.275000 0.350000 0.291667 0.353125 0.304167 0.360938 0.314583
6 0.287500 0.054167 0.275000 0.056250 0.267188 0.066667 0.270313 0.089583 0.275000 0.102083 0.279687 0.116667 0.282813 0.139583 0.285938 0.156250 0.287500 0.175000 0.292187 0.189583 0.301563 0.193750 0.312500 0.185417 0.309375 0.166667 0.306250 0.150000 0.303125 0.133333 0.300000 0.112500 0.296875 0.093750 0.293750 0.077083 0.289062 0.060417 0.284375 0.045833 0.275000 0.043750
1 0.282813 0.056250 0.281250 0.056250 0.279687 0.058333 0.276562 0.060417 0.275000 0.064583 0.275000 0.070833 0.275000 0.072917 0.275000 0.077083 0.275000 0.081250 0.275000 0.085417 0.276562 0.085417 0.279687 0.085417 0.282813 0.085417 0.285938 0.085417 0.287500 0.083333 0.287500 0.081250 0.287500 0.077083 0.285938 0.068750 0.285938 0.064583 0.284375 0.060417 0.282813 0.056250 0.282813 0.054167
1 0.292187 0.110417 0.289062 0.110417 0.285938 0.110417 0.282813 0.110417 0.281250 0.110417 0.279687 0.112500 0.281250 0.118750 0.282813 0.125000 0.282813 0.129167 0.282813 0.129167 0.284375 0.133333 0.285938 0.137500 0.287500 0.139583 0.289062 0.139583 0.292187 0.137500 0.292187 0.137500 0.295312 0.133333 0.295312 0.133333 0.295312 0.129167 0.295312 0.125000 0.295312 0.120833 0.295312 0.116667 0.293750 0.114583
1 0.301563 0.158333 0.298438 0.158333 0.295312 0.158333 0.292187 0.158333 0.292187 0.162500 0.293750 0.166667 0.295312 0.172917 0.295312 0.179167 0.298438 0.183333 0.298438 0.185417 0.300000 0.189583 0.304688 0.189583 0.307812 0.189583 0.307812 0.187500 0.309375 0.183333 0.307812 0.172917 0.307812 0.162500 0.306250 0.156250 0.304688 0.154167 0.304688 0.150000
2 0.290625 0.083333 0.289062 0.083333 0.285938 0.083333 0.282813 0.085417 0.281250 0.085417 0.279687 0.085417 0.276562 0.085417 0.276562 0.085417 0.276562 0.089583 0.276562 0.093750 0.276562 0.093750 0.278125 0.097917 0.279687 0.102083 0.279687 0.106250 0.279687 0.106250 0.281250 0.106250 0.282813 0.106250 0.285938 0.106250 0.289062 0.106250 0.290625 0.106250 0.292187 0.106250 0.293750 0.106250 0.293750 0.106250 0.293750 0.102083 0.292187 0.097917 0.292187 0.093750 0.292187 0.089583 0.290625 0.089583 0.290625 0.087500
2 0.300000 0.137500 0.298438 0.137500 0.295312 0.137500 0.292187 0.137500 0.290625 0.137500 0.289062 0.137500 0.289062 0.141667 0.289062 0.145833 0.289062 0.147917 0.289062 0.150000 0.289062 0.152083 0.289062 0.154167 0.292187 0.154167 0.292187 0.154167 0.295312 0.154167 0.296875 0.154167 0.298438 0.154167 0.300000 0.154167 0.300000 0.147917 0.300000 0.143750 0.300000 0.135417 0.300000 0.131250 0.300000 0.129167
2 0.325000 0.252083 0.325000 0.252083 0.321875 0.252083 0.321875 0.252083 0.318750 0.252083 0.318750 0.252083 0.317188 0.254167 0.315625 0.254167 0.315625 0.258333 0.317188 0.262500 0.318750 0.266667 0.318750 0.268750 0.320312 0.268750 0.320312 0.270833 0.321875 0.272917 0.323437 0.272917 0.325000 0.272917 0.326562 0.272917 0.328125 0.272917 0.328125 0.270833 0.326562 0.266667 0.325000 0.260417 0.325000 0.258333 0.325000 0.252083 0.325000 0.250000
6 0.325000 0.245833 0.318750 0.247917 0.315625 0.250000 0.312500 0.252083 0.307812 0.254167 0.307812 0.256250 0.309375 0.260417 0.312500 0.264583 0.312500 0.266667 0.314063 0.268750 0.315625 0.268750 0.318750 0.270833 0.320312 0.272917 0.323437 0.272917 0.325000 0.275000 0.328125 0.275000 0.331250 0.277083 0.334375 0.277083 0.334375 0.275000 0.334375 0.270833 0.334375 0.264583 0.334375 0.262500 0.331250 0.258333 0.329688 0.256250 0.328125 0.254167 0.326562 0.252083
7 0.318750 0.183333 0.312500 0.183333 0.303125 0.189583 0.295312 0.193750 0.293750 0.195833 0.295312 0.202083 0.300000 0.214583 0.304688 0.229167 0.304688 0.235417 0.304688 0.241667 0.307812 0.250000 0.312500 0.250000 0.318750 0.250000 0.325000 0.250000 0.329688 0.247917 0.331250 0.243750 0.331250 0.239583 0.331250 0.229167 0.329688 0.222917 0.328125 0.214583 0.325000 0.208333 0.321875 0.200000 0.321875 0.193750 0.318750 0.183333
7 0.304688 0.225000 0.295312 0.227083 0.282813 0.229167 0.276562 0.229167 0.264062 0.231250 0.253125 0.233333 0.246875 0.239583 0.246875 0.247917 0.248438 0.260417 0.250000 0.270833 0.254688 0.279167 0.260937 0.281250 0.268750 0.281250 0.276562 0.281250 0.287500 0.279167 0.295312 0.275000 0.301563 0.270833 0.306250 0.266667 0.307812 0.254167 0.307812 0.241667 0.304688 0.225000
6 0.360938 0.456250 0.342187 0.458333 0.326562 0.462500 0.307812 0.464583 0.295312 0.468750 0.287500 0.470833 0.278125 0.472917 0.270313 0.475000 0.262500 0.477083 0.259375 0.483333 0.259375 0.493750 0.267188 0.497917 0.276562 0.497917 0.287500 0.495833 0.300000 0.493750 0.317188 0.491667 0.325000 0.489583 0.334375 0.481250 0.348438 0.477083 0.354687 0.470833 0.360938 0.468750 0.364063 0.464583 0.364063 0.456250
1 0.357812 0.458333 0.354687 0.458333 0.350000 0.458333 0.345313 0.458333 0.340625 0.458333 0.335938 0.460417 0.331250 0.460417 0.328125 0.460417 0.325000 0.464583 0.321875 0.464583 0.321875 0.472917 0.321875 0.477083 0.321875 0.481250 0.325000 0.481250 0.329688 0.481250 0.334375 0.481250 0.342187 0.479167 0.356250 0.470833 0.359375 0.468750 0.360938 0.466667 0.362500 0.464583 0.360938 0.460417
1 0.279687 0.477083 0.276562 0.477083 0.267188 0.477083 0.262500 0.477083 0.260937 0.477083 0.257812 0.477083 0.257812 0.479167 0.257812 0.481250 0.259375 0.487500 0.259375 0.489583 0.260937 0.493750 0.262500 0.493750 0.264062 0.493750 0.265625 0.495833 0.267188 0.500000 0.268750 0.500000 0.270313 0.500000 0.271875 0.500000 0.273438 0.497917 0.275000 0.495833 0.275000 0.493750 0.275000 0.493750 0.276562 0.489583 0.276562 0.481250 0.276562 0.477083 0.276562 0.477083
2 0.318750 0.464583 0.303125 0.468750 0.298438 0.470833 0.293750 0.472917 0.290625 0.472917 0.287500 0.472917 0.284375 0.475000 0.282813 0.475000 0.281250 0.477083 0.279687 0.485417 0.279687 0.491667 0.279687 0.493750 0.282813 0.497917 0.287500 0.497917 0.295312 0.493750 0.304688 0.489583 0.307812 0.489583 0.310937 0.489583 0.312500 0.487500 0.317188 0.487500 0.318750 0.485417 0.321875 0.485417 0.321875 0.481250 0.321875 0.470833 0.320312 0.464583 0.320312 0.460417
7 0.396875 0.439583 0.370312 0.447917 0.362500 0.447917 0.359375 0.452083 0.360938 0.464583 0.360938 0.479167 0.364063 0.489583 0.364063 0.500000 0.367188 0.508333 0.367188 0.516667 0.371875 0.520833 0.379688 0.520833 0.389062 0.520833 0.395313 0.518750 0.396875 0.514583 0.398438 0.508333 0.400000 0.497917 0.400000 0.491667 0.396875 0.477083 0.395313 0.470833 0.395313 0.460417 0.393750 0.454167 0.393750 0.445833 0.392188 0.447917
6 0.387500 0.520833 0.371875 0.535417 0.382812 0.572917 0.390625 0.608333 0.396875 0.652083 0.404687 0.695833 0.418750 0.739583 0.425000 0.768750 0.434375 0.800000 0.442188 0.839583 0.453125 0.875000 0.460938 0.912500 0.481250 0.920833 0.485938 0.895833 0.473438 0.847917 0.459375 0.791667 0.446875 0.737500 0.435937 0.687500 0.418750 0.637500 0.406250 0.583333 0.392188 0.529167
6 0.490625 0.460417 0.470313 0.481250 0.489063 0.525000 0.503125 0.568750 0.515625 0.614583 0.528125 0.635417 0.540625 0.683333 0.554688 0.729167 0.570312 0.791667 0.585938 0.845833 0.603125 0.893750 0.625000 0.904167 0.626563 0.881250 0.615625 0.831250 0.590625 0.766667 0.576562 0.710417 0.560937 0.662500 0.540625 0.602083 0.521875 0.556250 0.506250 0.506250 0.490625 0.464583
1 0.596875 0.783333 0.587500 0.785417 0.584375 0.787500 0.579688 0.787500 0.581250 0.795833 0.582812 0.804167 0.585938 0.814583 0.587500 0.827083 0.589063 0.835417 0.590625 0.841667 0.593750 0.843750 0.596875 0.847917 0.606250 0.845833 0.609375 0.845833 0.614062 0.843750 0.614062 0.837500 0.612500 0.822917 0.606250 0.808333 0.601562 0.789583 0.598437 0.781250 0.596875 0.775000
1 0.559375 0.662500 0.554688 0.662500 0.546875 0.666667 0.543750 0.668750 0.545312 0.675000 0.548438 0.681250 0.550000 0.689583 0.553125 0.695833 0.554688 0.706250 0.557813 0.716667 0.557813 0.722917 0.557813 0.729167 0.562500 0.729167 0.567187 0.729167 0.570312 0.729167 0.573438 0.727083 0.576562 0.722917 0.576562 0.712500 0.573438 0.702083 0.571875 0.693750 0.568750 0.683333 0.565625 0.675000 0.562500 0.666667 0.560937 0.662500
1 0.523438 0.564583 0.518750 0.566667 0.515625 0.566667 0.512500 0.568750 0.509375 0.570833 0.509375 0.575000 0.510938 0.581250 0.510938 0.585417 0.512500 0.593750 0.514062 0.600000 0.515625 0.608333 0.515625 0.614583 0.518750 0.618750 0.520312 0.620833 0.523438 0.620833 0.531250 0.618750 0.534375 0.618750 0.535937 0.616667 0.537500 0.614583 0.537500 0.608333 0.534375 0.597917 0.528125 0.581250 0.525000 0.570833 0.523438 0.564583
1 0.492188 0.464583 0.485938 0.464583 0.479687 0.464583 0.476562 0.464583 0.476562 0.468750 0.479687 0.481250 0.481250 0.489583 0.482812 0.495833 0.485938 0.506250 0.485938 0.514583 0.485938 0.518750 0.489063 0.525000 0.492188 0.525000 0.495312 0.522917 0.503125 0.518750 0.506250 0.516667 0.504687 0.508333 0.501563 0.497917 0.495312 0.481250 0.493750 0.468750 0.492188 0.460417
2 0.612500 0.841667 0.606250 0.843750 0.600000 0.847917 0.595313 0.847917 0.593750 0.852083 0.595313 0.860417 0.596875 0.872917 0.600000 0.879167 0.603125 0.885417 0.604688 0.891667 0.607812 0.891667 0.612500 0.891667 0.618750 0.891667 0.621875 0.891667 0.623437 0.887500 0.625000 0.879167 0.621875 0.868750 0.618750 0.860417 0.615625 0.854167 0.612500 0.850000
2 0.575000 0.727083 0.570312 0.731250 0.564063 0.733333 0.560937 0.735417 0.557813 0.735417 0.556250 0.739583 0.557813 0.747917 0.560937 0.752083 0.564063 0.760417 0.565625 0.762500 0.567187 0.768750 0.570312 0.770833 0.571875 0.775000 0.573438 0.779167 0.579688 0.779167 0.592187 0.779167 0.595313 0.779167 0.596875 0.775000 0.592187 0.762500 0.587500 0.754167 0.582812 0.745833 0.578125 0.739583 0.575000 0.731250
2 0.540625 0.614583 0.539062 0.616667 0.534375 0.618750 0.531250 0.620833 0.528125 0.622917 0.528125 0.627083 0.531250 0.633333 0.531250 0.639583 0.535937 0.650000 0.539062 0.654167 0.540625 0.654167 0.543750 0.654167 0.548438 0.654167 0.550000 0.652083 0.553125 0.650000 0.551562 0.645833 0.550000 0.639583 0.548438 0.633333 0.543750 0.612500 0.540625 0.602083
2 0.504687 0.518750 0.495312 0.522917 0.489063 0.527083 0.485938 0.529167 0.487500 0.529167 0.490625 0.533333 0.493750 0.533333 0.495312 0.537500 0.498437 0.539583 0.500000 0.543750 0.503125 0.550000 0.503125 0.556250 0.504687 0.558333 0.506250 0.560417 0.507812 0.560417 0.510938 0.560417 0.515625 0.558333 0.518750 0.558333 0.518750 0.554167 0.518750 0.547917 0.517188 0.539583 0.515625 0.533333 0.512500 0.529167 0.509375 0.525000 0.509375 0.520833 0.509375 0.520833
0 0.453125 0.468750 0.421875 0.479167 0.403125 0.483333 0.398438 0.487500 0.401562 0.506250 0.406250 0.516667 0.415625 0.550000 0.421875 0.568750 0.429688 0.593750 0.434375 0.602083 0.451562 0.606250 0.464062 0.606250 0.476562 0.600000 0.485938 0.593750 0.492188 0.589583 0.492188 0.566667 0.484375 0.545833 0.479687 0.531250 0.475000 0.518750 0.470313 0.500000 0.462500 0.481250 0.454688 0.466667
0 0.495312 0.602083 0.465625 0.612500 0.440625 0.622917 0.432812 0.633333 0.439063 0.650000 0.446875 0.672917 0.457813 0.700000 0.464062 0.720833 0.468750 0.739583 0.476562 0.758333 0.485938 0.758333 0.504687 0.754167 0.515625 0.745833 0.528125 0.739583 0.539062 0.735417 0.540625 0.714583 0.534375 0.693750 0.521875 0.666667 0.515625 0.645833 0.506250 0.627083 0.496875 0.606250
1 0.464062 0.835417 0.446875 0.847917 0.440625 0.850000 0.443750 0.850000 0.445312 0.854167 0.446875 0.862500 0.453125 0.875000 0.456250 0.881250 0.460938 0.895833 0.464062 0.906250 0.468750 0.910417 0.470313 0.914583 0.473438 0.918750 0.476562 0.916667 0.479687 0.914583 0.481250 0.908333 0.482812 0.900000 0.482812 0.889583 0.479687 0.881250 0.476562 0.872917 0.471875 0.858333 0.467187 0.845833 0.464062 0.835417
1 0.437500 0.702083 0.423438 0.706250 0.420312 0.706250 0.421875 0.716667 0.421875 0.722917 0.423438 0.731250 0.426563 0.739583 0.426563 0.745833 0.428125 0.752083 0.429688 0.758333 0.431250 0.758333 0.434375 0.760417 0.440625 0.762500 0.443750 0.762500 0.446875 0.762500 0.446875 0.758333 0.446875 0.750000 0.446875 0.739583 0.445312 0.733333 0.443750 0.722917 0.442188 0.716667 0.440625 0.708333 0.439063 0.706250
1 0.407813 0.606250 0.401562 0.606250 0.396875 0.608333 0.395313 0.610417 0.395313 0.618750 0.396875 0.629167 0.401562 0.639583 0.406250 0.647917 0.406250 0.654167 0.409375 0.664583 0.410938 0.668750 0.412500 0.670833 0.415625 0.670833 0.418750 0.670833 0.421875 0.668750 0.426563 0.664583 0.426563 0.662500 0.423438 0.650000 0.418750 0.637500 0.417187 0.629167 0.414062 0.622917 0.412500 0.610417 0.410938 0.606250
1 0.387500 0.522917 0.384375 0.525000 0.382812 0.527083 0.379688 0.529167 0.376563 0.533333 0.376563 0.535417 0.376563 0.539583 0.378125 0.543750 0.379688 0.545833 0.379688 0.550000 0.381250 0.554167 0.382812 0.556250 0.382812 0.558333 0.384375 0.560417 0.389062 0.560417 0.392188 0.560417 0.395313 0.560417 0.396875 0.558333 0.396875 0.550000 0.395313 0.541667 0.392188 0.533333 0.392188 0.529167 0.389062 0.527083 0.389062 0.525000
2 0.398438 0.562500 0.393750 0.562500 0.390625 0.564583 0.389062 0.564583 0.385937 0.566667 0.384375 0.568750 0.384375 0.575000 0.384375 0.581250 0.385937 0.589583 0.387500 0.597917 0.387500 0.602083 0.389062 0.606250 0.390625 0.606250 0.393750 0.606250 0.398438 0.604167 0.401562 0.602083 0.406250 0.602083 0.406250 0.597917 0.406250 0.593750 0.406250 0.587500 0.404687 0.577083 0.401562 0.568750 0.400000 0.564583 0.398438 0.562500
2 0.428125 0.666667 0.426563 0.666667 0.421875 0.672917 0.420312 0.672917 0.418750 0.675000 0.418750 0.675000 0.415625 0.683333 0.414062 0.683333 0.414062 0.687500 0.415625 0.689583 0.417187 0.691667 0.417187 0.693750 0.418750 0.695833 0.418750 0.695833 0.421875 0.697917 0.423438 0.697917 0.425000 0.697917 0.429688 0.697917 0.431250 0.697917 0.432812 0.697917 0.434375 0.695833 0.431250 0.683333 0.428125 0.679167 0.426563 0.668750 0.425000 0.662500 0.423438 0.662500 0.421875 0.662500
2 0.446875 0.762500 0.443750 0.762500 0.437500 0.766667 0.434375 0.768750 0.434375 0.775000 0.434375 0.783333 0.437500 0.793750 0.439063 0.804167 0.439063 0.814583 0.440625 0.822917 0.443750 0.827083 0.445312 0.831250 0.448437 0.835417 0.454688 0.835417 0.462500 0.835417 0.468750 0.831250 0.468750 0.822917 0.460938 0.804167 0.457813 0.785417 0.454688 0.775000 0.451562 0.758333
6 0.220312 0.485417 0.181250 0.495833 0.150000 0.502083 0.140625 0.504167 0.123438 0.506250 0.101562 0.512500 0.079687 0.516667 0.054688 0.529167 0.032813 0.531250 0.007812 0.533333 -0.001563 0.543750 0.001563 0.564583 0.023438 0.558333 0.048438 0.554167 0.079687 0.547917 0.109375 0.539583 0.137500 0.527083 0.179688 0.508333 0.203125 0.504167 0.237500 0.502083 0.246875 0.481250
2 0.223438 0.485417 0.212500 0.485417 0.209375 0.485417 0.207813 0.485417 0.201563 0.487500 0.200000 0.489583 0.198437 0.491667 0.196875 0.497917 0.196875 0.500000 0.198437 0.504167 0.200000 0.506250 0.203125 0.508333 0.207813 0.508333 0.210938 0.506250 0.218750 0.504167 0.221875 0.504167 0.226562 0.504167 0.229687 0.504167 0.232813 0.502083 0.234375 0.500000 0.234375 0.495833 0.232813 0.489583 0.231250 0.489583
1 0.181250 0.493750 0.173437 0.497917 0.171875 0.497917 0.165625 0.500000 0.162500 0.500000 0.156250 0.504167 0.153125 0.504167 0.148438 0.510417 0.146875 0.512500 0.146875 0.520833 0.146875 0.522917 0.148438 0.525000 0.154688 0.520833 0.165625 0.516667 0.168750 0.512500 0.173437 0.512500 0.178125 0.508333 0.179688 0.504167 0.182812 0.504167 0.182812 0.500000 0.182812 0.495833 0.182812 0.493750
2 0.140625 0.506250 0.128125 0.510417 0.125000 0.510417 0.120313 0.510417 0.117188 0.512500 0.114062 0.514583 0.109375 0.518750 0.106250 0.520833 0.106250 0.527083 0.106250 0.531250 0.106250 0.533333 0.107813 0.533333 0.112500 0.533333 0.114062 0.533333 0.125000 0.531250 0.135937 0.529167 0.140625 0.527083 0.146875 0.525000 0.148438 0.525000 0.150000 0.520833 0.145313 0.514583 0.143750 0.508333 0.140625 0.506250 0.140625 0.504167
2 0.059375 0.529167 0.051562 0.529167 0.045312 0.529167 0.043750 0.529167 0.037500 0.529167 0.032813 0.529167 0.029687 0.529167 0.023438 0.531250 0.023438 0.533333 0.023438 0.543750 0.023438 0.547917 0.025000 0.550000 0.029687 0.550000 0.034375 0.550000 0.039062 0.550000 0.043750 0.550000 0.045312 0.550000 0.048438 0.550000 0.051562 0.545833 0.053125 0.545833 0.056250 0.543750 0.056250 0.541667 0.060937 0.537500 0.062500 0.533333 0.062500 0.531250
1 0.096875 0.516667 0.089063 0.518750 0.075000 0.522917 0.070312 0.522917 0.068750 0.522917 0.065625 0.522917 0.064062 0.525000 0.064062 0.527083 0.064062 0.539583 0.064062 0.545833 0.064062 0.547917 0.065625 0.547917 0.070312 0.545833 0.071875 0.543750 0.078125 0.543750 0.087500 0.541667 0.089063 0.541667 0.093750 0.537500 0.095312 0.537500 0.098437 0.537500 0.098437 0.537500 0.098437 0.535417 0.100000 0.533333 0.101562 0.529167 0.101562 0.520833 0.101562 0.520833 0.101562 0.514583 0.101562 0.512500
1 0.018750 0.533333 0.015625 0.535417 0.010937 0.537500 0.009375 0.537500 0.006250 0.537500 0.001563 0.537500 0.000000 0.541667 0.000000 0.541667 0.000000 0.552083 0.001563 0.560417 0.001563 0.564583 0.004687 0.564583 0.007812 0.564583 0.010937 0.564583 0.014063 0.562500 0.015625 0.560417 0.017188 0.558333 0.017188 0.556250 0.017188 0.554167 0.017188 0.547917 0.017188 0.541667 0.017188 0.537500
6 0.004687 0.439583 0.007812 0.462500 0.037500 0.452083 0.081250 0.439583 0.140625 0.425000 0.185938 0.414583 0.240625 0.402083 0.281250 0.389583 0.307812 0.383333 0.321875 0.362500 0.307812 0.354167 0.290625 0.364583 0.267188 0.370833 0.240625 0.379167 0.210938 0.383333 0.173437 0.389583 0.143750 0.400000 0.114062 0.408333 0.079687 0.418750 0.051562 0.425000 0.009375 0.433333
0 0.307812 0.335417 0.304688 0.312500 0.300000 0.295833 0.290625 0.297917 0.279687 0.297917 0.262500 0.297917 0.250000 0.297917 0.239063 0.300000 0.225000 0.302083 0.217188 0.302083 0.212500 0.306250 0.210938 0.318750 0.210938 0.341667 0.210938 0.356250 0.215625 0.360417 0.232813 0.356250 0.246875 0.352083 0.265625 0.350000 0.284375 0.347917 0.301563 0.347917 0.312500 0.345833 0.310937 0.335417 0.307812 0.327083
1 0.315625 0.360417 0.312500 0.360417 0.307812 0.360417 0.301563 0.360417 0.295312 0.360417 0.292187 0.362500 0.285938 0.364583 0.282813 0.364583 0.282813 0.366667 0.279687 0.372917 0.278125 0.375000 0.278125 0.379167 0.276562 0.383333 0.276562 0.383333 0.282813 0.383333 0.290625 0.381250 0.300000 0.381250 0.304688 0.381250 0.307812 0.379167 0.309375 0.379167 0.312500 0.379167 0.314063 0.377083 0.314063 0.375000 0.315625 0.368750 0.315625 0.362500 0.315625 0.360417
1 0.221875 0.381250 0.214062 0.381250 0.207813 0.383333 0.203125 0.383333 0.198437 0.387500 0.192188 0.389583 0.189062 0.391667 0.185938 0.391667 0.189062 0.395833 0.192188 0.400000 0.195312 0.402083 0.201563 0.402083 0.207813 0.402083 0.210938 0.402083 0.215625 0.400000 0.220312 0.400000 0.223438 0.400000 0.225000 0.395833 0.225000 0.389583 0.225000 0.387500 0.225000 0.383333
2 0.267188 0.368750 0.259375 0.368750 0.250000 0.372917 0.243750 0.375000 0.240625 0.375000 0.235937 0.375000 0.231250 0.379167 0.228125 0.379167 0.226562 0.379167 0.225000 0.381250 0.228125 0.389583 0.228125 0.393750 0.228125 0.395833 0.232813 0.395833 0.235937 0.395833 0.242188 0.395833 0.251563 0.393750 0.257812 0.391667 0.262500 0.389583 0.267188 0.387500 0.268750 0.387500 0.270313 0.385417 0.270313 0.381250 0.270313 0.377083 0.268750 0.375000
2 0.185938 0.383333 0.178125 0.387500 0.171875 0.389583 0.168750 0.391667 0.164062 0.391667 0.160938 0.391667 0.154688 0.393750 0.151562 0.395833 0.150000 0.397917 0.146875 0.402083 0.148438 0.408333 0.150000 0.414583 0.151562 0.416667 0.154688 0.416667 0.159375 0.416667 0.165625 0.416667 0.173437 0.412500 0.176563 0.410417 0.182812 0.406250 0.185938 0.404167 0.189062 0.400000 0.189062 0.397917 0.189062 0.395833 0.187500 0.389583 0.185938 0.387500
1 0.143750 0.400000 0.135937 0.402083 0.131250 0.404167 0.118750 0.408333 0.114062 0.408333 0.107813 0.408333 0.101562 0.408333 0.098437 0.412500 0.095312 0.416667 0.096875 0.420833 0.098437 0.427083 0.101562 0.431250 0.107813 0.431250 0.114062 0.429167 0.123438 0.425000 0.131250 0.422917 0.139063 0.418750 0.143750 0.416667 0.150000 0.410417 0.150000 0.406250 0.143750 0.400000
2 0.089063 0.412500 0.085938 0.412500 0.081250 0.414583 0.076563 0.416667 0.071875 0.420833 0.067187 0.422917 0.064062 0.422917 0.064062 0.429167 0.064062 0.435417 0.065625 0.439583 0.068750 0.443750 0.071875 0.443750 0.076563 0.443750 0.085938 0.443750 0.089063 0.439583 0.092188 0.437500 0.093750 0.437500 0.096875 0.433333 0.098437 0.431250 0.100000 0.429167 0.100000 0.408333 0.098437 0.404167 0.098437 0.404167
2 0.017188 0.433333 0.012500 0.433333 0.007812 0.437500 0.004687 0.437500 0.001563 0.439583 0.001563 0.447917 0.001563 0.452083 0.003125 0.456250 0.004687 0.460417 0.007812 0.460417 0.014063 0.460417 0.017188 0.456250 0.017188 0.454167 0.020313 0.452083 0.021875 0.447917 0.021875 0.443750 0.020313 0.439583 0.020313 0.435417 0.020313 0.433333 0.021875 0.429167 0.021875 0.429167 0.021875 0.433333 0.021875 0.437500
1 0.059375 0.425000 0.046875 0.425000 0.043750 0.425000 0.035937 0.427083 0.031250 0.427083 0.026562 0.429167 0.025000 0.431250 0.023438 0.439583 0.023438 0.443750 0.025000 0.450000 0.026562 0.454167 0.031250 0.454167 0.040625 0.452083 0.046875 0.447917 0.053125 0.445833 0.059375 0.443750 0.062500 0.441667 0.064062 0.439583 0.064062 0.433333 0.062500 0.420833 0.060937 0.416667
6 0.001563 0.354167 0.001563 0.377083 0.023438 0.379167 0.050000 0.368750 0.081250 0.362500 0.114062 0.352083 0.143750 0.345833 0.173437 0.339583 0.200000 0.333333 0.210938 0.325000 0.210938 0.304167 0.196875 0.304167 0.179688 0.308333 0.160938 0.314583 0.146875 0.318750 0.128125 0.322917 0.106250 0.327083 0.085938 0.331250 0.060937 0.335417 0.042188 0.343750 0.018750 0.347917
1 0.326562 0.279167 0.321875 0.279167 0.315625 0.279167 0.312500 0.279167 0.304688 0.281250 0.300000 0.283333 0.293750 0.285417 0.292187 0.287500 0.292187 0.291667 0.292187 0.297917 0.295312 0.302083 0.298438 0.304167 0.306250 0.302083 0.315625 0.295833 0.318750 0.295833 0.321875 0.291667 0.323437 0.291667 0.325000 0.289583 0.325000 0.287500 0.325000 0.283333 0.325000 0.279167
1 0.250000 0.297917 0.250000 0.297917 0.246875 0.297917 0.243750 0.297917 0.240625 0.297917 0.240625 0.297917 0.237500 0.297917 0.234375 0.297917 0.232813 0.297917 0.229687 0.297917 0.228125 0.297917 0.228125 0.302083 0.229687 0.306250 0.231250 0.308333 0.232813 0.308333 0.237500 0.308333 0.237500 0.308333 0.240625 0.308333 0.243750 0.308333 0.245312 0.308333 0.246875 0.308333 0.246875 0.308333 0.248438 0.306250 0.248438 0.304167
2 0.287500 0.285417 0.276562 0.289583 0.273438 0.291667 0.267188 0.291667 0.262500 0.291667 0.256250 0.291667 0.253125 0.291667 0.253125 0.295833 0.251563 0.300000 0.251563 0.304167 0.253125 0.308333 0.256250 0.308333 0.262500 0.306250 0.270313 0.304167 0.276562 0.302083 0.282813 0.300000 0.285938 0.297917 0.289062 0.295833 0.290625 0.295833 0.290625 0.291667
6 0.296875 0.283333 0.279687 0.283333 0.262500 0.291667 0.243750 0.291667 0.234375 0.295833 0.225000 0.304167 0.231250 0.304167 0.242188 0.304167 0.251563 0.304167 0.262500 0.304167 0.271875 0.302083 0.282813 0.300000 0.293750 0.302083 0.300000 0.308333 0.310937 0.310417 0.321875 0.308333 0.325000 0.302083 0.329688 0.291667 0.325000 0.283333 0.318750 0.279167 0.304688 0.279167 0.295312 0.279167
2 0.207813 0.308333 0.203125 0.308333 0.198437 0.308333 0.193750 0.308333 0.189062 0.308333 0.185938 0.308333 0.181250 0.310417 0.176563 0.314583 0.173437 0.314583 0.173437 0.320833 0.175000 0.325000 0.178125 0.327083 0.179688 0.327083 0.185938 0.327083 0.190625 0.327083 0.195312 0.327083 0.198437 0.327083 0.201563 0.327083 0.203125 0.325000 0.204687 0.322917 0.204687 0.318750 0.204687 0.314583 0.206250 0.312500
1 0.168750 0.318750 0.165625 0.318750 0.160938 0.322917 0.154688 0.322917 0.151562 0.325000 0.146875 0.325000 0.143750 0.327083 0.140625 0.329167 0.137500 0.331250 0.137500 0.335417 0.139063 0.339583 0.140625 0.341667 0.146875 0.341667 0.153125 0.341667 0.156250 0.341667 0.162500 0.339583 0.168750 0.335417 0.168750 0.335417 0.173437 0.333333 0.173437 0.331250 0.173437 0.320833 0.173437 0.318750
2 0.134375 0.329167 0.128125 0.329167 0.120313 0.331250 0.117188 0.331250 0.110937 0.335417 0.106250 0.335417 0.101562 0.335417 0.098437 0.335417 0.095312 0.339583 0.093750 0.341667 0.092188 0.343750 0.092188 0.352083 0.092188 0.356250 0.093750 0.358333 0.095312 0.356250 0.101562 0.352083 0.110937 0.350000 0.120313 0.347917 0.125000 0.345833 0.131250 0.343750 0.137500 0.341667 0.140625 0.341667 0.140625 0.339583 0.137500 0.329167 0.134375 0.322917 0.132812 0.320833
1 0.085938 0.339583 0.079687 0.339583 0.075000 0.339583 0.068750 0.339583 0.064062 0.339583 0.057813 0.339583 0.054688 0.341667 0.051562 0.343750 0.050000 0.347917 0.050000 0.356250 0.050000 0.360417 0.051562 0.364583 0.054688 0.364583 0.059375 0.364583 0.068750 0.360417 0.075000 0.358333 0.079687 0.354167 0.084375 0.352083 0.085938 0.352083 0.089063 0.352083 0.089063 0.350000 0.089063 0.343750 0.089063 0.339583
2 0.051562 0.347917 0.050000 0.347917 0.046875 0.347917 0.043750 0.347917 0.043750 0.347917 0.039062 0.347917 0.034375 0.347917 0.034375 0.347917 0.026562 0.352083 0.026562 0.352083 0.025000 0.354167 0.025000 0.356250 0.025000 0.358333 0.025000 0.360417 0.026562 0.364583 0.026562 0.366667 0.029687 0.366667 0.034375 0.366667 0.037500 0.366667 0.039062 0.366667 0.043750 0.366667 0.046875 0.366667 0.046875 0.366667 0.048438 0.364583 0.048438 0.360417 0.048438 0.358333 0.048438 0.356250
1 0.021875 0.352083 0.020313 0.352083 0.018750 0.352083 0.017188 0.352083 0.015625 0.352083 0.010937 0.352083 0.009375 0.354167 0.007812 0.354167 0.004687 0.354167 0.004687 0.358333 0.004687 0.358333 0.003125 0.360417 0.003125 0.364583 0.003125 0.368750 0.003125 0.368750 0.004687 0.372917 0.006250 0.372917 0.009375 0.375000 0.014063 0.375000 0.017188 0.375000 0.020313 0.375000 0.021875 0.375000 0.023438 0.372917 0.023438 0.368750 0.023438 0.368750 0.023438 0.364583 0.023438 0.356250 0.023438 0.354167 0.023438 0.354167
7 0.253125 0.508333 0.210938 0.516667 0.181250 0.520833 0.153125 0.529167 0.125000 0.545833 0.106250 0.566667 0.098437 0.581250 0.101562 0.612500 0.107813 0.635417 0.114062 0.656250 0.125000 0.664583 0.165625 0.658333 0.214062 0.645833 0.245312 0.631250 0.270313 0.625000 0.292187 0.618750 0.292187 0.591667 0.292187 0.568750 0.282813 0.533333 0.270313 0.504167 0.257812 0.500000
7 0.292187 0.618750 0.254688 0.625000 0.218750 0.633333 0.182812 0.643750 0.162500 0.656250 0.153125 0.666667 0.156250 0.710417 0.160938 0.731250 0.165625 0.752083 0.171875 0.766667 0.181250 0.779167 0.204687 0.775000 0.234375 0.764583 0.265625 0.758333 0.273438 0.758333 0.292187 0.750000 0.307812 0.745833 0.321875 0.735417 0.325000 0.702083 0.317188 0.666667 0.303125 0.639583 0.292187 0.622917
7 0.337500 0.795833 0.285938 0.787500 0.248438 0.789583 0.228125 0.795833 0.225000 0.814583 0.221875 0.839583 0.221875 0.864583 0.221875 0.881250 0.228125 0.895833 0.242188 0.902083 0.256250 0.904167 0.279687 0.904167 0.304688 0.902083 0.325000 0.902083 0.340625 0.897917 0.350000 0.893750 0.350000 0.872917 0.350000 0.852083 0.348438 0.827083 0.346875 0.806250 0.340625 0.797917
