0 0.750000 0.444792 0.125000 0.097917
0 0.461719 0.709375 0.092188 0.168750
0 0.301563 0.329167 0.106250 0.054167
0 0.456250 0.135417 0.071875 0.091667
1 0.521875 0.006250 0.506250 0.004167 0.492188 0.000000 0.481250 -0.006250 0.489063 0.000000 0.492188 0.010417 0.493750 0.018750 0.493750 0.025000 0.496875 0.031250 0.496875 0.037500 0.496875 0.050000 0.500000 0.054167 0.503125 0.056250 0.510938 0.056250 0.515625 0.056250 0.518750 0.056250 0.521875 0.050000 0.521875 0.037500 0.521875 0.031250 0.518750 0.018750 0.518750 0.012500 0.518750 0.006250
1 0.653125 0.368750 0.653125 0.375000 0.653125 0.381250 0.653125 0.387500 0.653125 0.393750 0.656250 0.393750 0.659375 0.393750 0.668750 0.393750 0.675000 0.397917 0.678125 0.397917 0.682813 0.397917 0.687500 0.397917 0.690625 0.397917 0.690625 0.391667 0.690625 0.387500 0.690625 0.381250 0.690625 0.375000 0.687500 0.375000 0.675000 0.372917 0.673438 0.372917 0.668750 0.368750 0.667188 0.368750 0.662500 0.368750 0.657813 0.368750
1 0.746875 0.362500 0.746875 0.368750 0.746875 0.381250 0.746875 0.385417 0.746875 0.391667 0.746875 0.397917 0.756250 0.397917 0.767188 0.393750 0.771875 0.393750 0.775000 0.393750 0.778125 0.397917 0.781250 0.391667 0.781250 0.387500 0.781250 0.381250 0.781250 0.368750 0.782813 0.362500 0.768750 0.362500 0.762500 0.362500 0.756250 0.362500 0.751563 0.362500 0.746875 0.362500
1 0.835938 0.379167 0.050000 0.025000
1 0.903125 0.379167 0.031250 0.029167
1 0.950000 0.378125 0.025000 0.031250
1 0.987500 0.368750 0.990625 0.379167 0.990625 0.385417 0.990625 0.391667 0.990625 0.393750 0.990625 0.393750 0.995313 0.393750 0.996875 0.393750 1.000000 0.393750 1.003125 0.393750 1.003125 0.397917 1.003125 0.393750 1.003125 0.391667 1.003125 0.391667 1.003125 0.391667 1.000000 0.387500 1.000000 0.381250 1.000000 0.381250 1.000000 0.381250 1.000000 0.379167 1.000000 0.375000 1.000000 0.372917 1.000000 0.368750 1.000000 0.368750 0.996875 0.368750 0.993750 0.368750 0.990625 0.372917 0.987500 0.372917 0.987500 0.375000
1 0.078125 0.375000 0.081250 0.375000 0.078125 0.387500 0.078125 0.391667 0.078125 0.393750 0.078125 0.400000 0.087500 0.400000 0.092188 0.400000 0.093750 0.404167 0.100000 0.404167 0.104688 0.406250 0.107813 0.406250 0.109375 0.410417 0.112500 0.410417 0.117188 0.410417 0.117188 0.406250 0.117188 0.404167 0.118750 0.400000 0.118750 0.397917 0.118750 0.393750 0.118750 0.387500 0.120313 0.387500 0.120313 0.381250
1 0.171875 0.385417 0.025000 0.029167
1 0.325000 0.372917 0.325000 0.381250 0.325000 0.387500 0.325000 0.393750 0.334375 0.397917 0.340625 0.393750 0.350000 0.393750 0.359375 0.393750 0.364063 0.393750 0.368750 0.393750 0.375000 0.393750 0.376563 0.391667 0.376563 0.381250 0.371875 0.381250 0.367188 0.381250 0.353125 0.381250 0.346875 0.381250 0.340625 0.381250 0.334375 0.381250 0.329688 0.381250 0.321875 0.379167
1 0.237500 0.368750 0.234375 0.381250 0.232813 0.391667 0.234375 0.397917 0.237500 0.400000 0.240625 0.404167 0.248438 0.404167 0.253125 0.404167 0.262500 0.404167 0.281250 0.404167 0.284375 0.400000 0.282813 0.391667 0.282813 0.387500 0.282813 0.379167 0.282813 0.372917 0.282813 0.368750 0.271875 0.368750 0.265625 0.368750 0.259375 0.368750 0.253125 0.368750 0.243750 0.368750 0.240625 0.372917 0.237500 0.368750
1 0.003125 0.381250 0.003125 0.387500 0.003125 0.393750 0.003125 0.400000 0.006250 0.400000 0.006250 0.404167 0.009375 0.404167 0.014063 0.404167 0.014063 0.404167 0.018750 0.400000 0.020313 0.400000 0.020313 0.400000 0.020313 0.400000 0.020313 0.393750 0.018750 0.391667 0.018750 0.387500 0.018750 0.385417 0.018750 0.381250 0.018750 0.381250 0.018750 0.379167 0.017188 0.375000 0.015625 0.379167 0.014063 0.379167 0.012500 0.379167 0.009375 0.379167 0.006250 0.379167 0.006250 0.381250 0.003125 0.381250 0.003125 0.381250
1 0.543750 0.937500 0.534375 0.937500 0.528125 0.941667 0.525000 0.943750 0.523438 0.968750 0.523438 0.975000 0.523438 0.987500 0.525000 0.993750 0.528125 0.993750 0.537500 0.993750 0.550000 0.987500 0.548438 0.975000 0.548438 0.968750 0.548438 0.962500 0.548438 0.956250 0.548438 0.947917 0.548438 0.941667 0.543750 0.937500 0.540625 0.937500 0.534375 0.937500 0.531250 0.937500
1 0.537500 0.850000 0.028125 0.075000
1 0.528125 0.728125 0.025000 0.068750
1 0.519531 0.597917 0.020313 0.066667
2 0.720313 0.375000 0.053125 0.025000
2 0.794531 0.378125 0.023438 0.031250
2 0.871875 0.379167 0.025000 0.029167
2 0.927344 0.376042 0.017188 0.035417
2 0.975000 0.378125 0.018750 0.031250
2 0.523438 0.556250 0.025000 0.025000
2 0.527344 0.662500 0.032813 0.062500
2 0.528125 0.782292 0.028125 0.047917
2 0.535156 0.904167 0.023438 0.054167
2 0.050000 0.387500 0.056250 0.025000
2 0.139063 0.382292 0.034375 0.035417
2 0.212500 0.384375 0.028125 0.031250
2 0.301563 0.387500 0.028125 0.037500
2 0.395313 0.388542 0.043750 0.031250
3 0.573438 0.075000 0.554688 0.075000 0.548438 0.085417 0.540625 0.097917 0.534375 0.104167 0.521875 0.116667 0.517188 0.125000 0.512500 0.131250 0.510938 0.137500 0.518750 0.137500 0.523438 0.137500 0.531250 0.135417 0.540625 0.131250 0.548438 0.125000 0.554688 0.118750 0.562500 0.116667 0.568750 0.110417 0.575000 0.104167 0.579688 0.093750 0.578125 0.087500 0.573438 0.081250 0.568750 0.075000
3 0.578125 0.197917 0.573438 0.200000 0.565625 0.200000 0.573438 0.212500 0.575000 0.225000 0.579688 0.231250 0.581250 0.237500 0.581250 0.250000 0.581250 0.254167 0.585938 0.266667 0.590625 0.268750 0.596875 0.268750 0.603125 0.268750 0.603125 0.254167 0.600000 0.243750 0.596875 0.231250 0.595313 0.222917 0.593750 0.212500 0.590625 0.206250 0.587500 0.200000 0.585938 0.193750 0.581250 0.193750 0.578125 0.193750
3 0.485938 0.425000 0.492188 0.437500 0.493750 0.443750 0.506250 0.447917 0.528125 0.447917 0.542188 0.447917 0.550000 0.447917 0.557813 0.450000 0.565625 0.450000 0.565625 0.437500 0.565625 0.422917 0.553125 0.418750 0.543750 0.416667 0.528125 0.416667 0.518750 0.416667 0.509375 0.416667 0.501563 0.416667 0.492188 0.416667 0.489063 0.418750 0.492188 0.431250 0.490625 0.443750
3 0.425000 0.356250 0.428125 0.381250 0.429688 0.391667 0.431250 0.406250 0.431250 0.418750 0.431250 0.431250 0.434375 0.443750 0.450000 0.447917 0.460938 0.443750 0.457813 0.425000 0.457813 0.406250 0.457813 0.391667 0.454688 0.375000 0.450000 0.362500 0.450000 0.350000 0.440625 0.350000 0.431250 0.350000 0.423438 0.350000 0.421875 0.362500 0.425000 0.375000
6 0.824219 0.384375 0.345313 0.035417
6 0.534375 0.543750 0.509375 0.554167 0.506250 0.597917 0.510938 0.643750 0.510938 0.697917 0.509375 0.737500 0.510938 0.787500 0.517188 0.825000 0.521875 0.875000 0.521875 0.929167 0.521875 0.972917 0.537500 0.993750 0.557813 0.968750 0.548438 0.922917 0.543750 0.850000 0.550000 0.797917 0.543750 0.737500 0.537500 0.668750 0.540625 0.606250 0.537500 0.550000 0.543750 0.568750
6 0.515625 0.004167 0.509375 0.004167 0.500000 0.004167 0.493750 0.004167 0.492188 0.012500 0.492188 0.018750 0.492188 0.035417 0.492188 0.043750 0.492188 0.054167 0.492188 0.062500 0.493750 0.068750 0.503125 0.062500 0.506250 0.062500 0.515625 0.060417 0.518750 0.060417 0.525000 0.056250 0.528125 0.043750 0.528125 0.031250 0.528125 0.025000 0.525000 0.016667 0.523438 0.006250 0.518750 0.004167
6 0.190625 0.393750 0.381250 0.025000
7 0.356250 0.246875 0.075000 0.043750
7 0.426563 0.160417 0.409375 0.160417 0.403125 0.162500 0.398438 0.166667 0.396875 0.179167 0.396875 0.193750 0.398438 0.206250 0.400000 0.212500 0.406250 0.218750 0.409375 0.231250 0.412500 0.237500 0.415625 0.247917 0.425000 0.247917 0.434375 0.241667 0.443750 0.231250 0.446875 0.222917 0.443750 0.212500 0.442188 0.200000 0.437500 0.181250 0.434375 0.172917 0.431250 0.162500 0.425000 0.156250
7 0.353125 0.893750 0.318750 0.893750 0.300000 0.891667 0.282813 0.887500 0.262500 0.881250 0.246875 0.881250 0.240625 0.893750 0.237500 0.925000 0.234375 0.947917 0.240625 0.960417 0.256250 0.962500 0.270313 0.968750 0.282813 0.972917 0.293750 0.975000 0.312500 0.981250 0.325000 0.981250 0.340625 0.981250 0.350000 0.975000 0.356250 0.950000 0.353125 0.925000 0.353125 0.906250
7 0.325000 0.679167 0.262500 0.693750 0.237500 0.693750 0.212500 0.693750 0.187500 0.697917 0.171875 0.700000 0.176563 0.731250 0.178125 0.760417 0.178125 0.793750 0.184375 0.812500 0.203125 0.816667 0.231250 0.812500 0.250000 0.806250 0.270313 0.806250 0.290625 0.806250 0.312500 0.806250 0.329688 0.800000 0.325000 0.775000 0.318750 0.743750 0.318750 0.706250 0.318750 0.679167
7 0.306250 0.556250 0.262500 0.556250 0.237500 0.560417 0.206250 0.562500 0.178125 0.566667 0.154688 0.572917 0.137500 0.587500 0.137500 0.616667 0.143750 0.643750 0.140625 0.668750 0.153125 0.691667 0.171875 0.700000 0.196875 0.693750 0.225000 0.687500 0.256250 0.681250 0.278125 0.681250 0.304688 0.681250 0.321875 0.666667 0.321875 0.631250 0.314063 0.581250 0.306250 0.550000
7 0.437500 0.518750 0.421875 0.506250 0.412500 0.510417 0.406250 0.516667 0.400000 0.525000 0.395313 0.531250 0.392188 0.550000 0.387500 0.572917 0.387500 0.581250 0.384375 0.593750 0.387500 0.606250 0.390625 0.612500 0.398438 0.612500 0.409375 0.612500 0.415625 0.610417 0.426563 0.591667 0.428125 0.581250 0.431250 0.568750 0.434375 0.554167 0.434375 0.537500 0.437500 0.529167 0.437500 0.518750
