7 0.131250 0.604167 0.228125 0.262500
7 0.175781 0.848958 0.104688 0.152083
7 0.332813 0.528125 0.040625 0.135417
7 0.584375 0.494792 0.109375 0.085417
7 0.318750 0.231250 0.065625 0.095833
7 0.370312 0.205208 0.046875 0.097917
3 0.371875 0.254167 0.062500 0.104167
3 0.460938 0.200000 0.040625 0.108333
3 0.555469 0.275000 0.023438 0.104167
3 0.440625 0.344792 0.025000 0.072917
0 0.864844 0.508333 0.104688 0.108333
0 0.757812 0.488542 0.115625 0.089583
0 0.660156 0.463542 0.132812 0.085417
0 0.275000 0.303125 0.081250 0.097917
0 0.173437 0.287500 0.100000 0.079167
0 0.068750 0.278125 0.084375 0.093750
