4 0.856250 0.018750 0.856250 0.033333 0.856250 0.041667 0.856250 0.056250 0.856250 0.070833 0.857812 0.072917 0.868750 0.072917 0.881250 0.072917 0.893750 0.072917 0.900000 0.072917 0.903125 0.066667 0.903125 0.054167 0.901563 0.043750 0.900000 0.033333 0.900000 0.020833 0.895312 0.016667 0.887500 0.016667 0.879687 0.016667 0.871875 0.016667 0.864062 0.016667 0.856250 0.016667
4 0.875000 0.839583 0.868750 0.837500 0.860938 0.835417 0.853125 0.833333 0.843750 0.833333 0.839063 0.835417 0.839063 0.847917 0.839063 0.860417 0.839063 0.868750 0.839063 0.881250 0.842187 0.879167 0.851562 0.879167 0.860938 0.879167 0.867188 0.879167 0.873437 0.877083 0.879687 0.870833 0.884375 0.864583 0.885938 0.858333 0.884375 0.850000 0.879687 0.839583 0.873437 0.831250
0 0.576562 0.397917 0.557813 0.397917 0.543750 0.395833 0.534375 0.391667 0.521875 0.387500 0.512500 0.383333 0.503125 0.387500 0.495312 0.395833 0.493750 0.410417 0.492188 0.425000 0.495312 0.439583 0.506250 0.443750 0.517188 0.447917 0.531250 0.454167 0.540625 0.460417 0.557813 0.462500 0.570312 0.464583 0.576562 0.456250 0.579688 0.443750 0.581250 0.425000 0.582812 0.410417
0 0.628125 0.404167 0.609375 0.395833 0.596875 0.395833 0.589063 0.404167 0.581250 0.420833 0.578125 0.437500 0.578125 0.456250 0.589063 0.460417 0.603125 0.464583 0.615625 0.466667 0.631250 0.466667 0.643750 0.468750 0.657813 0.468750 0.667188 0.460417 0.668750 0.443750 0.668750 0.425000 0.664062 0.412500 0.654687 0.404167 0.642188 0.400000 0.628125 0.397917 0.615625 0.397917
0 0.373437 0.497917 0.360938 0.495833 0.343750 0.495833 0.334375 0.500000 0.332813 0.516667 0.331250 0.533333 0.329688 0.550000 0.328125 0.562500 0.326562 0.577083 0.325000 0.591667 0.331250 0.602083 0.335938 0.610417 0.346875 0.610417 0.359375 0.610417 0.368750 0.606250 0.371875 0.595833 0.371875 0.581250 0.371875 0.560417 0.371875 0.541667 0.371875 0.525000 0.371875 0.510417 0.371875 0.493750
0 0.373437 0.616667 0.354687 0.612500 0.342187 0.612500 0.329688 0.610417 0.325000 0.622917 0.321875 0.639583 0.320312 0.654167 0.318750 0.672917 0.317188 0.689583 0.317188 0.706250 0.321875 0.714583 0.331250 0.720833 0.343750 0.720833 0.354687 0.720833 0.365625 0.718750 0.367188 0.706250 0.367188 0.689583 0.367188 0.672917 0.368750 0.658333 0.370312 0.639583 0.371875 0.625000
0 0.317188 0.295833 0.304688 0.295833 0.295312 0.291667 0.285938 0.287500 0.273438 0.285417 0.262500 0.285417 0.253125 0.287500 0.250000 0.297917 0.250000 0.314583 0.250000 0.327083 0.253125 0.337500 0.262500 0.341667 0.276562 0.347917 0.289062 0.350000 0.300000 0.352083 0.310937 0.352083 0.314063 0.341667 0.310937 0.331250 0.307812 0.320833 0.309375 0.308333 0.315625 0.302083
0 0.406250 0.145833 0.382812 0.145833 0.371875 0.147917 0.364063 0.156250 0.360938 0.168750 0.360938 0.187500 0.359375 0.202083 0.354687 0.220833 0.354687 0.239583 0.356250 0.252083 0.367188 0.254167 0.367188 0.239583 0.379688 0.237500 0.389062 0.241667 0.396875 0.247917 0.407813 0.243750 0.410938 0.227083 0.410938 0.210417 0.409375 0.193750 0.409375 0.177083 0.410938 0.160417
3 0.382812 0.239583 0.373437 0.239583 0.368750 0.243750 0.370312 0.252083 0.370312 0.266667 0.371875 0.272917 0.376563 0.279167 0.381250 0.287500 0.385937 0.295833 0.392188 0.302083 0.396875 0.304167 0.401562 0.308333 0.409375 0.308333 0.410938 0.295833 0.409375 0.289583 0.406250 0.283333 0.401562 0.275000 0.396875 0.268750 0.392188 0.262500 0.389062 0.252083 0.382812 0.243750
3 0.475000 0.314583 0.467187 0.312500 0.460938 0.308333 0.456250 0.314583 0.454688 0.322917 0.451562 0.331250 0.451562 0.341667 0.451562 0.352083 0.454688 0.358333 0.456250 0.364583 0.459375 0.375000 0.462500 0.383333 0.467187 0.387500 0.471875 0.391667 0.476562 0.383333 0.476562 0.375000 0.476562 0.364583 0.476562 0.352083 0.476562 0.343750 0.476562 0.335417 0.476562 0.327083 0.475000 0.318750
3 0.385937 0.404167 0.376563 0.397917 0.370312 0.391667 0.362500 0.387500 0.360938 0.395833 0.360938 0.408333 0.364063 0.416667 0.365625 0.429167 0.370312 0.435417 0.375000 0.443750 0.382812 0.456250 0.385937 0.464583 0.392188 0.470833 0.396875 0.470833 0.398438 0.464583 0.396875 0.452083 0.393750 0.443750 0.389062 0.429167 0.384375 0.420833 0.379688 0.408333 0.376563 0.402083
3 0.325000 0.300000 0.314063 0.300000 0.306250 0.300000 0.300000 0.302083 0.298438 0.310417 0.301563 0.318750 0.304688 0.331250 0.307812 0.335417 0.312500 0.343750 0.318750 0.352083 0.321875 0.360417 0.325000 0.366667 0.331250 0.368750 0.337500 0.366667 0.342187 0.364583 0.343750 0.354167 0.343750 0.343750 0.342187 0.335417 0.339062 0.331250 0.334375 0.322917 0.331250 0.314583 0.326562 0.306250 0.321875 0.300000
7 0.257812 0.500000 0.231250 0.493750 0.182812 0.485417 0.156250 0.477083 0.146875 0.489583 0.146875 0.520833 0.146875 0.545833 0.153125 0.562500 0.160938 0.577083 0.165625 0.600000 0.168750 0.618750 0.179688 0.633333 0.201563 0.637500 0.221875 0.639583 0.243750 0.641667 0.254688 0.635417 0.253125 0.602083 0.256250 0.579167 0.257812 0.550000 0.257812 0.520833 0.256250 0.493750
7 0.243750 0.712500 0.221875 0.704167 0.210938 0.695833 0.203125 0.689583 0.192188 0.689583 0.182812 0.691667 0.176563 0.697917 0.170313 0.706250 0.165625 0.716667 0.171875 0.725000 0.178125 0.731250 0.185938 0.735417 0.193750 0.739583 0.201563 0.745833 0.210938 0.752083 0.220312 0.758333 0.228125 0.762500 0.235937 0.762500 0.243750 0.752083 0.246875 0.739583 0.248438 0.727083 0.245312 0.718750
7 0.337500 0.466667 0.329688 0.466667 0.321875 0.468750 0.312500 0.468750 0.309375 0.472917 0.306250 0.481250 0.304688 0.489583 0.300000 0.504167 0.298438 0.516667 0.298438 0.525000 0.298438 0.533333 0.301563 0.537500 0.307812 0.537500 0.314063 0.533333 0.317188 0.527083 0.317188 0.518750 0.320312 0.510417 0.321875 0.500000 0.323437 0.493750 0.325000 0.485417 0.328125 0.479167
7 0.521875 0.466667 0.515625 0.464583 0.509375 0.464583 0.503125 0.460417 0.495312 0.460417 0.489063 0.460417 0.484375 0.460417 0.478125 0.460417 0.471875 0.464583 0.470313 0.468750 0.468750 0.477083 0.468750 0.487500 0.475000 0.491667 0.479687 0.493750 0.485938 0.493750 0.493750 0.495833 0.500000 0.497917 0.506250 0.497917 0.512500 0.497917 0.515625 0.491667 0.515625 0.481250 0.517188 0.475000
7 0.343750 0.200000 0.337500 0.197917 0.332813 0.200000 0.325000 0.206250 0.321875 0.212500 0.321875 0.222917 0.321875 0.231250 0.321875 0.241667 0.321875 0.252083 0.321875 0.260417 0.326562 0.264583 0.334375 0.266667 0.340625 0.266667 0.343750 0.260417 0.346875 0.252083 0.350000 0.243750 0.350000 0.235417 0.350000 0.222917 0.350000 0.214583 0.350000 0.206250
7 0.317188 0.241667 0.310937 0.241667 0.304688 0.241667 0.296875 0.241667 0.289062 0.241667 0.282813 0.241667 0.278125 0.241667 0.275000 0.245833 0.275000 0.254167 0.275000 0.262500 0.276562 0.270833 0.282813 0.275000 0.289062 0.277083 0.295312 0.279167 0.300000 0.279167 0.307812 0.279167 0.312500 0.279167 0.318750 0.279167 0.321875 0.270833 0.321875 0.262500 0.321875 0.256250 0.321875 0.250000 0.318750 0.241667
6 0.554688 0.477083 0.518750 0.487500 0.543750 0.500000 0.579688 0.502083 0.614062 0.508333 0.648438 0.514583 0.684375 0.518750 0.720313 0.525000 0.760938 0.527083 0.804688 0.531250 0.843750 0.533333 0.884375 0.537500 0.910937 0.525000 0.875000 0.516667 0.839063 0.504167 0.796875 0.504167 0.739062 0.500000 0.690625 0.493750 0.628125 0.491667 0.578125 0.472917 0.540625 0.470833
6 0.492188 0.495833 0.473438 0.493750 0.473438 0.525000 0.468750 0.558333 0.464062 0.593750 0.464062 0.629167 0.465625 0.662500 0.460938 0.677083 0.457813 0.722917 0.457813 0.758333 0.456250 0.787500 0.454688 0.818750 0.473438 0.816667 0.481250 0.783333 0.481250 0.745833 0.485938 0.706250 0.490625 0.666667 0.492188 0.620833 0.493750 0.579167 0.493750 0.539583 0.495312 0.500000
6 0.401562 0.495833 0.384375 0.502083 0.382812 0.537500 0.382812 0.568750 0.379688 0.610417 0.379688 0.645833 0.376563 0.681250 0.375000 0.718750 0.370312 0.731250 0.373437 0.762500 0.371875 0.800000 0.370312 0.833333 0.390625 0.839583 0.395313 0.806250 0.396875 0.770833 0.398438 0.731250 0.404687 0.691667 0.407813 0.647917 0.414062 0.589583 0.414062 0.545833 0.406250 0.500000
6 0.325000 0.522917 0.307812 0.537500 0.307812 0.560417 0.304688 0.587500 0.303125 0.614583 0.303125 0.643750 0.300000 0.672917 0.298438 0.704167 0.296875 0.729167 0.295312 0.758333 0.292187 0.785417 0.292187 0.808333 0.312500 0.808333 0.315625 0.779167 0.317188 0.750000 0.317188 0.722917 0.318750 0.691667 0.321875 0.660417 0.325000 0.625000 0.328125 0.593750 0.329688 0.527083
6 0.021875 0.408333 0.000000 0.425000 0.025000 0.439583 0.057813 0.443750 0.093750 0.452083 0.125000 0.460417 0.159375 0.464583 0.192188 0.468750 0.228125 0.468750 0.271875 0.472917 0.306250 0.477083 0.329688 0.462500 0.304688 0.447917 0.275000 0.441667 0.237500 0.437500 0.195312 0.429167 0.154688 0.420833 0.128125 0.425000 0.096875 0.420833 0.064062 0.408333 0.026562 0.408333
6 0.539062 0.364583 0.498437 0.368750 0.504687 0.391667 0.545312 0.387500 0.582812 0.391667 0.621875 0.400000 0.665625 0.404167 0.729688 0.408333 0.773438 0.414583 0.825000 0.425000 0.868750 0.422917 0.903125 0.414583 0.873437 0.393750 0.835938 0.391667 0.793750 0.387500 0.748437 0.381250 0.704688 0.375000 0.650000 0.368750 0.609375 0.372917 0.575000 0.368750 0.534375 0.364583
6 0.515625 0.262500 0.548438 0.283333 0.587500 0.283333 0.626563 0.291667 0.671875 0.291667 0.712500 0.293750 0.754687 0.295833 0.801562 0.304167 0.850000 0.310417 0.892188 0.314583 0.918750 0.304167 0.890625 0.287500 0.848437 0.283333 0.806250 0.279167 0.754687 0.275000 0.704688 0.272917 0.667188 0.268750 0.639062 0.270833 0.601562 0.260417 0.564063 0.262500 0.525000 0.262500
6 0.535937 0.004167 0.512500 0.004167 0.510938 0.008333 0.515625 0.035417 0.515625 0.072917 0.512500 0.102083 0.510938 0.137500 0.509375 0.168750 0.506250 0.202083 0.506250 0.233333 0.503125 0.264583 0.504687 0.293750 0.521875 0.281250 0.523438 0.252083 0.523438 0.216667 0.525000 0.179167 0.528125 0.150000 0.531250 0.116667 0.535937 0.081250 0.539062 0.037500 0.535937 0.008333
6 0.432812 0.002083 0.429688 0.029167 0.425000 0.058333 0.421875 0.093750 0.420312 0.129167 0.420312 0.158333 0.418750 0.183333 0.418750 0.206250 0.414062 0.231250 0.412500 0.254167 0.428125 0.258333 0.435937 0.231250 0.437500 0.206250 0.437500 0.177083 0.437500 0.150000 0.437500 0.106250 0.439063 0.079167 0.443750 0.045833 0.450000 0.018750 0.446875 0.000000 0.429688 0.000000
6 0.364063 0.004167 0.360938 0.031250 0.357812 0.062500 0.353125 0.089583 0.350000 0.116667 0.345313 0.143750 0.343750 0.168750 0.342187 0.197917 0.343750 0.220833 0.343750 0.191667 0.350000 0.208333 0.353125 0.233333 0.360938 0.218750 0.362500 0.193750 0.362500 0.160417 0.364063 0.125000 0.370312 0.089583 0.376563 0.062500 0.378125 0.035417 0.381250 0.004167 0.367188 0.000000
6 0.290625 0.343750 0.254688 0.343750 0.223438 0.343750 0.189062 0.343750 0.153125 0.339583 0.117188 0.339583 0.084375 0.339583 0.046875 0.331250 0.015625 0.331250 -0.001563 0.358333 0.020313 0.375000 0.051562 0.377083 0.085938 0.379167 0.126562 0.379167 0.168750 0.381250 0.203125 0.387500 0.245312 0.387500 0.281250 0.389583 0.321875 0.389583 0.317188 0.356250 0.285938 0.341667
6 0.004687 0.281250 0.021875 0.302083 0.059375 0.302083 0.089063 0.302083 0.121875 0.302083 0.159375 0.302083 0.195312 0.304167 0.228125 0.306250 0.253125 0.295833 0.276562 0.291667 0.301563 0.287500 0.279687 0.275000 0.250000 0.272917 0.218750 0.270833 0.189062 0.270833 0.154688 0.275000 0.123438 0.272917 0.095312 0.268750 0.062500 0.268750 0.034375 0.279167 0.004687 0.279167
1 0.545312 0.272917 0.543750 0.272917 0.540625 0.272917 0.540625 0.272917 0.537500 0.272917 0.535937 0.275000 0.534375 0.275000 0.532813 0.275000 0.531250 0.277083 0.529687 0.279167 0.531250 0.279167 0.531250 0.279167 0.532813 0.283333 0.534375 0.283333 0.535937 0.285417 0.537500 0.285417 0.537500 0.285417 0.540625 0.285417 0.540625 0.283333 0.540625 0.283333 0.542188 0.281250 0.543750 0.279167 0.543750 0.279167 0.543750 0.277083 0.543750 0.275000
1 0.612500 0.275000 0.606250 0.272917 0.601562 0.272917 0.598437 0.272917 0.593750 0.272917 0.589063 0.272917 0.585938 0.275000 0.582812 0.275000 0.579688 0.275000 0.579688 0.279167 0.581250 0.283333 0.582812 0.287500 0.585938 0.287500 0.589063 0.291667 0.595313 0.291667 0.600000 0.293750 0.603125 0.293750 0.607812 0.293750 0.609375 0.291667 0.610938 0.289583 0.610938 0.283333 0.612500 0.279167
1 0.667188 0.268750 0.662500 0.266667 0.657813 0.266667 0.654687 0.266667 0.651563 0.266667 0.648438 0.266667 0.645312 0.266667 0.642188 0.268750 0.642188 0.270833 0.642188 0.275000 0.642188 0.279167 0.643750 0.283333 0.645312 0.285417 0.648438 0.285417 0.654687 0.285417 0.657813 0.285417 0.660937 0.283333 0.664062 0.283333 0.667188 0.283333 0.670312 0.279167 0.670312 0.275000 0.670312 0.270833 0.670312 0.268750
1 0.731250 0.275000 0.721875 0.272917 0.720313 0.270833 0.717187 0.270833 0.714063 0.270833 0.712500 0.270833 0.709375 0.270833 0.706250 0.270833 0.706250 0.275000 0.704688 0.275000 0.704688 0.279167 0.706250 0.283333 0.706250 0.285417 0.709375 0.285417 0.709375 0.287500 0.712500 0.287500 0.715625 0.287500 0.718750 0.287500 0.721875 0.287500 0.725000 0.287500 0.726562 0.287500 0.729688 0.287500 0.731250 0.283333 0.732812 0.281250 0.734375 0.279167 0.734375 0.277083
1 0.793750 0.287500 0.790625 0.285417 0.787500 0.283333 0.784375 0.281250 0.781250 0.281250 0.778125 0.281250 0.773438 0.281250 0.770312 0.283333 0.767188 0.283333 0.767188 0.285417 0.764062 0.291667 0.764062 0.295833 0.767188 0.295833 0.770312 0.300000 0.773438 0.300000 0.781250 0.302083 0.784375 0.302083 0.789062 0.302083 0.793750 0.302083 0.796875 0.300000 0.796875 0.295833 0.796875 0.295833
1 0.851562 0.283333 0.845313 0.283333 0.842187 0.283333 0.839063 0.283333 0.835938 0.283333 0.831250 0.283333 0.829688 0.287500 0.829688 0.291667 0.829688 0.295833 0.829688 0.300000 0.831250 0.302083 0.835938 0.306250 0.840625 0.308333 0.843750 0.308333 0.848437 0.308333 0.851562 0.308333 0.851562 0.304167 0.851562 0.300000 0.851562 0.291667 0.851562 0.287500 0.851562 0.285417
1 0.906250 0.300000 0.903125 0.300000 0.901563 0.297917 0.898438 0.297917 0.893750 0.295833 0.892188 0.295833 0.890625 0.295833 0.889062 0.300000 0.887500 0.304167 0.887500 0.308333 0.889062 0.310417 0.890625 0.312500 0.893750 0.312500 0.893750 0.314583 0.896875 0.314583 0.900000 0.314583 0.903125 0.314583 0.904687 0.314583 0.906250 0.308333 0.906250 0.304167 0.906250 0.302083 0.906250 0.300000
1 0.882812 0.402083 0.878125 0.402083 0.876563 0.400000 0.873437 0.400000 0.868750 0.400000 0.864062 0.397917 0.859375 0.397917 0.856250 0.397917 0.854688 0.400000 0.851562 0.404167 0.850000 0.408333 0.850000 0.408333 0.851562 0.412500 0.853125 0.414583 0.857812 0.414583 0.864062 0.414583 0.868750 0.414583 0.873437 0.414583 0.878125 0.414583 0.881250 0.414583 0.881250 0.408333 0.879687 0.408333
1 0.812500 0.395833 0.809375 0.395833 0.806250 0.395833 0.803125 0.395833 0.800000 0.395833 0.796875 0.395833 0.795312 0.395833 0.793750 0.395833 0.790625 0.395833 0.790625 0.400000 0.789062 0.404167 0.789062 0.406250 0.790625 0.408333 0.796875 0.408333 0.801562 0.408333 0.804688 0.408333 0.806250 0.410417 0.809375 0.410417 0.812500 0.410417 0.814063 0.410417 0.814063 0.404167 0.814063 0.400000 0.812500 0.395833 0.812500 0.391667
1 0.753125 0.387500 0.746875 0.387500 0.743750 0.387500 0.740625 0.387500 0.739062 0.387500 0.735938 0.387500 0.734375 0.387500 0.734375 0.395833 0.734375 0.397917 0.734375 0.402083 0.739062 0.402083 0.740625 0.402083 0.743750 0.402083 0.750000 0.402083 0.751563 0.402083 0.754687 0.402083 0.757812 0.402083 0.760938 0.402083 0.760938 0.400000 0.759375 0.391667 0.756250 0.385417 0.754687 0.381250 0.754687 0.379167
1 0.704688 0.389583 0.698438 0.387500 0.693750 0.387500 0.690625 0.387500 0.687500 0.387500 0.687500 0.389583 0.687500 0.393750 0.687500 0.397917 0.687500 0.402083 0.687500 0.404167 0.689063 0.406250 0.690625 0.408333 0.692187 0.408333 0.696875 0.408333 0.698438 0.408333 0.700000 0.408333 0.703125 0.408333 0.707812 0.406250 0.709375 0.404167 0.709375 0.404167 0.709375 0.400000 0.709375 0.395833 0.709375 0.389583 0.706250 0.387500 0.706250 0.383333
1 0.600000 0.375000 0.593750 0.375000 0.585938 0.375000 0.582812 0.375000 0.576562 0.375000 0.571875 0.375000 0.567187 0.375000 0.564063 0.375000 0.560937 0.375000 0.560937 0.379167 0.564063 0.383333 0.565625 0.387500 0.568750 0.391667 0.573438 0.391667 0.578125 0.391667 0.584375 0.391667 0.589063 0.391667 0.593750 0.389583 0.596875 0.387500 0.601562 0.387500 0.604688 0.387500 0.603125 0.383333 0.603125 0.379167 0.603125 0.375000 0.600000 0.372917
1 0.654687 0.372917 0.645312 0.375000 0.642188 0.375000 0.637500 0.375000 0.635938 0.375000 0.634375 0.375000 0.634375 0.379167 0.632812 0.383333 0.632812 0.387500 0.632812 0.389583 0.634375 0.391667 0.637500 0.391667 0.642188 0.393750 0.642188 0.395833 0.645312 0.395833 0.648438 0.395833 0.650000 0.395833 0.651563 0.391667 0.654687 0.387500 0.654687 0.387500 0.656250 0.383333
1 0.600000 0.481250 0.589063 0.481250 0.582812 0.481250 0.579688 0.481250 0.578125 0.481250 0.575000 0.481250 0.573438 0.483333 0.573438 0.487500 0.576562 0.493750 0.576562 0.500000 0.576562 0.504167 0.576562 0.508333 0.579688 0.508333 0.584375 0.508333 0.587500 0.508333 0.592187 0.508333 0.596875 0.508333 0.600000 0.508333 0.603125 0.508333 0.604688 0.508333 0.604688 0.504167 0.604688 0.497917 0.604688 0.493750 0.603125 0.489583 0.603125 0.485417 0.603125 0.483333
1 0.670312 0.493750 0.664062 0.493750 0.660937 0.493750 0.656250 0.493750 0.651563 0.493750 0.648438 0.493750 0.643750 0.493750 0.637500 0.493750 0.634375 0.493750 0.632812 0.500000 0.634375 0.504167 0.635938 0.508333 0.639062 0.510417 0.643750 0.512500 0.650000 0.512500 0.656250 0.514583 0.662500 0.516667 0.667188 0.516667 0.670312 0.516667 0.671875 0.510417 0.670312 0.504167 0.670312 0.500000
1 0.732812 0.506250 0.729688 0.506250 0.725000 0.504167 0.721875 0.504167 0.717187 0.504167 0.712500 0.504167 0.712500 0.508333 0.710938 0.512500 0.710938 0.516667 0.714063 0.520833 0.718750 0.520833 0.723437 0.522917 0.728125 0.525000 0.731250 0.525000 0.735938 0.525000 0.735938 0.520833 0.735938 0.516667 0.735938 0.512500 0.734375 0.508333 0.732812 0.506250 0.731250 0.504167
1 0.792188 0.508333 0.784375 0.508333 0.779687 0.508333 0.776563 0.508333 0.773438 0.508333 0.771875 0.508333 0.770312 0.510417 0.770312 0.516667 0.770312 0.518750 0.770312 0.520833 0.771875 0.525000 0.773438 0.525000 0.776563 0.527083 0.778125 0.527083 0.782813 0.527083 0.785937 0.527083 0.789062 0.527083 0.790625 0.527083 0.793750 0.527083 0.793750 0.522917 0.793750 0.516667 0.792188 0.512500 0.790625 0.510417 0.790625 0.508333
1 0.845313 0.512500 0.837500 0.512500 0.834375 0.512500 0.831250 0.512500 0.828125 0.512500 0.825000 0.512500 0.821875 0.512500 0.820312 0.512500 0.820312 0.514583 0.821875 0.518750 0.821875 0.520833 0.821875 0.525000 0.825000 0.525000 0.829688 0.525000 0.832812 0.525000 0.843750 0.525000 0.848437 0.525000 0.851562 0.525000 0.854688 0.525000 0.854688 0.520833 0.851562 0.516667 0.850000 0.510417 0.848437 0.506250 0.848437 0.504167
1 0.901563 0.520833 0.898438 0.520833 0.890625 0.520833 0.890625 0.520833 0.887500 0.520833 0.885938 0.520833 0.882812 0.520833 0.881250 0.520833 0.881250 0.522917 0.881250 0.525000 0.881250 0.527083 0.882812 0.529167 0.884375 0.529167 0.885938 0.529167 0.887500 0.529167 0.889062 0.531250 0.890625 0.531250 0.893750 0.531250 0.896875 0.531250 0.898438 0.531250 0.900000 0.529167 0.901563 0.529167 0.901563 0.527083 0.901563 0.525000 0.900000 0.522917
1 0.534375 0.472917 0.532813 0.475000 0.531250 0.477083 0.528125 0.477083 0.526563 0.477083 0.523438 0.479167 0.520312 0.479167 0.517188 0.479167 0.515625 0.481250 0.515625 0.481250 0.517188 0.485417 0.518750 0.487500 0.518750 0.489583 0.523438 0.489583 0.525000 0.491667 0.528125 0.491667 0.529687 0.491667 0.531250 0.491667 0.534375 0.491667 0.535937 0.489583 0.537500 0.487500 0.537500 0.485417 0.535937 0.481250 0.535937 0.477083 0.535937 0.472917
2 0.578125 0.279167 0.573438 0.277083 0.570312 0.275000 0.564063 0.275000 0.560937 0.275000 0.557813 0.275000 0.554688 0.275000 0.551562 0.275000 0.548438 0.275000 0.546875 0.279167 0.543750 0.281250 0.546875 0.283333 0.548438 0.285417 0.551562 0.287500 0.554688 0.287500 0.560937 0.287500 0.564063 0.287500 0.570312 0.287500 0.573438 0.287500 0.576562 0.287500 0.579688 0.287500 0.579688 0.285417 0.579688 0.279167
2 0.642188 0.275000 0.632812 0.275000 0.626563 0.272917 0.625000 0.272917 0.621875 0.272917 0.618750 0.272917 0.615625 0.272917 0.614062 0.275000 0.612500 0.275000 0.612500 0.279167 0.612500 0.283333 0.612500 0.287500 0.612500 0.289583 0.615625 0.291667 0.615625 0.291667 0.625000 0.291667 0.628125 0.291667 0.632812 0.291667 0.634375 0.291667 0.637500 0.291667 0.639062 0.291667 0.640625 0.289583 0.640625 0.285417 0.640625 0.283333
2 0.698438 0.270833 0.692187 0.270833 0.687500 0.270833 0.681250 0.270833 0.676562 0.270833 0.673438 0.272917 0.670312 0.272917 0.670312 0.275000 0.670312 0.279167 0.670312 0.283333 0.673438 0.283333 0.676562 0.285417 0.679688 0.287500 0.682813 0.287500 0.687500 0.287500 0.692187 0.287500 0.693750 0.287500 0.696875 0.287500 0.696875 0.283333 0.700000 0.279167 0.700000 0.275000 0.700000 0.272917
2 0.757812 0.279167 0.754687 0.279167 0.751563 0.277083 0.746875 0.275000 0.745313 0.275000 0.742188 0.275000 0.739062 0.275000 0.735938 0.275000 0.732812 0.275000 0.731250 0.277083 0.729688 0.279167 0.729688 0.285417 0.729688 0.287500 0.731250 0.291667 0.734375 0.291667 0.737500 0.291667 0.740625 0.291667 0.743750 0.291667 0.746875 0.291667 0.748437 0.291667 0.751563 0.291667 0.754687 0.291667 0.756250 0.291667 0.757812 0.289583 0.757812 0.285417 0.757812 0.283333 0.757812 0.279167
2 0.825000 0.285417 0.818750 0.285417 0.815625 0.285417 0.809375 0.285417 0.804688 0.285417 0.800000 0.285417 0.796875 0.285417 0.793750 0.285417 0.792188 0.287500 0.792188 0.291667 0.793750 0.295833 0.793750 0.300000 0.796875 0.300000 0.800000 0.302083 0.806250 0.304167 0.810937 0.304167 0.815625 0.304167 0.818750 0.304167 0.821875 0.304167 0.823438 0.304167 0.825000 0.302083 0.826562 0.297917 0.828125 0.291667 0.828125 0.287500 0.828125 0.283333
2 0.885938 0.295833 0.879687 0.293750 0.875000 0.291667 0.871875 0.291667 0.868750 0.291667 0.865625 0.291667 0.864062 0.291667 0.860938 0.291667 0.859375 0.293750 0.857812 0.295833 0.856250 0.297917 0.856250 0.300000 0.856250 0.302083 0.860938 0.304167 0.864062 0.306250 0.868750 0.308333 0.875000 0.308333 0.878125 0.308333 0.881250 0.308333 0.882812 0.308333 0.884375 0.302083 0.884375 0.295833 0.884375 0.293750 0.884375 0.291667
2 0.893750 0.404167 0.890625 0.404167 0.890625 0.404167 0.887500 0.404167 0.887500 0.402083 0.885938 0.402083 0.884375 0.404167 0.884375 0.404167 0.884375 0.408333 0.884375 0.408333 0.885938 0.412500 0.885938 0.414583 0.887500 0.414583 0.890625 0.414583 0.890625 0.414583 0.893750 0.414583 0.893750 0.414583 0.896875 0.414583 0.900000 0.414583 0.900000 0.414583 0.903125 0.412500 0.903125 0.408333 0.903125 0.406250 0.901563 0.404167 0.900000 0.402083 0.900000 0.400000 0.898438 0.400000
2 0.843750 0.395833 0.828125 0.391667 0.823438 0.391667 0.820312 0.389583 0.815625 0.387500 0.814063 0.389583 0.814063 0.395833 0.814063 0.400000 0.814063 0.404167 0.814063 0.408333 0.814063 0.414583 0.814063 0.416667 0.818750 0.420833 0.821875 0.420833 0.831250 0.422917 0.835938 0.425000 0.840625 0.425000 0.843750 0.418750 0.845313 0.408333 0.845313 0.404167 0.845313 0.397917
2 0.785937 0.391667 0.779687 0.387500 0.776563 0.387500 0.773438 0.387500 0.771875 0.387500 0.768750 0.387500 0.767188 0.391667 0.767188 0.391667 0.765625 0.393750 0.764062 0.397917 0.764062 0.400000 0.764062 0.404167 0.767188 0.406250 0.767188 0.408333 0.770312 0.408333 0.773438 0.408333 0.776563 0.408333 0.781250 0.408333 0.782813 0.408333 0.784375 0.408333 0.787500 0.408333 0.787500 0.404167 0.787500 0.395833 0.787500 0.391667 0.785937 0.391667
2 0.731250 0.383333 0.728125 0.383333 0.723437 0.383333 0.721875 0.383333 0.718750 0.383333 0.715625 0.383333 0.712500 0.383333 0.710938 0.383333 0.709375 0.385417 0.707812 0.387500 0.709375 0.391667 0.709375 0.397917 0.709375 0.402083 0.712500 0.404167 0.712500 0.406250 0.715625 0.406250 0.718750 0.406250 0.721875 0.406250 0.725000 0.406250 0.726562 0.406250 0.728125 0.404167 0.728125 0.397917 0.728125 0.393750 0.728125 0.391667 0.728125 0.387500
2 0.685937 0.383333 0.679688 0.381250 0.673438 0.379167 0.668750 0.377083 0.664062 0.375000 0.662500 0.375000 0.659375 0.375000 0.657813 0.375000 0.656250 0.377083 0.656250 0.381250 0.657813 0.385417 0.657813 0.387500 0.657813 0.391667 0.657813 0.395833 0.660937 0.397917 0.667188 0.397917 0.670312 0.400000 0.675000 0.402083 0.676562 0.404167 0.679688 0.404167 0.682813 0.402083 0.685937 0.400000 0.685937 0.391667 0.685937 0.387500 0.685937 0.385417
2 0.629687 0.372917 0.628125 0.370833 0.625000 0.370833 0.621875 0.370833 0.618750 0.370833 0.615625 0.370833 0.612500 0.370833 0.610938 0.370833 0.607812 0.372917 0.606250 0.375000 0.603125 0.375000 0.603125 0.379167 0.607812 0.383333 0.612500 0.389583 0.614062 0.391667 0.615625 0.391667 0.618750 0.391667 0.620313 0.391667 0.625000 0.391667 0.629687 0.387500 0.632812 0.387500 0.634375 0.385417 0.634375 0.381250 0.634375 0.379167 0.632812 0.375000
2 0.557813 0.368750 0.553125 0.368750 0.548438 0.368750 0.543750 0.368750 0.540625 0.368750 0.539062 0.368750 0.534375 0.372917 0.531250 0.372917 0.529687 0.375000 0.531250 0.379167 0.534375 0.381250 0.537500 0.383333 0.539062 0.385417 0.540625 0.385417 0.543750 0.385417 0.548438 0.385417 0.550000 0.385417 0.553125 0.385417 0.554688 0.383333 0.553125 0.375000 0.553125 0.368750 0.553125 0.364583
2 0.570312 0.481250 0.564063 0.481250 0.560937 0.481250 0.554688 0.481250 0.550000 0.481250 0.543750 0.481250 0.542188 0.481250 0.540625 0.481250 0.539062 0.481250 0.540625 0.487500 0.540625 0.495833 0.540625 0.500000 0.542188 0.502083 0.548438 0.502083 0.553125 0.502083 0.556250 0.502083 0.560937 0.502083 0.562500 0.502083 0.564063 0.500000 0.567187 0.500000 0.567187 0.497917 0.570312 0.485417 0.570312 0.479167 0.570312 0.475000
2 0.625000 0.489583 0.620313 0.489583 0.615625 0.489583 0.607812 0.489583 0.603125 0.489583 0.600000 0.489583 0.598437 0.489583 0.600000 0.493750 0.603125 0.504167 0.604688 0.508333 0.607812 0.512500 0.610938 0.512500 0.614062 0.512500 0.615625 0.512500 0.620313 0.510417 0.623437 0.508333 0.625000 0.506250 0.628125 0.504167 0.628125 0.500000 0.628125 0.495833 0.626563 0.493750
2 0.706250 0.495833 0.700000 0.495833 0.693750 0.495833 0.689063 0.495833 0.685937 0.495833 0.682813 0.495833 0.678125 0.495833 0.675000 0.497917 0.673438 0.500000 0.673438 0.504167 0.675000 0.508333 0.676562 0.510417 0.682813 0.510417 0.687500 0.510417 0.690625 0.510417 0.693750 0.510417 0.698438 0.512500 0.701562 0.512500 0.703125 0.510417 0.704688 0.506250 0.704688 0.500000 0.704688 0.495833
2 0.767188 0.502083 0.762500 0.502083 0.757812 0.502083 0.754687 0.500000 0.748437 0.500000 0.743750 0.500000 0.739062 0.500000 0.735938 0.502083 0.734375 0.504167 0.735938 0.510417 0.739062 0.514583 0.739062 0.518750 0.743750 0.518750 0.746875 0.518750 0.751563 0.518750 0.756250 0.518750 0.759375 0.518750 0.764062 0.518750 0.764062 0.516667 0.764062 0.510417 0.765625 0.504167
2 0.812500 0.510417 0.809375 0.508333 0.806250 0.504167 0.803125 0.504167 0.801562 0.504167 0.798438 0.504167 0.796875 0.504167 0.796875 0.508333 0.796875 0.512500 0.796875 0.516667 0.796875 0.520833 0.798438 0.520833 0.801562 0.522917 0.804688 0.525000 0.806250 0.525000 0.809375 0.525000 0.812500 0.525000 0.815625 0.520833 0.815625 0.518750 0.815625 0.516667 0.815625 0.512500 0.814063 0.510417
2 0.878125 0.514583 0.873437 0.512500 0.870313 0.512500 0.867188 0.512500 0.864062 0.512500 0.860938 0.512500 0.859375 0.512500 0.856250 0.516667 0.854688 0.520833 0.854688 0.522917 0.854688 0.527083 0.856250 0.527083 0.857812 0.529167 0.860938 0.529167 0.864062 0.529167 0.867188 0.529167 0.870313 0.529167 0.873437 0.529167 0.876563 0.529167 0.876563 0.522917 0.876563 0.518750 0.876563 0.516667
2 0.531250 0.016667 0.528125 0.016667 0.526563 0.016667 0.523438 0.016667 0.520312 0.016667 0.518750 0.020833 0.518750 0.025000 0.518750 0.027083 0.518750 0.031250 0.518750 0.033333 0.518750 0.037500 0.518750 0.039583 0.520312 0.041667 0.523438 0.043750 0.525000 0.043750 0.528125 0.045833 0.529687 0.045833 0.531250 0.041667 0.531250 0.037500 0.531250 0.033333 0.531250 0.029167 0.531250 0.025000 0.531250 0.022917 0.529687 0.020833
2 0.528125 0.083333 0.525000 0.083333 0.521875 0.083333 0.515625 0.085417 0.512500 0.089583 0.510938 0.091667 0.510938 0.097917 0.510938 0.102083 0.510938 0.106250 0.512500 0.110417 0.514062 0.112500 0.517188 0.112500 0.521875 0.116667 0.525000 0.118750 0.528125 0.118750 0.528125 0.114583 0.528125 0.106250 0.529687 0.102083 0.529687 0.097917 0.531250 0.093750 0.531250 0.089583 0.531250 0.085417
2 0.523438 0.158333 0.520312 0.158333 0.517188 0.158333 0.515625 0.158333 0.512500 0.158333 0.510938 0.158333 0.509375 0.164583 0.509375 0.166667 0.509375 0.170833 0.509375 0.175000 0.509375 0.179167 0.509375 0.181250 0.512500 0.183333 0.514062 0.183333 0.515625 0.185417 0.518750 0.185417 0.518750 0.183333 0.521875 0.183333 0.523438 0.175000 0.523438 0.170833 0.525000 0.166667 0.526563 0.162500 0.526563 0.158333 0.525000 0.154167 0.525000 0.154167
2 0.520312 0.210417 0.518750 0.212500 0.515625 0.212500 0.515625 0.214583 0.514062 0.214583 0.512500 0.216667 0.510938 0.218750 0.509375 0.218750 0.509375 0.222917 0.509375 0.222917 0.507812 0.225000 0.507812 0.229167 0.506250 0.229167 0.506250 0.231250 0.506250 0.235417 0.507812 0.235417 0.509375 0.235417 0.512500 0.235417 0.515625 0.235417 0.515625 0.235417 0.518750 0.235417 0.518750 0.235417 0.520312 0.235417 0.520312 0.227083 0.520312 0.222917 0.520312 0.220833 0.520312 0.218750 0.520312 0.216667 0.520312 0.214583 0.520312 0.212500
2 0.515625 0.266667 0.515625 0.266667 0.512500 0.268750 0.510938 0.268750 0.510938 0.270833 0.510938 0.272917 0.509375 0.275000 0.509375 0.275000 0.506250 0.277083 0.506250 0.279167 0.506250 0.281250 0.507812 0.283333 0.509375 0.285417 0.509375 0.283333 0.510938 0.283333 0.512500 0.281250 0.512500 0.279167 0.514062 0.279167 0.515625 0.277083 0.515625 0.275000 0.515625 0.272917 0.515625 0.270833 0.515625 0.268750 0.515625 0.266667 0.517188 0.266667
2 0.446875 0.010417 0.440625 0.010417 0.439063 0.010417 0.435937 0.010417 0.434375 0.012500 0.434375 0.018750 0.434375 0.022917 0.434375 0.027083 0.434375 0.033333 0.434375 0.037500 0.435937 0.037500 0.439063 0.037500 0.440625 0.037500 0.443750 0.037500 0.446875 0.037500 0.446875 0.037500 0.446875 0.031250 0.446875 0.025000 0.446875 0.020833 0.446875 0.016667 0.446875 0.014583
2 0.437500 0.079167 0.425000 0.087500 0.421875 0.089583 0.418750 0.089583 0.418750 0.091667 0.415625 0.093750 0.415625 0.095833 0.415625 0.100000 0.415625 0.104167 0.417187 0.106250 0.418750 0.110417 0.418750 0.110417 0.418750 0.114583 0.421875 0.116667 0.421875 0.116667 0.426563 0.116667 0.429688 0.116667 0.431250 0.116667 0.434375 0.116667 0.434375 0.114583 0.435937 0.106250 0.437500 0.102083 0.437500 0.097917 0.437500 0.093750 0.435937 0.089583 0.434375 0.085417
2 0.437500 0.162500 0.431250 0.162500 0.429688 0.162500 0.426563 0.164583 0.425000 0.166667 0.421875 0.166667 0.421875 0.168750 0.420312 0.172917 0.420312 0.177083 0.418750 0.179167 0.418750 0.183333 0.418750 0.189583 0.418750 0.191667 0.421875 0.193750 0.426563 0.193750 0.429688 0.191667 0.431250 0.191667 0.432812 0.189583 0.434375 0.183333 0.434375 0.170833 0.434375 0.162500 0.434375 0.160417
2 0.428125 0.233333 0.426563 0.233333 0.423438 0.233333 0.421875 0.233333 0.420312 0.235417 0.418750 0.235417 0.415625 0.235417 0.415625 0.239583 0.415625 0.241667 0.415625 0.243750 0.415625 0.245833 0.415625 0.250000 0.417187 0.252083 0.418750 0.252083 0.418750 0.252083 0.421875 0.250000 0.425000 0.250000 0.426563 0.247917 0.428125 0.245833 0.429688 0.245833 0.431250 0.243750 0.431250 0.241667 0.431250 0.239583 0.431250 0.235417 0.431250 0.235417 0.431250 0.233333
1 0.532813 0.058333 0.528125 0.056250 0.523438 0.054167 0.520312 0.054167 0.518750 0.056250 0.515625 0.062500 0.514062 0.066667 0.512500 0.072917 0.512500 0.077083 0.512500 0.081250 0.515625 0.083333 0.518750 0.083333 0.523438 0.083333 0.528125 0.081250 0.534375 0.081250 0.535937 0.081250 0.537500 0.077083 0.535937 0.068750 0.534375 0.060417 0.532813 0.054167
1 0.528125 0.122917 0.523438 0.120833 0.521875 0.118750 0.518750 0.118750 0.515625 0.118750 0.514062 0.120833 0.510938 0.133333 0.509375 0.141667 0.509375 0.145833 0.509375 0.154167 0.509375 0.158333 0.509375 0.162500 0.510938 0.162500 0.515625 0.162500 0.518750 0.158333 0.521875 0.158333 0.525000 0.156250 0.528125 0.154167 0.534375 0.152083 0.537500 0.150000 0.537500 0.145833 0.535937 0.141667 0.532813 0.135417 0.528125 0.127083 0.526563 0.116667 0.525000 0.110417 0.525000 0.110417
1 0.528125 0.193750 0.525000 0.193750 0.521875 0.195833 0.518750 0.197917 0.515625 0.202083 0.514062 0.202083 0.512500 0.204167 0.510938 0.208333 0.507812 0.212500 0.506250 0.216667 0.506250 0.218750 0.506250 0.222917 0.506250 0.225000 0.507812 0.227083 0.510938 0.227083 0.514062 0.227083 0.518750 0.222917 0.518750 0.222917 0.521875 0.218750 0.521875 0.214583 0.523438 0.210417 0.523438 0.204167 0.523438 0.200000 0.523438 0.197917
1 0.440625 0.033333 0.434375 0.033333 0.431250 0.033333 0.428125 0.037500 0.426563 0.037500 0.426563 0.045833 0.426563 0.054167 0.426563 0.058333 0.425000 0.062500 0.423438 0.066667 0.423438 0.072917 0.423438 0.079167 0.425000 0.081250 0.429688 0.081250 0.432812 0.079167 0.434375 0.077083 0.435937 0.075000 0.437500 0.068750 0.440625 0.060417 0.440625 0.054167 0.440625 0.050000 0.440625 0.045833 0.440625 0.041667
1 0.434375 0.125000 0.428125 0.118750 0.425000 0.118750 0.421875 0.118750 0.418750 0.118750 0.417187 0.118750 0.415625 0.120833 0.415625 0.125000 0.415625 0.129167 0.415625 0.133333 0.415625 0.139583 0.415625 0.141667 0.418750 0.145833 0.418750 0.152083 0.418750 0.156250 0.421875 0.156250 0.425000 0.156250 0.428125 0.156250 0.431250 0.156250 0.431250 0.150000 0.431250 0.145833 0.431250 0.141667 0.431250 0.137500 0.431250 0.133333 0.431250 0.129167 0.431250 0.125000
1 0.434375 0.204167 0.431250 0.204167 0.428125 0.204167 0.426563 0.204167 0.425000 0.206250 0.421875 0.208333 0.418750 0.210417 0.418750 0.212500 0.415625 0.214583 0.415625 0.218750 0.415625 0.222917 0.417187 0.225000 0.420312 0.225000 0.421875 0.225000 0.425000 0.225000 0.429688 0.222917 0.432812 0.218750 0.434375 0.218750 0.434375 0.214583 0.434375 0.210417 0.434375 0.206250 0.435937 0.206250
1 0.376563 0.004167 0.373437 0.004167 0.370312 0.004167 0.367188 0.004167 0.367188 0.004167 0.365625 0.004167 0.364063 0.004167 0.364063 0.008333 0.364063 0.010417 0.364063 0.014583 0.364063 0.016667 0.364063 0.020833 0.364063 0.020833 0.364063 0.022917 0.367188 0.027083 0.367188 0.029167 0.368750 0.029167 0.370312 0.029167 0.371875 0.029167 0.373437 0.029167 0.373437 0.027083 0.375000 0.025000 0.376563 0.020833 0.376563 0.018750 0.376563 0.016667 0.376563 0.014583 0.376563 0.010417 0.376563 0.008333 0.376563 0.008333
1 0.367188 0.062500 0.364063 0.062500 0.362500 0.062500 0.360938 0.066667 0.359375 0.068750 0.356250 0.072917 0.356250 0.079167 0.356250 0.085417 0.356250 0.089583 0.356250 0.093750 0.357812 0.093750 0.360938 0.093750 0.362500 0.093750 0.364063 0.091667 0.367188 0.089583 0.367188 0.085417 0.368750 0.077083 0.368750 0.072917 0.368750 0.070833 0.368750 0.066667 0.368750 0.064583
1 0.360938 0.122917 0.354687 0.122917 0.353125 0.122917 0.350000 0.125000 0.350000 0.127083 0.348438 0.129167 0.345313 0.137500 0.343750 0.141667 0.343750 0.145833 0.343750 0.150000 0.343750 0.154167 0.343750 0.158333 0.345313 0.160417 0.346875 0.162500 0.348438 0.162500 0.350000 0.162500 0.354687 0.162500 0.356250 0.162500 0.359375 0.158333 0.364063 0.147917 0.367188 0.145833 0.367188 0.141667 0.367188 0.137500 0.367188 0.133333 0.367188 0.129167 0.367188 0.129167
1 0.282813 0.275000 0.276562 0.275000 0.271875 0.275000 0.267188 0.275000 0.264062 0.275000 0.259375 0.275000 0.257812 0.279167 0.257812 0.285417 0.257812 0.291667 0.259375 0.293750 0.262500 0.295833 0.267188 0.295833 0.271875 0.295833 0.276562 0.295833 0.279687 0.293750 0.282813 0.291667 0.287500 0.291667 0.289062 0.287500 0.289062 0.285417 0.290625 0.281250 0.289062 0.279167 0.285938 0.275000 0.282813 0.275000
1 0.228125 0.279167 0.225000 0.279167 0.220312 0.279167 0.218750 0.279167 0.214062 0.279167 0.210938 0.279167 0.210938 0.281250 0.209375 0.287500 0.207813 0.289583 0.207813 0.291667 0.210938 0.293750 0.210938 0.295833 0.214062 0.297917 0.218750 0.297917 0.223438 0.297917 0.225000 0.295833 0.228125 0.295833 0.228125 0.293750 0.228125 0.289583 0.228125 0.285417 0.228125 0.283333
1 0.173437 0.279167 0.162500 0.277083 0.159375 0.275000 0.156250 0.275000 0.153125 0.275000 0.153125 0.279167 0.153125 0.285417 0.153125 0.287500 0.153125 0.291667 0.153125 0.295833 0.153125 0.300000 0.154688 0.300000 0.156250 0.300000 0.160938 0.295833 0.165625 0.295833 0.168750 0.293750 0.170313 0.291667 0.173437 0.291667 0.173437 0.287500 0.173437 0.285417 0.173437 0.279167 0.173437 0.275000
1 0.131250 0.270833 0.125000 0.270833 0.120313 0.270833 0.117188 0.270833 0.114062 0.270833 0.109375 0.272917 0.106250 0.272917 0.104688 0.275000 0.106250 0.275000 0.106250 0.279167 0.107813 0.285417 0.109375 0.291667 0.110937 0.293750 0.114062 0.293750 0.117188 0.293750 0.118750 0.291667 0.121875 0.291667 0.126562 0.291667 0.128125 0.291667 0.131250 0.289583 0.131250 0.287500 0.131250 0.285417 0.132812 0.275000 0.131250 0.270833 0.131250 0.266667
1 0.079687 0.275000 0.071875 0.275000 0.068750 0.275000 0.065625 0.275000 0.064062 0.277083 0.064062 0.279167 0.064062 0.285417 0.064062 0.289583 0.064062 0.291667 0.064062 0.295833 0.064062 0.300000 0.065625 0.302083 0.067187 0.300000 0.071875 0.295833 0.076563 0.295833 0.079687 0.291667 0.081250 0.291667 0.082812 0.287500 0.082812 0.285417 0.082812 0.281250 0.082812 0.279167 0.081250 0.277083
1 0.043750 0.279167 0.039062 0.279167 0.037500 0.279167 0.034375 0.279167 0.031250 0.279167 0.029687 0.279167 0.029687 0.281250 0.029687 0.287500 0.029687 0.291667 0.029687 0.295833 0.031250 0.295833 0.031250 0.300000 0.032813 0.302083 0.034375 0.302083 0.037500 0.300000 0.040625 0.297917 0.042188 0.295833 0.043750 0.291667 0.046875 0.285417 0.050000 0.283333 0.051562 0.281250 0.051562 0.279167 0.048438 0.277083
2 0.379688 0.033333 0.378125 0.033333 0.376563 0.033333 0.373437 0.033333 0.371875 0.033333 0.367188 0.033333 0.367188 0.033333 0.365625 0.033333 0.364063 0.037500 0.364063 0.041667 0.364063 0.043750 0.364063 0.045833 0.364063 0.050000 0.364063 0.050000 0.362500 0.054167 0.364063 0.054167 0.364063 0.054167 0.367188 0.056250 0.370312 0.056250 0.371875 0.056250 0.371875 0.054167 0.373437 0.054167 0.373437 0.052083 0.373437 0.047917 0.373437 0.041667 0.373437 0.039583 0.371875 0.037500 0.371875 0.033333 0.371875 0.033333
2 0.364063 0.097917 0.360938 0.097917 0.356250 0.100000 0.354687 0.102083 0.353125 0.102083 0.350000 0.104167 0.350000 0.106250 0.350000 0.108333 0.350000 0.110417 0.350000 0.116667 0.350000 0.120833 0.350000 0.122917 0.351562 0.122917 0.353125 0.122917 0.354687 0.122917 0.356250 0.120833 0.359375 0.120833 0.364063 0.120833 0.365625 0.120833 0.367188 0.120833 0.367188 0.118750 0.367188 0.116667 0.367188 0.114583 0.364063 0.104167 0.362500 0.100000 0.362500 0.097917 0.360938 0.095833
2 0.356250 0.162500 0.350000 0.166667 0.348438 0.170833 0.346875 0.172917 0.348438 0.179167 0.350000 0.181250 0.351562 0.185417 0.353125 0.189583 0.353125 0.193750 0.354687 0.195833 0.354687 0.200000 0.354687 0.202083 0.356250 0.206250 0.356250 0.210417 0.357812 0.206250 0.359375 0.202083 0.360938 0.193750 0.360938 0.187500 0.360938 0.183333 0.360938 0.179167 0.360938 0.175000 0.359375 0.170833 0.359375 0.166667 0.356250 0.162500 0.356250 0.158333
2 0.315625 0.279167 0.300000 0.277083 0.295312 0.275000 0.293750 0.275000 0.292187 0.275000 0.292187 0.279167 0.292187 0.283333 0.292187 0.285417 0.293750 0.289583 0.295312 0.291667 0.295312 0.293750 0.298438 0.295833 0.301563 0.295833 0.304688 0.293750 0.312500 0.291667 0.315625 0.291667 0.317188 0.291667 0.317188 0.289583 0.317188 0.285417 0.317188 0.283333 0.317188 0.277083 0.317188 0.275000
2 0.256250 0.277083 0.250000 0.277083 0.245312 0.277083 0.240625 0.277083 0.237500 0.277083 0.234375 0.277083 0.231250 0.279167 0.229687 0.279167 0.228125 0.283333 0.228125 0.287500 0.228125 0.291667 0.228125 0.295833 0.231250 0.300000 0.237500 0.300000 0.240625 0.300000 0.243750 0.297917 0.250000 0.293750 0.253125 0.291667 0.256250 0.287500 0.257812 0.285417 0.257812 0.279167
2 0.204687 0.279167 0.198437 0.279167 0.195312 0.279167 0.190625 0.277083 0.187500 0.277083 0.184375 0.277083 0.179688 0.277083 0.176563 0.277083 0.176563 0.279167 0.173437 0.285417 0.173437 0.289583 0.173437 0.293750 0.178125 0.295833 0.181250 0.295833 0.185938 0.295833 0.189062 0.295833 0.192188 0.295833 0.196875 0.295833 0.200000 0.295833 0.204687 0.291667 0.207813 0.291667 0.207813 0.283333 0.207813 0.279167
2 0.150000 0.275000 0.146875 0.275000 0.143750 0.275000 0.140625 0.275000 0.137500 0.275000 0.135937 0.275000 0.135937 0.279167 0.134375 0.281250 0.134375 0.285417 0.134375 0.289583 0.134375 0.291667 0.134375 0.295833 0.135937 0.297917 0.137500 0.297917 0.140625 0.297917 0.143750 0.297917 0.145313 0.295833 0.146875 0.295833 0.148438 0.291667 0.148438 0.289583 0.150000 0.285417 0.150000 0.283333 0.150000 0.279167
2 0.103125 0.275000 0.098437 0.275000 0.090625 0.275000 0.085938 0.275000 0.084375 0.275000 0.082812 0.277083 0.082812 0.279167 0.082812 0.287500 0.082812 0.291667 0.082812 0.295833 0.082812 0.300000 0.082812 0.304167 0.084375 0.306250 0.089063 0.304167 0.092188 0.302083 0.095312 0.302083 0.098437 0.300000 0.101562 0.297917 0.106250 0.295833 0.107813 0.295833 0.107813 0.291667 0.107813 0.283333 0.106250 0.277083 0.104688 0.275000 0.104688 0.272917
2 0.059375 0.275000 0.057813 0.275000 0.056250 0.275000 0.053125 0.275000 0.051562 0.275000 0.050000 0.275000 0.050000 0.279167 0.050000 0.279167 0.050000 0.283333 0.048438 0.287500 0.046875 0.289583 0.046875 0.291667 0.046875 0.295833 0.046875 0.295833 0.051562 0.297917 0.053125 0.300000 0.056250 0.302083 0.057813 0.302083 0.059375 0.304167 0.059375 0.304167 0.059375 0.302083 0.059375 0.295833 0.059375 0.291667 0.059375 0.285417 0.059375 0.283333 0.059375 0.281250 0.057813 0.279167 0.057813 0.277083 0.057813 0.275000
2 0.025000 0.279167 0.023438 0.279167 0.020313 0.279167 0.017188 0.279167 0.015625 0.279167 0.014063 0.281250 0.012500 0.283333 0.014063 0.283333 0.014063 0.285417 0.015625 0.287500 0.017188 0.289583 0.017188 0.291667 0.017188 0.291667 0.020313 0.291667 0.020313 0.293750 0.021875 0.295833 0.023438 0.295833 0.025000 0.300000 0.026562 0.300000 0.026562 0.300000 0.028125 0.295833 0.029687 0.295833 0.031250 0.295833 0.031250 0.291667 0.031250 0.289583 0.031250 0.287500 0.031250 0.285417 0.031250 0.283333 0.029687 0.281250 0.028125 0.281250
2 0.492188 0.510417 0.489063 0.504167 0.487500 0.504167 0.485938 0.502083 0.481250 0.502083 0.479687 0.502083 0.476562 0.502083 0.475000 0.504167 0.473438 0.504167 0.470313 0.510417 0.468750 0.512500 0.468750 0.516667 0.470313 0.520833 0.473438 0.520833 0.473438 0.520833 0.476562 0.520833 0.479687 0.525000 0.481250 0.525000 0.484375 0.527083 0.485938 0.527083 0.489063 0.527083 0.490625 0.527083 0.490625 0.520833
2 0.489063 0.581250 0.485938 0.577083 0.484375 0.577083 0.481250 0.577083 0.479687 0.577083 0.476562 0.577083 0.473438 0.577083 0.473438 0.579167 0.473438 0.583333 0.471875 0.585417 0.470313 0.589583 0.470313 0.593750 0.470313 0.597917 0.470313 0.600000 0.470313 0.606250 0.470313 0.608333 0.473438 0.608333 0.476562 0.610417 0.478125 0.610417 0.481250 0.610417 0.482812 0.610417 0.485938 0.610417 0.492188 0.585417 0.495312 0.572917 0.495312 0.568750 0.495312 0.568750
2 0.485938 0.668750 0.482812 0.666667 0.479687 0.666667 0.476562 0.666667 0.476562 0.666667 0.473438 0.664583 0.470313 0.664583 0.468750 0.662500 0.468750 0.666667 0.467187 0.666667 0.465625 0.670833 0.464062 0.672917 0.464062 0.677083 0.465625 0.679167 0.467187 0.683333 0.468750 0.689583 0.470313 0.689583 0.473438 0.689583 0.476562 0.689583 0.479687 0.689583 0.481250 0.689583 0.482812 0.687500 0.482812 0.683333 0.482812 0.679167 0.482812 0.675000 0.482812 0.670833 0.482812 0.668750
2 0.476562 0.735417 0.473438 0.735417 0.470313 0.735417 0.467187 0.735417 0.464062 0.735417 0.464062 0.739583 0.460938 0.752083 0.460938 0.758333 0.457813 0.762500 0.457813 0.766667 0.457813 0.770833 0.457813 0.775000 0.460938 0.775000 0.464062 0.775000 0.468750 0.777083 0.471875 0.775000 0.473438 0.768750 0.473438 0.762500 0.473438 0.758333 0.473438 0.752083 0.476562 0.743750 0.476562 0.739583
1 0.492188 0.529167 0.479687 0.529167 0.476562 0.533333 0.473438 0.533333 0.473438 0.537500 0.473438 0.547917 0.473438 0.554167 0.473438 0.560417 0.473438 0.568750 0.473438 0.577083 0.473438 0.581250 0.473438 0.583333 0.476562 0.581250 0.482812 0.581250 0.487500 0.583333 0.489063 0.579167 0.489063 0.575000 0.489063 0.568750 0.489063 0.560417 0.487500 0.554167 0.487500 0.550000 0.485938 0.543750 0.485938 0.537500 0.485938 0.533333 0.482812 0.531250
1 0.484375 0.614583 0.475000 0.614583 0.470313 0.614583 0.467187 0.616667 0.465625 0.620833 0.465625 0.629167 0.465625 0.635417 0.465625 0.641667 0.465625 0.650000 0.465625 0.654167 0.467187 0.656250 0.470313 0.658333 0.473438 0.662500 0.476562 0.662500 0.479687 0.664583 0.482812 0.662500 0.485938 0.652083 0.485938 0.645833 0.485938 0.639583 0.485938 0.631250 0.485938 0.622917 0.485938 0.614583 0.485938 0.610417
1 0.479687 0.695833 0.473438 0.695833 0.468750 0.695833 0.464062 0.695833 0.460938 0.695833 0.460938 0.702083 0.462500 0.710417 0.462500 0.716667 0.462500 0.722917 0.464062 0.727083 0.465625 0.729167 0.470313 0.731250 0.479687 0.735417 0.482812 0.735417 0.485938 0.733333 0.484375 0.727083 0.482812 0.718750 0.482812 0.712500 0.481250 0.706250 0.479687 0.702083 0.479687 0.697917
1 0.470313 0.779167 0.468750 0.779167 0.465625 0.779167 0.464062 0.779167 0.464062 0.783333 0.464062 0.785417 0.464062 0.789583 0.464062 0.791667 0.464062 0.793750 0.464062 0.795833 0.464062 0.797917 0.464062 0.802083 0.464062 0.808333 0.464062 0.808333 0.464062 0.814583 0.464062 0.814583 0.464062 0.814583 0.467187 0.808333 0.468750 0.806250 0.470313 0.804167 0.473438 0.802083 0.473438 0.800000 0.473438 0.795833 0.473438 0.793750 0.473438 0.787500 0.473438 0.783333 0.471875 0.779167 0.470313 0.777083
1 0.389062 0.758333 0.384375 0.758333 0.382812 0.758333 0.379688 0.758333 0.379688 0.762500 0.378125 0.775000 0.378125 0.781250 0.378125 0.785417 0.378125 0.787500 0.378125 0.793750 0.378125 0.800000 0.378125 0.802083 0.379688 0.802083 0.382812 0.802083 0.384375 0.802083 0.385937 0.802083 0.389062 0.800000 0.389062 0.793750 0.389062 0.787500 0.389062 0.783333 0.389062 0.777083 0.389062 0.772917 0.389062 0.768750 0.389062 0.766667 0.389062 0.762500
1 0.395313 0.675000 0.392188 0.675000 0.389062 0.675000 0.385937 0.675000 0.382812 0.679167 0.379688 0.679167 0.378125 0.679167 0.379688 0.689583 0.379688 0.693750 0.381250 0.697917 0.381250 0.702083 0.381250 0.706250 0.381250 0.710417 0.382812 0.710417 0.387500 0.712500 0.390625 0.712500 0.392188 0.712500 0.395313 0.710417 0.395313 0.708333 0.395313 0.706250 0.395313 0.697917 0.395313 0.693750 0.393750 0.687500 0.393750 0.683333 0.392188 0.677083 0.392188 0.675000
1 0.393750 0.597917 0.389062 0.593750 0.387500 0.591667 0.384375 0.591667 0.384375 0.595833 0.384375 0.602083 0.384375 0.614583 0.382812 0.618750 0.382812 0.629167 0.382812 0.633333 0.385937 0.635417 0.389062 0.635417 0.392188 0.635417 0.395313 0.635417 0.395313 0.629167 0.396875 0.620833 0.396875 0.614583 0.395313 0.608333 0.395313 0.600000 0.395313 0.595833 0.393750 0.593750
1 0.401562 0.504167 0.396875 0.504167 0.392188 0.504167 0.390625 0.508333 0.390625 0.516667 0.390625 0.520833 0.392188 0.525000 0.392188 0.533333 0.392188 0.539583 0.392188 0.545833 0.392188 0.552083 0.392188 0.554167 0.395313 0.554167 0.398438 0.554167 0.401562 0.552083 0.401562 0.550000 0.403125 0.545833 0.401562 0.537500 0.401562 0.527083 0.401562 0.516667 0.401562 0.504167 0.401562 0.500000
2 0.403125 0.560417 0.398438 0.560417 0.395313 0.560417 0.392188 0.560417 0.389062 0.560417 0.389062 0.564583 0.389062 0.572917 0.389062 0.577083 0.389062 0.581250 0.389062 0.583333 0.389062 0.589583 0.389062 0.591667 0.389062 0.593750 0.392188 0.593750 0.395313 0.593750 0.396875 0.593750 0.398438 0.595833 0.401562 0.593750 0.401562 0.589583 0.401562 0.583333 0.401562 0.577083 0.401562 0.572917 0.401562 0.570833
2 0.395313 0.641667 0.392188 0.639583 0.389062 0.637500 0.387500 0.637500 0.384375 0.635417 0.382812 0.635417 0.382812 0.645833 0.379688 0.650000 0.379688 0.654167 0.379688 0.658333 0.379688 0.662500 0.379688 0.666667 0.379688 0.668750 0.384375 0.670833 0.387500 0.670833 0.389062 0.670833 0.392188 0.670833 0.395313 0.672917 0.395313 0.670833 0.395313 0.662500 0.395313 0.658333 0.395313 0.656250 0.395313 0.650000 0.395313 0.645833 0.395313 0.645833
2 0.390625 0.718750 0.385937 0.718750 0.384375 0.718750 0.381250 0.718750 0.379688 0.718750 0.378125 0.720833 0.378125 0.731250 0.378125 0.735417 0.378125 0.739583 0.378125 0.741667 0.376563 0.747917 0.376563 0.752083 0.376563 0.752083 0.378125 0.752083 0.379688 0.752083 0.384375 0.752083 0.385937 0.752083 0.389062 0.752083 0.390625 0.752083 0.392188 0.745833 0.392188 0.739583 0.392188 0.735417 0.392188 0.729167 0.392188 0.727083 0.392188 0.722917 0.389062 0.722917
2 0.385937 0.814583 0.384375 0.814583 0.382812 0.814583 0.379688 0.814583 0.379688 0.814583 0.376563 0.814583 0.376563 0.814583 0.375000 0.814583 0.375000 0.816667 0.376563 0.818750 0.376563 0.820833 0.376563 0.827083 0.376563 0.829167 0.376563 0.831250 0.376563 0.833333 0.379688 0.835417 0.379688 0.835417 0.382812 0.835417 0.384375 0.835417 0.385937 0.835417 0.387500 0.833333 0.389062 0.829167 0.389062 0.825000 0.389062 0.818750 0.389062 0.814583 0.389062 0.810417 0.389062 0.808333
2 0.315625 0.710417 0.306250 0.706250 0.304688 0.706250 0.300000 0.702083 0.296875 0.697917 0.295312 0.697917 0.298438 0.718750 0.300000 0.727083 0.300000 0.731250 0.300000 0.735417 0.301563 0.741667 0.304688 0.743750 0.312500 0.745833 0.317188 0.747917 0.318750 0.745833 0.320312 0.735417 0.320312 0.727083 0.320312 0.718750 0.318750 0.710417 0.317188 0.706250
2 0.315625 0.637500 0.314063 0.637500 0.312500 0.637500 0.310937 0.639583 0.309375 0.639583 0.307812 0.641667 0.307812 0.641667 0.307812 0.645833 0.307812 0.645833 0.307812 0.650000 0.307812 0.650000 0.307812 0.654167 0.309375 0.654167 0.310937 0.656250 0.312500 0.658333 0.314063 0.662500 0.315625 0.662500 0.315625 0.662500 0.317188 0.662500 0.318750 0.662500 0.318750 0.662500 0.318750 0.658333 0.318750 0.656250 0.318750 0.654167 0.318750 0.650000 0.318750 0.647917 0.318750 0.645833 0.318750 0.645833
2 0.321875 0.552083 0.315625 0.550000 0.312500 0.550000 0.307812 0.550000 0.306250 0.552083 0.306250 0.558333 0.306250 0.564583 0.306250 0.568750 0.306250 0.572917 0.307812 0.577083 0.309375 0.581250 0.312500 0.585417 0.315625 0.587500 0.318750 0.587500 0.321875 0.587500 0.323437 0.583333 0.323437 0.577083 0.323437 0.570833 0.323437 0.564583 0.321875 0.558333
1 0.325000 0.520833 0.321875 0.520833 0.318750 0.525000 0.315625 0.527083 0.314063 0.529167 0.312500 0.533333 0.312500 0.535417 0.312500 0.541667 0.312500 0.543750 0.312500 0.545833 0.317188 0.545833 0.320312 0.545833 0.321875 0.545833 0.325000 0.545833 0.325000 0.543750 0.325000 0.537500 0.325000 0.533333 0.326562 0.529167 0.326562 0.527083 0.326562 0.520833
1 0.325000 0.593750 0.321875 0.593750 0.317188 0.591667 0.314063 0.589583 0.310937 0.589583 0.307812 0.591667 0.304688 0.593750 0.304688 0.597917 0.304688 0.602083 0.304688 0.606250 0.304688 0.612500 0.304688 0.618750 0.304688 0.629167 0.306250 0.631250 0.307812 0.633333 0.312500 0.633333 0.315625 0.633333 0.318750 0.631250 0.318750 0.627083 0.321875 0.616667 0.321875 0.610417 0.323437 0.606250 0.323437 0.602083 0.323437 0.597917
1 0.317188 0.675000 0.312500 0.672917 0.312500 0.670833 0.307812 0.670833 0.306250 0.666667 0.304688 0.666667 0.301563 0.668750 0.301563 0.672917 0.301563 0.679167 0.301563 0.683333 0.301563 0.685417 0.301563 0.689583 0.301563 0.693750 0.304688 0.695833 0.304688 0.695833 0.307812 0.697917 0.312500 0.700000 0.315625 0.702083 0.318750 0.702083 0.318750 0.695833 0.317188 0.689583 0.317188 0.685417 0.317188 0.683333 0.317188 0.679167 0.317188 0.677083
1 0.307812 0.752083 0.303125 0.747917 0.298438 0.747917 0.293750 0.754167 0.292187 0.762500 0.292187 0.768750 0.292187 0.777083 0.292187 0.783333 0.293750 0.791667 0.295312 0.795833 0.295312 0.802083 0.298438 0.806250 0.304688 0.806250 0.306250 0.802083 0.307812 0.793750 0.307812 0.787500 0.307812 0.779167 0.307812 0.772917 0.307812 0.762500 0.307812 0.756250
1 0.039062 0.343750 0.034375 0.341667 0.031250 0.341667 0.028125 0.341667 0.026562 0.341667 0.023438 0.341667 0.021875 0.343750 0.021875 0.347917 0.021875 0.352083 0.021875 0.356250 0.021875 0.360417 0.023438 0.362500 0.026562 0.364583 0.026562 0.366667 0.029687 0.368750 0.031250 0.368750 0.034375 0.368750 0.037500 0.368750 0.037500 0.366667 0.039062 0.364583 0.040625 0.360417 0.042188 0.356250 0.042188 0.352083 0.042188 0.347917 0.040625 0.343750
1 0.076563 0.339583 0.068750 0.339583 0.067187 0.339583 0.064062 0.339583 0.060937 0.339583 0.059375 0.341667 0.059375 0.352083 0.059375 0.360417 0.059375 0.364583 0.059375 0.368750 0.060937 0.368750 0.062500 0.368750 0.065625 0.370833 0.068750 0.370833 0.071875 0.370833 0.075000 0.370833 0.076563 0.368750 0.078125 0.368750 0.078125 0.362500 0.078125 0.358333 0.079687 0.356250 0.079687 0.352083 0.079687 0.347917 0.079687 0.343750 0.076563 0.341667 0.076563 0.341667
1 0.146875 0.347917 0.140625 0.347917 0.137500 0.347917 0.134375 0.347917 0.131250 0.347917 0.128125 0.347917 0.128125 0.347917 0.125000 0.352083 0.121875 0.356250 0.120313 0.358333 0.120313 0.360417 0.121875 0.362500 0.123438 0.364583 0.128125 0.364583 0.129688 0.366667 0.132812 0.368750 0.135937 0.368750 0.137500 0.368750 0.140625 0.368750 0.143750 0.366667 0.143750 0.364583 0.146875 0.358333 0.146875 0.352083 0.146875 0.350000 0.146875 0.347917
1 0.200000 0.347917 0.185938 0.345833 0.182812 0.345833 0.179688 0.345833 0.178125 0.345833 0.175000 0.345833 0.171875 0.354167 0.168750 0.358333 0.168750 0.362500 0.170313 0.364583 0.173437 0.364583 0.176563 0.366667 0.179688 0.368750 0.182812 0.368750 0.187500 0.368750 0.190625 0.368750 0.193750 0.368750 0.195312 0.368750 0.198437 0.368750 0.198437 0.364583 0.200000 0.360417 0.200000 0.356250 0.198437 0.352083 0.198437 0.347917 0.198437 0.347917
1 0.250000 0.352083 0.240625 0.352083 0.234375 0.352083 0.231250 0.352083 0.228125 0.352083 0.225000 0.352083 0.225000 0.354167 0.223438 0.364583 0.223438 0.368750 0.225000 0.368750 0.225000 0.372917 0.226562 0.375000 0.228125 0.375000 0.232813 0.375000 0.237500 0.375000 0.240625 0.375000 0.243750 0.375000 0.245312 0.375000 0.248438 0.375000 0.250000 0.375000 0.251563 0.370833 0.253125 0.364583 0.253125 0.358333 0.253125 0.352083 0.251563 0.350000
1 0.310937 0.362500 0.306250 0.358333 0.303125 0.356250 0.298438 0.352083 0.295312 0.352083 0.289062 0.352083 0.285938 0.356250 0.284375 0.358333 0.282813 0.364583 0.282813 0.368750 0.284375 0.375000 0.289062 0.377083 0.295312 0.379167 0.300000 0.381250 0.304688 0.381250 0.309375 0.379167 0.312500 0.377083 0.315625 0.370833 0.312500 0.364583 0.310937 0.364583 0.307812 0.362500
2 0.015625 0.343750 0.010937 0.343750 0.009375 0.343750 0.006250 0.343750 0.003125 0.347917 0.001563 0.347917 0.001563 0.352083 0.001563 0.356250 0.001563 0.360417 0.003125 0.360417 0.006250 0.360417 0.009375 0.362500 0.010937 0.362500 0.014063 0.362500 0.015625 0.360417 0.017188 0.358333 0.017188 0.356250 0.017188 0.352083 0.017188 0.347917 0.017188 0.345833
2 0.056250 0.343750 0.050000 0.341667 0.046875 0.341667 0.043750 0.341667 0.042188 0.341667 0.042188 0.345833 0.042188 0.347917 0.042188 0.354167 0.042188 0.358333 0.042188 0.362500 0.043750 0.364583 0.046875 0.364583 0.050000 0.366667 0.053125 0.366667 0.056250 0.366667 0.057813 0.366667 0.059375 0.364583 0.059375 0.362500 0.059375 0.356250 0.057813 0.350000 0.056250 0.345833 0.056250 0.343750 0.056250 0.343750
2 0.120313 0.343750 0.107813 0.343750 0.101562 0.343750 0.095312 0.341667 0.092188 0.341667 0.085938 0.341667 0.085938 0.345833 0.085938 0.352083 0.084375 0.356250 0.082812 0.360417 0.085938 0.364583 0.089063 0.370833 0.093750 0.370833 0.100000 0.370833 0.103125 0.368750 0.106250 0.368750 0.112500 0.368750 0.118750 0.368750 0.118750 0.364583 0.120313 0.360417 0.120313 0.352083 0.120313 0.343750 0.120313 0.339583
2 0.168750 0.347917 0.164062 0.343750 0.159375 0.343750 0.153125 0.343750 0.150000 0.343750 0.148438 0.345833 0.148438 0.350000 0.148438 0.356250 0.148438 0.360417 0.148438 0.364583 0.150000 0.368750 0.153125 0.368750 0.156250 0.368750 0.159375 0.368750 0.164062 0.368750 0.165625 0.364583 0.165625 0.362500 0.167187 0.358333 0.168750 0.352083 0.168750 0.347917 0.170313 0.343750
2 0.220312 0.347917 0.215625 0.347917 0.210938 0.347917 0.207813 0.347917 0.206250 0.347917 0.203125 0.347917 0.201563 0.350000 0.203125 0.352083 0.204687 0.356250 0.204687 0.360417 0.206250 0.364583 0.210938 0.364583 0.215625 0.364583 0.220312 0.364583 0.221875 0.364583 0.225000 0.364583 0.225000 0.356250 0.225000 0.350000 0.225000 0.347917 0.225000 0.343750 0.221875 0.343750
2 0.282813 0.356250 0.278125 0.352083 0.275000 0.347917 0.270313 0.345833 0.267188 0.345833 0.262500 0.345833 0.259375 0.345833 0.257812 0.347917 0.256250 0.350000 0.254688 0.352083 0.254688 0.358333 0.253125 0.364583 0.253125 0.368750 0.254688 0.370833 0.259375 0.375000 0.264062 0.375000 0.268750 0.375000 0.273438 0.375000 0.279687 0.375000 0.282813 0.372917 0.282813 0.368750 0.282813 0.364583 0.281250 0.358333 0.281250 0.352083
2 0.043750 0.418750 0.040625 0.418750 0.037500 0.418750 0.035937 0.418750 0.034375 0.416667 0.034375 0.416667 0.031250 0.416667 0.031250 0.416667 0.028125 0.416667 0.026562 0.420833 0.026562 0.420833 0.026562 0.422917 0.026562 0.425000 0.026562 0.429167 0.026562 0.431250 0.026562 0.431250 0.029687 0.431250 0.031250 0.431250 0.032813 0.433333 0.034375 0.433333 0.034375 0.433333 0.037500 0.433333 0.039062 0.433333 0.040625 0.433333 0.040625 0.427083 0.040625 0.425000 0.040625 0.420833 0.040625 0.420833
2 0.082812 0.420833 0.076563 0.420833 0.071875 0.420833 0.070312 0.418750 0.068750 0.418750 0.065625 0.418750 0.062500 0.418750 0.062500 0.420833 0.062500 0.425000 0.062500 0.431250 0.062500 0.433333 0.065625 0.433333 0.067187 0.435417 0.068750 0.437500 0.071875 0.437500 0.073438 0.437500 0.076563 0.439583 0.078125 0.439583 0.079687 0.439583 0.081250 0.433333 0.081250 0.429167 0.081250 0.425000 0.081250 0.422917 0.081250 0.420833
2 0.131250 0.429167 0.123438 0.425000 0.118750 0.425000 0.115625 0.425000 0.112500 0.425000 0.110937 0.427083 0.110937 0.431250 0.114062 0.433333 0.114062 0.437500 0.115625 0.441667 0.117188 0.443750 0.118750 0.445833 0.123438 0.447917 0.128125 0.447917 0.131250 0.447917 0.134375 0.447917 0.137500 0.445833 0.140625 0.437500 0.143750 0.431250 0.140625 0.429167 0.139063 0.427083 0.134375 0.427083 0.131250 0.427083 0.128125 0.427083
2 0.182812 0.437500 0.178125 0.437500 0.173437 0.437500 0.168750 0.437500 0.167187 0.437500 0.165625 0.437500 0.162500 0.437500 0.160938 0.437500 0.160938 0.441667 0.160938 0.443750 0.160938 0.447917 0.164062 0.447917 0.167187 0.450000 0.168750 0.452083 0.173437 0.452083 0.175000 0.452083 0.176563 0.454167 0.179688 0.454167 0.179688 0.452083 0.181250 0.447917 0.182812 0.445833 0.182812 0.443750 0.182812 0.439583 0.182812 0.437500
2 0.234375 0.447917 0.231250 0.447917 0.228125 0.445833 0.225000 0.443750 0.221875 0.443750 0.218750 0.443750 0.215625 0.443750 0.214062 0.443750 0.214062 0.447917 0.214062 0.452083 0.214062 0.454167 0.214062 0.456250 0.215625 0.460417 0.218750 0.462500 0.220312 0.464583 0.225000 0.464583 0.226562 0.464583 0.228125 0.464583 0.232813 0.464583 0.234375 0.464583 0.237500 0.460417 0.237500 0.456250 0.237500 0.452083 0.237500 0.447917 0.235937 0.447917 0.232813 0.447917 0.231250 0.447917
2 0.282813 0.445833 0.276562 0.445833 0.271875 0.445833 0.267188 0.445833 0.264062 0.445833 0.260937 0.445833 0.260937 0.447917 0.262500 0.452083 0.262500 0.456250 0.262500 0.458333 0.262500 0.460417 0.265625 0.462500 0.267188 0.464583 0.270313 0.466667 0.275000 0.468750 0.276562 0.468750 0.279687 0.468750 0.282813 0.468750 0.285938 0.464583 0.287500 0.462500 0.289062 0.460417 0.289062 0.456250 0.289062 0.452083 0.287500 0.447917 0.282813 0.447917
1 0.317188 0.456250 0.314063 0.447917 0.312500 0.445833 0.307812 0.443750 0.306250 0.443750 0.304688 0.443750 0.300000 0.443750 0.298438 0.443750 0.295312 0.445833 0.293750 0.447917 0.293750 0.450000 0.293750 0.454167 0.293750 0.456250 0.295312 0.460417 0.300000 0.460417 0.304688 0.464583 0.307812 0.464583 0.310937 0.464583 0.317188 0.460417 0.320312 0.460417 0.321875 0.458333 0.323437 0.456250 0.325000 0.454167
1 0.253125 0.439583 0.246875 0.439583 0.243750 0.439583 0.237500 0.439583 0.237500 0.441667 0.235937 0.445833 0.235937 0.452083 0.237500 0.456250 0.237500 0.460417 0.240625 0.460417 0.245312 0.460417 0.248438 0.460417 0.251563 0.460417 0.253125 0.460417 0.256250 0.458333 0.257812 0.456250 0.259375 0.454167 0.259375 0.447917 0.259375 0.443750 0.257812 0.439583 0.253125 0.439583
1 0.203125 0.433333 0.192188 0.435417 0.185938 0.437500 0.182812 0.437500 0.181250 0.439583 0.181250 0.447917 0.181250 0.452083 0.182812 0.454167 0.187500 0.456250 0.193750 0.456250 0.198437 0.460417 0.203125 0.460417 0.207813 0.460417 0.209375 0.460417 0.210938 0.456250 0.210938 0.450000 0.210938 0.445833 0.207813 0.443750 0.206250 0.439583 0.203125 0.435417 0.200000 0.435417 0.196875 0.435417
1 0.153125 0.435417 0.150000 0.433333 0.146875 0.433333 0.143750 0.433333 0.140625 0.433333 0.140625 0.437500 0.140625 0.441667 0.142187 0.443750 0.143750 0.447917 0.146875 0.447917 0.150000 0.447917 0.153125 0.447917 0.156250 0.447917 0.156250 0.443750 0.159375 0.439583 0.159375 0.433333 0.159375 0.429167 0.156250 0.429167 0.153125 0.429167 0.151562 0.431250 0.148438 0.431250
1 0.107813 0.422917 0.104688 0.422917 0.098437 0.422917 0.095312 0.420833 0.092188 0.420833 0.089063 0.420833 0.085938 0.420833 0.082812 0.422917 0.084375 0.425000 0.084375 0.433333 0.085938 0.437500 0.089063 0.439583 0.090625 0.441667 0.093750 0.441667 0.098437 0.443750 0.101562 0.443750 0.104688 0.443750 0.107813 0.443750 0.107813 0.439583 0.110937 0.435417 0.110937 0.431250 0.109375 0.425000 0.107813 0.422917
1 0.056250 0.416667 0.051562 0.416667 0.050000 0.416667 0.046875 0.418750 0.043750 0.418750 0.043750 0.420833 0.043750 0.422917 0.043750 0.425000 0.043750 0.431250 0.043750 0.433333 0.045312 0.435417 0.046875 0.437500 0.050000 0.437500 0.051562 0.437500 0.056250 0.437500 0.057813 0.437500 0.059375 0.435417 0.060937 0.433333 0.060937 0.429167 0.060937 0.422917 0.059375 0.416667 0.059375 0.414583 0.056250 0.414583
1 0.017188 0.412500 0.015625 0.412500 0.012500 0.412500 0.009375 0.414583 0.006250 0.414583 0.004687 0.414583 0.004687 0.418750 0.004687 0.420833 0.004687 0.425000 0.004687 0.427083 0.006250 0.429167 0.009375 0.431250 0.012500 0.431250 0.015625 0.431250 0.017188 0.431250 0.020313 0.431250 0.021875 0.429167 0.023438 0.425000 0.025000 0.422917 0.025000 0.420833 0.023438 0.416667 0.021875 0.414583 0.020313 0.414583 0.017188 0.414583 0.014063 0.412500 0.012500 0.412500
