0 0.660156 0.553125 0.189062 0.118750
0 0.171094 0.384375 0.123438 0.081250
0 0.327344 0.761458 0.070312 0.231250
0 0.396875 0.270833 0.393750 0.252083 0.392188 0.231250 0.385937 0.218750 0.385937 0.202083 0.387500 0.183333 0.389062 0.166667 0.385937 0.150000 0.371875 0.147917 0.360938 0.152083 0.360938 0.170833 0.359375 0.189583 0.356250 0.208333 0.354687 0.227083 0.353125 0.239583 0.345313 0.254167 0.345313 0.275000 0.360938 0.279167 0.371875 0.279167 0.384375 0.275000 0.395313 0.268750
7 0.073438 0.786458 0.150000 0.385417
7 0.236719 0.284375 0.076563 0.097917
7 0.296875 0.235417 0.046875 0.091667
3 0.550781 0.363542 0.032813 0.172917
3 0.386719 0.440625 0.057813 0.072917
3 0.407813 0.237500 0.050000 0.166667
3 0.307812 0.314583 0.050000 0.133333
7 0.598437 0.627083 0.131250 0.108333
7 0.250000 0.677083 0.084375 0.141667
