4 0.543750 0.456250 0.528125 0.462500 0.515625 0.464583 0.500000 0.470833 0.490625 0.475000 0.479687 0.483333 0.487500 0.500000 0.492188 0.510417 0.495312 0.525000 0.498437 0.541667 0.503125 0.554167 0.515625 0.556250 0.528125 0.554167 0.543750 0.547917 0.556250 0.543750 0.568750 0.541667 0.565625 0.525000 0.560937 0.510417 0.557813 0.495833 0.554688 0.481250 0.548438 0.462500
4 0.396875 0.366667 0.384375 0.366667 0.371875 0.364583 0.357812 0.362500 0.343750 0.362500 0.331250 0.364583 0.331250 0.375000 0.331250 0.391667 0.331250 0.408333 0.331250 0.422917 0.335938 0.439583 0.335938 0.456250 0.348438 0.456250 0.362500 0.454167 0.373437 0.452083 0.387500 0.450000 0.400000 0.447917 0.401562 0.433333 0.401562 0.416667 0.401562 0.400000 0.401562 0.383333 0.398438 0.368750
4 0.432812 0.608333 0.417187 0.608333 0.406250 0.610417 0.396875 0.612500 0.384375 0.614583 0.376563 0.618750 0.373437 0.633333 0.373437 0.647917 0.373437 0.666667 0.373437 0.681250 0.376563 0.693750 0.384375 0.697917 0.396875 0.697917 0.409375 0.697917 0.426563 0.693750 0.435937 0.689583 0.442188 0.681250 0.442188 0.666667 0.442188 0.652083 0.439063 0.637500 0.435937 0.622917 0.434375 0.606250
4 0.321875 0.479167 0.309375 0.479167 0.298438 0.479167 0.287500 0.479167 0.275000 0.479167 0.264062 0.481250 0.265625 0.495833 0.265625 0.512500 0.262500 0.529167 0.262500 0.547917 0.262500 0.560417 0.273438 0.562500 0.285938 0.560417 0.295312 0.558333 0.309375 0.558333 0.320312 0.558333 0.323437 0.541667 0.326562 0.529167 0.326562 0.514583 0.326562 0.500000 0.325000 0.481250
7 0.279687 0.362500 0.267188 0.360417 0.256250 0.356250 0.254688 0.368750 0.254688 0.385417 0.254688 0.400000 0.254688 0.414583 0.257812 0.429167 0.259375 0.439583 0.265625 0.450000 0.275000 0.450000 0.281250 0.441667 0.285938 0.429167 0.281250 0.420833 0.275000 0.414583 0.265625 0.412500 0.264062 0.397917 0.267188 0.389583 0.278125 0.389583 0.282813 0.379167 0.281250 0.366667
7 0.254688 0.439583 0.243750 0.439583 0.232813 0.439583 0.221875 0.439583 0.212500 0.437500 0.200000 0.435417 0.189062 0.435417 0.189062 0.450000 0.187500 0.462500 0.189062 0.477083 0.195312 0.483333 0.206250 0.483333 0.215625 0.481250 0.217188 0.468750 0.221875 0.460417 0.228125 0.468750 0.235937 0.472917 0.246875 0.472917 0.254688 0.468750 0.256250 0.456250 0.259375 0.443750
7 0.326562 0.766667 0.312500 0.764583 0.303125 0.756250 0.295312 0.764583 0.290625 0.781250 0.289062 0.802083 0.287500 0.820833 0.285938 0.841667 0.285938 0.860417 0.290625 0.875000 0.301563 0.862500 0.314063 0.860417 0.326562 0.858333 0.329688 0.839583 0.323437 0.825000 0.309375 0.825000 0.307812 0.808333 0.317188 0.804167 0.329688 0.797917 0.331250 0.779167
7 0.187500 0.812500 0.154688 0.837500 0.128125 0.856250 0.104688 0.864583 0.082812 0.872917 0.062500 0.887500 0.054688 0.910417 0.051562 0.933333 0.060937 0.960417 0.071875 0.981250 0.087500 0.993750 0.107813 0.993750 0.129688 0.981250 0.156250 0.962500 0.178125 0.943750 0.201563 0.927083 0.221875 0.916667 0.209375 0.887500 0.195312 0.854167 0.184375 0.833333 0.173437 0.808333
7 0.235937 0.920833 0.217188 0.933333 0.201563 0.954167 0.190625 0.966667 0.173437 0.979167 0.164062 0.987500 0.151562 1.004167 0.159375 1.006250 0.176563 1.010417 0.195312 1.012500 0.214062 1.014583 0.229687 1.016667 0.253125 1.016667 0.268750 1.016667 0.282813 1.014583 0.284375 1.000000 0.275000 0.989583 0.265625 0.975000 0.256250 0.962500 0.245312 0.950000 0.235937 0.933333 0.229687 0.920833
7 0.568750 0.735417 0.584375 0.735417 0.595313 0.733333 0.598437 0.716667 0.600000 0.704167 0.593750 0.695833 0.584375 0.691667 0.570312 0.691667 0.564063 0.700000 0.559375 0.695833 0.546875 0.693750 0.535937 0.689583 0.528125 0.695833 0.525000 0.710417 0.521875 0.720833 0.520312 0.735417 0.534375 0.735417 0.540625 0.745833 0.548438 0.756250 0.560937 0.754167 0.565625 0.743750
8 0.254688 0.508333 0.237500 0.510417 0.218750 0.510417 0.204687 0.510417 0.187500 0.510417 0.171875 0.510417 0.156250 0.508333 0.156250 0.525000 0.156250 0.547917 0.156250 0.570833 0.170313 0.575000 0.185938 0.572917 0.203125 0.572917 0.217188 0.575000 0.231250 0.579167 0.246875 0.581250 0.262500 0.581250 0.265625 0.562500 0.262500 0.541667 0.262500 0.522917 0.254688 0.510417
8 0.598437 0.618750 0.579688 0.627083 0.560937 0.629167 0.546875 0.627083 0.531250 0.625000 0.518750 0.631250 0.518750 0.652083 0.521875 0.672917 0.531250 0.683333 0.546875 0.687500 0.564063 0.687500 0.579688 0.689583 0.595313 0.689583 0.609375 0.691667 0.625000 0.691667 0.634375 0.679167 0.634375 0.656250 0.632812 0.637500 0.625000 0.618750 0.610938 0.612500 0.596875 0.618750
