7 -0.003125 0.239583 0.017188 0.239583 0.035937 0.239583 0.053125 0.239583 0.064062 0.235417 0.068750 0.214583 0.075000 0.195833 0.078125 0.175000 0.085938 0.156250 0.089063 0.127083 0.092188 0.091667 0.092188 0.075000 0.092188 0.058333 0.089063 0.045833 0.075000 0.039583 0.062500 0.037500 0.048438 0.037500 0.028125 0.033333 0.010937 0.033333 0.000000 0.033333 -0.003125 0.043750
7 0.201563 0.020833 0.195312 0.035417 0.190625 0.054167 0.187500 0.077083 0.193750 0.089583 0.207813 0.093750 0.221875 0.093750 0.234375 0.093750 0.253125 0.087500 0.260937 0.072917 0.262500 0.054167 0.270313 0.033333 0.275000 0.020833 0.278125 0.004167 0.273438 -0.002083 0.259375 -0.004167 0.248438 -0.004167 0.232813 -0.004167 0.214062 0.000000 0.204687 0.010417 0.198437 0.020833
7 0.615625 0.000000 0.615625 0.014583 0.615625 0.027083 0.628125 0.033333 0.645312 0.033333 0.653125 0.037500 0.660937 0.041667 0.664062 0.050000 0.670312 0.058333 0.678125 0.062500 0.687500 0.064583 0.695312 0.064583 0.700000 0.054167 0.701562 0.043750 0.715625 0.037500 0.723437 0.037500 0.731250 0.037500 0.739062 0.039583 0.746875 0.039583 0.751563 0.025000 0.754687 0.010417 0.754687 0.000000
7 0.001563 0.570833 -0.001563 0.585417 -0.006250 0.600000 -0.009375 0.612500 -0.006250 0.622917 0.001563 0.616667 -0.003125 0.637500 -0.006250 0.652083 -0.006250 0.668750 -0.007812 0.683333 -0.006250 0.695833 0.001563 0.683333 0.007812 0.670833 0.014063 0.654167 0.020313 0.637500 0.026562 0.620833 0.031250 0.604167 0.037500 0.587500 0.023438 0.579167 0.010937 0.572917 0.000000 0.570833
1 0.737500 0.051042 0.068750 0.035417
1 0.848437 0.060417 0.851562 0.072917 0.853125 0.087500 0.857812 0.093750 0.864062 0.095833 0.873437 0.095833 0.881250 0.097917 0.890625 0.100000 0.898438 0.106250 0.907813 0.106250 0.915625 0.106250 0.917188 0.102083 0.918750 0.089583 0.918750 0.079167 0.915625 0.077083 0.906250 0.072917 0.885938 0.072917 0.878125 0.070833 0.870313 0.070833 0.854688 0.068750 0.835938 0.066667
1 0.981250 0.097917 0.979688 0.100000 0.978125 0.106250 0.978125 0.110417 0.978125 0.114583 0.978125 0.118750 0.981250 0.122917 0.987500 0.125000 0.993750 0.125000 0.995313 0.125000 1.000000 0.125000 1.001562 0.125000 1.003125 0.125000 1.007812 0.125000 1.009375 0.125000 1.007812 0.118750 1.007812 0.116667 1.007812 0.110417 1.007812 0.106250 1.006250 0.104167 1.006250 0.100000 1.006250 0.093750 1.004687 0.093750
1 0.655469 0.157292 0.029687 0.085417
1 0.656250 0.348958 0.037500 0.114583
1 0.651563 0.570833 0.028125 0.112500
1 0.631250 0.838542 0.037500 0.152083
1 0.428125 0.056250 0.425000 0.064583 0.421875 0.075000 0.418750 0.085417 0.414062 0.097917 0.414062 0.106250 0.412500 0.116667 0.412500 0.129167 0.414062 0.139583 0.421875 0.141667 0.429688 0.141667 0.435937 0.139583 0.442188 0.133333 0.443750 0.122917 0.443750 0.110417 0.443750 0.100000 0.445312 0.089583 0.446875 0.081250 0.446875 0.070833 0.446875 0.060417 0.440625 0.058333 0.431250 0.058333
1 0.407813 0.295833 0.031250 0.108333
1 0.389062 0.443750 0.384375 0.464583 0.382812 0.481250 0.379688 0.493750 0.376563 0.510417 0.371875 0.529167 0.370312 0.543750 0.368750 0.560417 0.370312 0.575000 0.381250 0.579167 0.395313 0.579167 0.403125 0.577083 0.412500 0.566667 0.415625 0.554167 0.417187 0.537500 0.418750 0.516667 0.418750 0.500000 0.418750 0.481250 0.418750 0.460417 0.414062 0.447917 0.403125 0.447917 0.390625 0.447917
1 0.356250 0.708333 0.354687 0.737500 0.353125 0.762500 0.351562 0.779167 0.350000 0.793750 0.348438 0.812500 0.346875 0.829167 0.356250 0.835417 0.373437 0.835417 0.384375 0.829167 0.384375 0.802083 0.389062 0.779167 0.392188 0.758333 0.396875 0.731250 0.400000 0.704167 0.396875 0.689583 0.381250 0.689583 0.367188 0.693750 0.351562 0.695833 0.351562 0.714583 0.354687 0.731250
1 0.232813 0.072917 0.228125 0.077083 0.221875 0.085417 0.218750 0.100000 0.215625 0.108333 0.214062 0.118750 0.212500 0.129167 0.210938 0.139583 0.210938 0.145833 0.223438 0.150000 0.231250 0.152083 0.237500 0.152083 0.245312 0.139583 0.246875 0.125000 0.250000 0.116667 0.254688 0.106250 0.257812 0.095833 0.259375 0.089583 0.259375 0.079167 0.253125 0.075000 0.246875 0.075000 0.240625 0.072917 0.232813 0.072917
1 0.198437 0.243750 0.189062 0.250000 0.185938 0.262500 0.185938 0.275000 0.185938 0.291667 0.181250 0.308333 0.179688 0.318750 0.176563 0.331250 0.176563 0.343750 0.179688 0.352083 0.193750 0.356250 0.201563 0.352083 0.206250 0.335417 0.209375 0.318750 0.214062 0.302083 0.220312 0.285417 0.221875 0.270833 0.221875 0.258333 0.220312 0.239583 0.207813 0.239583
1 0.173437 0.431250 0.159375 0.429167 0.148438 0.433333 0.148438 0.447917 0.148438 0.464583 0.148438 0.481250 0.148438 0.500000 0.145313 0.516667 0.143750 0.527083 0.143750 0.537500 0.148438 0.543750 0.157812 0.543750 0.168750 0.535417 0.173437 0.520833 0.181250 0.500000 0.187500 0.477083 0.190625 0.460417 0.192188 0.447917 0.192188 0.433333 0.184375 0.425000 0.173437 0.425000
1 0.118750 0.679167 0.114062 0.685417 0.110937 0.702083 0.107813 0.722917 0.106250 0.743750 0.104688 0.762500 0.103125 0.781250 0.103125 0.793750 0.103125 0.808333 0.103125 0.820833 0.117188 0.822917 0.125000 0.814583 0.128125 0.800000 0.131250 0.779167 0.134375 0.752083 0.137500 0.729167 0.140625 0.710417 0.145313 0.695833 0.140625 0.685417 0.129688 0.683333 0.120313 0.681250
2 0.776563 0.041667 0.773438 0.047917 0.773438 0.054167 0.773438 0.064583 0.773438 0.070833 0.773438 0.077083 0.773438 0.083333 0.781250 0.083333 0.789062 0.083333 0.807813 0.083333 0.814063 0.083333 0.820312 0.083333 0.826562 0.083333 0.835938 0.083333 0.845313 0.083333 0.848437 0.083333 0.848437 0.072917 0.845313 0.068750 0.843750 0.060417 0.842187 0.054167 0.842187 0.045833 0.842187 0.041667
2 0.918750 0.077083 0.923438 0.089583 0.926562 0.100000 0.932813 0.102083 0.942187 0.102083 0.950000 0.104167 0.957812 0.104167 0.962500 0.106250 0.968750 0.108333 0.975000 0.110417 0.976562 0.108333 0.975000 0.097917 0.975000 0.089583 0.975000 0.081250 0.959375 0.081250 0.948438 0.083333 0.942187 0.083333 0.932813 0.083333 0.928125 0.083333 0.923438 0.083333 0.923438 0.091667
2 0.655469 0.246875 0.045312 0.085417
2 0.652344 0.462500 0.035937 0.112500
2 0.639844 0.692708 0.032813 0.143750
2 0.419531 0.189583 0.039062 0.104167
2 0.409375 0.390625 0.034375 0.089583
2 0.388281 0.638542 0.032813 0.122917
2 0.350000 0.903125 0.031250 0.118750
2 0.160938 0.550000 0.146875 0.545833 0.140625 0.550000 0.134375 0.564583 0.134375 0.585417 0.134375 0.602083 0.131250 0.616667 0.129688 0.633333 0.125000 0.645833 0.123438 0.658333 0.126562 0.675000 0.132812 0.681250 0.143750 0.681250 0.151562 0.672917 0.160938 0.656250 0.165625 0.633333 0.165625 0.610417 0.165625 0.593750 0.167187 0.577083 0.167187 0.564583 0.164062 0.552083
2 0.176563 0.354167 0.162500 0.377083 0.160938 0.387500 0.160938 0.397917 0.160938 0.408333 0.160938 0.420833 0.164062 0.429167 0.168750 0.433333 0.176563 0.435417 0.185938 0.435417 0.192188 0.427083 0.196875 0.416667 0.198437 0.408333 0.198437 0.400000 0.200000 0.387500 0.200000 0.375000 0.200000 0.366667 0.198437 0.360417 0.193750 0.356250 0.185938 0.352083 0.179688 0.352083 0.173437 0.352083
2 0.220312 0.154167 0.214062 0.154167 0.207813 0.162500 0.206250 0.172917 0.204687 0.187500 0.203125 0.195833 0.203125 0.206250 0.203125 0.218750 0.203125 0.231250 0.207813 0.239583 0.217188 0.241667 0.225000 0.231250 0.228125 0.222917 0.231250 0.214583 0.232813 0.197917 0.232813 0.185417 0.232813 0.175000 0.231250 0.166667 0.225000 0.158333 0.215625 0.154167 0.210938 0.154167
6 0.725000 0.033333 0.692187 0.029167 0.668750 0.047917 0.679688 0.077083 0.718750 0.085417 0.785937 0.097917 0.825000 0.106250 0.875000 0.110417 0.928125 0.118750 0.957812 0.129167 0.990625 0.137500 1.007812 0.118750 0.993750 0.083333 0.962500 0.072917 0.932813 0.072917 0.895312 0.066667 0.864062 0.062500 0.821875 0.054167 0.778125 0.045833 0.745313 0.033333 0.717187 0.029167
6 0.665625 0.054167 0.640625 0.093750 0.637500 0.162500 0.635938 0.237500 0.634375 0.322917 0.631250 0.395833 0.629687 0.485417 0.625000 0.575000 0.621875 0.672917 0.617188 0.775000 0.614062 0.893750 0.654687 0.916667 0.670312 0.829167 0.670312 0.718750 0.670312 0.620833 0.675000 0.529167 0.676562 0.452083 0.682813 0.343750 0.675000 0.250000 0.673438 0.166667 0.667188 0.064583
6 0.437500 0.050000 0.401562 0.108333 0.392188 0.185417 0.387500 0.272917 0.381250 0.368750 0.370312 0.456250 0.354687 0.554167 0.346875 0.650000 0.340625 0.758333 0.332813 0.868750 0.335938 0.968750 0.375000 0.929167 0.389062 0.827083 0.406250 0.718750 0.420312 0.606250 0.428125 0.504167 0.429688 0.420833 0.437500 0.318750 0.450000 0.206250 0.460938 0.100000 0.431250 0.050000
6 0.237500 0.060417 0.204687 0.106250 0.195312 0.172917 0.178125 0.260417 0.162500 0.341667 0.137500 0.460417 0.125000 0.556250 0.101562 0.679167 0.087500 0.762500 0.098437 0.831250 0.132812 0.800000 0.154688 0.722917 0.159375 0.650000 0.173437 0.572917 0.189062 0.506250 0.204687 0.412500 0.218750 0.333333 0.256250 0.237500 0.273438 0.164583 0.257812 0.093750 0.243750 0.050000
