6 0.996875 0.531250 0.950000 0.537500 0.910937 0.541667 0.867188 0.550000 0.814063 0.558333 0.764062 0.558333 0.709375 0.560417 0.654687 0.566667 0.603125 0.575000 0.545312 0.581250 0.495312 0.577083 0.485938 0.600000 0.540625 0.600000 0.600000 0.593750 0.654687 0.585417 0.703125 0.589583 0.757812 0.589583 0.820312 0.581250 0.904687 0.560417 0.968750 0.556250 1.000000 0.535417
6 0.981250 0.431250 0.937500 0.439583 0.903125 0.439583 0.873437 0.445833 0.837500 0.454167 0.800000 0.456250 0.764062 0.460417 0.729688 0.460417 0.685937 0.468750 0.653125 0.477083 0.664062 0.489583 0.700000 0.485417 0.742188 0.481250 0.781250 0.472917 0.812500 0.472917 0.845313 0.468750 0.887500 0.460417 0.921875 0.460417 0.957812 0.458333 0.987500 0.452083 0.975000 0.425000
6 0.626563 0.477083 0.610938 0.475000 0.595313 0.475000 0.579688 0.475000 0.565625 0.477083 0.551562 0.479167 0.532813 0.483333 0.518750 0.489583 0.503125 0.493750 0.489063 0.497917 0.485938 0.506250 0.501563 0.510417 0.515625 0.506250 0.528125 0.504167 0.542188 0.500000 0.556250 0.500000 0.573438 0.495833 0.584375 0.489583 0.596875 0.487500 0.609375 0.483333 0.620313 0.477083
6 0.526563 0.400000 0.540625 0.391667 0.551562 0.375000 0.559375 0.360417 0.570312 0.343750 0.578125 0.327083 0.585938 0.314583 0.596875 0.295833 0.606250 0.283333 0.607812 0.266667 0.595313 0.270833 0.585938 0.283333 0.578125 0.295833 0.570312 0.308333 0.559375 0.325000 0.551562 0.337500 0.542188 0.350000 0.532813 0.362500 0.528125 0.379167 0.520312 0.395833 0.526563 0.402083
6 0.481250 0.439583 0.479687 0.447917 0.476562 0.452083 0.473438 0.460417 0.468750 0.464583 0.464062 0.470833 0.462500 0.477083 0.460938 0.483333 0.457813 0.489583 0.456250 0.495833 0.456250 0.504167 0.460938 0.502083 0.464062 0.500000 0.468750 0.493750 0.475000 0.493750 0.479687 0.489583 0.482812 0.485417 0.485938 0.477083 0.487500 0.470833 0.487500 0.464583 0.485938 0.458333 0.482812 0.452083 0.482812 0.443750
6 0.537500 0.279167 0.525000 0.285417 0.515625 0.297917 0.504687 0.308333 0.493750 0.318750 0.482812 0.331250 0.473438 0.343750 0.462500 0.358333 0.451562 0.368750 0.443750 0.381250 0.434375 0.391667 0.450000 0.391667 0.459375 0.381250 0.468750 0.368750 0.479687 0.360417 0.489063 0.350000 0.498437 0.335417 0.506250 0.322917 0.518750 0.308333 0.528125 0.295833 0.534375 0.281250
6 0.418750 0.412500 0.415625 0.414583 0.414062 0.416667 0.412500 0.418750 0.409375 0.422917 0.406250 0.425000 0.406250 0.429167 0.403125 0.431250 0.401562 0.433333 0.398438 0.437500 0.401562 0.437500 0.403125 0.437500 0.406250 0.437500 0.409375 0.433333 0.412500 0.431250 0.412500 0.429167 0.415625 0.425000 0.417187 0.420833 0.418750 0.418750 0.420312 0.416667 0.421875 0.412500 0.418750 0.412500
6 0.381250 0.460417 0.379688 0.464583 0.376563 0.468750 0.375000 0.472917 0.373437 0.477083 0.370312 0.477083 0.368750 0.481250 0.367188 0.481250 0.364063 0.485417 0.364063 0.487500 0.362500 0.489583 0.364063 0.493750 0.367188 0.493750 0.370312 0.495833 0.373437 0.493750 0.376563 0.493750 0.378125 0.491667 0.379688 0.489583 0.379688 0.485417 0.379688 0.481250 0.379688 0.477083 0.379688 0.470833 0.379688 0.466667 0.379688 0.462500
6 0.468750 0.283333 0.460938 0.291667 0.453125 0.300000 0.443750 0.308333 0.434375 0.318750 0.425000 0.329167 0.415625 0.337500 0.406250 0.345833 0.396875 0.350000 0.390625 0.358333 0.392188 0.368750 0.398438 0.362500 0.409375 0.356250 0.420312 0.347917 0.426563 0.341667 0.435937 0.335417 0.446875 0.327083 0.456250 0.314583 0.464062 0.306250 0.470313 0.300000 0.478125 0.291667 0.468750 0.287500
6 0.362500 0.389583 0.356250 0.389583 0.350000 0.393750 0.346875 0.395833 0.342187 0.397917 0.339062 0.402083 0.337500 0.406250 0.334375 0.408333 0.332813 0.414583 0.331250 0.420833 0.334375 0.425000 0.337500 0.425000 0.343750 0.425000 0.346875 0.425000 0.350000 0.420833 0.354687 0.414583 0.364063 0.404167 0.367188 0.397917 0.367188 0.395833 0.364063 0.393750
6 0.310937 0.429167 0.300000 0.437500 0.292187 0.445833 0.285938 0.454167 0.276562 0.468750 0.267188 0.477083 0.253125 0.491667 0.245312 0.504167 0.237500 0.516667 0.229687 0.525000 0.234375 0.533333 0.245312 0.533333 0.256250 0.527083 0.262500 0.516667 0.270313 0.504167 0.279687 0.493750 0.292187 0.481250 0.303125 0.468750 0.314063 0.454167 0.315625 0.437500
6 0.132812 0.612500 0.110937 0.608333 0.098437 0.606250 0.082812 0.606250 0.068750 0.610417 0.056250 0.610417 0.042188 0.612500 0.026562 0.614583 0.010937 0.618750 0.001563 0.625000 0.001563 0.635417 0.015625 0.635417 0.026562 0.637500 0.040625 0.637500 0.053125 0.637500 0.067187 0.637500 0.079687 0.637500 0.093750 0.633333 0.104688 0.629167 0.117188 0.629167 0.131250 0.625000
6 0.053125 0.554167 0.045312 0.554167 0.037500 0.554167 0.028125 0.554167 0.020313 0.554167 0.014063 0.554167 0.006250 0.554167 0.001563 0.556250 -0.003125 0.558333 -0.003125 0.564583 0.000000 0.570833 0.004687 0.572917 0.010937 0.572917 0.017188 0.572917 0.023438 0.572917 0.031250 0.572917 0.039062 0.572917 0.043750 0.572917 0.048438 0.568750 0.051562 0.564583 0.056250 0.558333
6 0.485938 0.735417 0.421875 0.743750 0.401562 0.768750 0.457813 0.766667 0.514062 0.758333 0.576562 0.756250 0.634375 0.760417 0.721875 0.762500 0.809375 0.752083 0.870313 0.756250 0.960938 0.743750 1.000000 0.706250 0.946875 0.702083 0.890625 0.706250 0.832812 0.714583 0.781250 0.722917 0.720313 0.725000 0.662500 0.725000 0.600000 0.725000 0.531250 0.727083 0.470313 0.731250
6 0.398438 0.760417 0.385937 0.737500 0.364063 0.756250 0.346875 0.779167 0.334375 0.808333 0.320312 0.841667 0.304688 0.866667 0.292187 0.895833 0.279687 0.925000 0.267188 0.952083 0.253125 0.977083 0.262500 0.993750 0.287500 0.989583 0.304688 0.964583 0.323437 0.937500 0.334375 0.906250 0.348438 0.879167 0.359375 0.852083 0.371875 0.822917 0.384375 0.795833 0.395313 0.766667
6 0.201563 0.741667 0.168750 0.756250 0.156250 0.775000 0.137500 0.797917 0.118750 0.829167 0.101562 0.850000 0.085938 0.875000 0.071875 0.908333 0.051562 0.931250 0.039062 0.958333 0.023438 0.981250 0.020313 0.997917 0.046875 0.993750 0.065625 0.970833 0.085938 0.947917 0.104688 0.922917 0.126562 0.895833 0.142187 0.862500 0.165625 0.818750 0.185938 0.785417 0.203125 0.756250
1 0.193750 0.743750 0.178125 0.762500 0.168750 0.770833 0.162500 0.775000 0.156250 0.779167 0.153125 0.783333 0.153125 0.791667 0.153125 0.800000 0.157812 0.800000 0.162500 0.800000 0.168750 0.800000 0.173437 0.795833 0.176563 0.793750 0.179688 0.791667 0.184375 0.781250 0.192188 0.770833 0.195312 0.762500 0.198437 0.758333 0.201563 0.752083 0.203125 0.745833 0.203125 0.739583 0.198437 0.737500 0.193750 0.737500 0.192188 0.741667
1 0.093750 0.879167 0.085938 0.887500 0.082812 0.893750 0.078125 0.902083 0.071875 0.910417 0.068750 0.918750 0.062500 0.925000 0.056250 0.931250 0.056250 0.939583 0.057813 0.947917 0.062500 0.952083 0.068750 0.952083 0.073438 0.947917 0.079687 0.943750 0.084375 0.933333 0.096875 0.916667 0.101562 0.910417 0.104688 0.904167 0.106250 0.895833 0.107813 0.889583 0.104688 0.885417 0.098437 0.883333 0.092188 0.883333
1 0.050000 0.556250 0.046875 0.556250 0.043750 0.556250 0.039062 0.556250 0.035937 0.556250 0.032813 0.556250 0.029687 0.558333 0.026562 0.560417 0.025000 0.562500 0.021875 0.564583 0.020313 0.568750 0.021875 0.568750 0.025000 0.568750 0.028125 0.568750 0.031250 0.568750 0.034375 0.568750 0.039062 0.568750 0.040625 0.566667 0.043750 0.566667 0.046875 0.564583 0.050000 0.562500 0.051562 0.560417 0.051562 0.558333
1 0.128125 0.610417 0.101562 0.614583 0.093750 0.616667 0.089063 0.616667 0.084375 0.616667 0.079687 0.616667 0.076563 0.622917 0.079687 0.629167 0.084375 0.629167 0.089063 0.629167 0.093750 0.629167 0.100000 0.629167 0.104688 0.629167 0.110937 0.629167 0.114062 0.629167 0.120313 0.629167 0.125000 0.627083 0.128125 0.622917 0.129688 0.616667 0.128125 0.610417 0.125000 0.610417
1 0.039062 0.616667 0.031250 0.616667 0.026562 0.618750 0.023438 0.622917 0.017188 0.625000 0.014063 0.625000 0.007812 0.625000 0.004687 0.625000 0.001563 0.627083 -0.001563 0.629167 0.000000 0.633333 0.001563 0.635417 0.007812 0.633333 0.012500 0.633333 0.015625 0.631250 0.018750 0.629167 0.023438 0.629167 0.026562 0.629167 0.031250 0.627083 0.034375 0.625000 0.035937 0.620833 0.037500 0.616667 0.034375 0.612500
1 0.392188 0.747917 0.378125 0.752083 0.371875 0.758333 0.365625 0.762500 0.360938 0.768750 0.354687 0.779167 0.343750 0.791667 0.339062 0.797917 0.335938 0.806250 0.334375 0.814583 0.334375 0.825000 0.342187 0.825000 0.350000 0.825000 0.359375 0.825000 0.367188 0.825000 0.370312 0.814583 0.378125 0.800000 0.382812 0.793750 0.385937 0.787500 0.392188 0.766667 0.392188 0.756250 0.389062 0.754167
1 0.315625 0.914583 0.295312 0.914583 0.287500 0.914583 0.282813 0.920833 0.275000 0.931250 0.270313 0.941667 0.267188 0.947917 0.262500 0.960417 0.259375 0.966667 0.256250 0.977083 0.256250 0.987500 0.262500 0.985417 0.270313 0.985417 0.278125 0.985417 0.284375 0.981250 0.293750 0.977083 0.301563 0.968750 0.307812 0.956250 0.312500 0.947917 0.314063 0.939583 0.315625 0.929167 0.315625 0.918750
1 0.757812 0.722917 0.721875 0.731250 0.704688 0.735417 0.696875 0.735417 0.685937 0.737500 0.678125 0.735417 0.670312 0.733333 0.662500 0.729167 0.657813 0.739583 0.656250 0.750000 0.657813 0.758333 0.665625 0.758333 0.676562 0.758333 0.684375 0.758333 0.700000 0.758333 0.718750 0.754167 0.728125 0.754167 0.740625 0.750000 0.751563 0.747917 0.759375 0.743750 0.759375 0.735417 0.757812 0.727083
1 0.931250 0.710417 0.918750 0.706250 0.904687 0.706250 0.890625 0.706250 0.881250 0.706250 0.865625 0.708333 0.854688 0.708333 0.845313 0.710417 0.840625 0.716667 0.840625 0.727083 0.842187 0.737500 0.846875 0.743750 0.854688 0.745833 0.864062 0.745833 0.878125 0.743750 0.890625 0.741667 0.903125 0.739583 0.917188 0.737500 0.923438 0.733333 0.923438 0.722917 0.923438 0.710417
1 0.559375 0.733333 0.548438 0.729167 0.540625 0.725000 0.531250 0.722917 0.523438 0.722917 0.515625 0.722917 0.506250 0.722917 0.496875 0.727083 0.489063 0.729167 0.485938 0.735417 0.485938 0.745833 0.489063 0.752083 0.492188 0.758333 0.503125 0.762500 0.510938 0.762500 0.521875 0.760417 0.531250 0.758333 0.542188 0.758333 0.553125 0.758333 0.557813 0.754167 0.560937 0.745833 0.560937 0.735417
1 0.600000 0.570833 0.590625 0.570833 0.584375 0.570833 0.578125 0.570833 0.568750 0.570833 0.560937 0.572917 0.554688 0.572917 0.548438 0.577083 0.548438 0.585417 0.548438 0.593750 0.554688 0.597917 0.560937 0.600000 0.570312 0.600000 0.576562 0.600000 0.584375 0.600000 0.593750 0.597917 0.600000 0.597917 0.604688 0.593750 0.607812 0.589583 0.606250 0.581250 0.603125 0.575000 0.600000 0.568750
1 0.756250 0.558333 0.742188 0.560417 0.731250 0.562500 0.723437 0.562500 0.715625 0.562500 0.709375 0.562500 0.700000 0.562500 0.693750 0.564583 0.692187 0.577083 0.696875 0.585417 0.704688 0.587500 0.712500 0.589583 0.720313 0.589583 0.729688 0.589583 0.739062 0.589583 0.746875 0.589583 0.753125 0.587500 0.759375 0.585417 0.764062 0.577083 0.764062 0.568750 0.759375 0.562500
1 0.896875 0.543750 0.878125 0.537500 0.870313 0.535417 0.864062 0.535417 0.856250 0.535417 0.848437 0.537500 0.843750 0.541667 0.837500 0.543750 0.831250 0.547917 0.831250 0.556250 0.832812 0.566667 0.835938 0.572917 0.842187 0.575000 0.850000 0.575000 0.856250 0.572917 0.864062 0.570833 0.870313 0.566667 0.881250 0.564583 0.890625 0.562500 0.896875 0.560417 0.898438 0.554167 0.893750 0.543750 0.892188 0.537500
1 0.996875 0.533333 0.990625 0.533333 0.982812 0.533333 0.978125 0.533333 0.975000 0.533333 0.971875 0.533333 0.968750 0.533333 0.970313 0.535417 0.971875 0.537500 0.973437 0.543750 0.975000 0.545833 0.975000 0.550000 0.978125 0.550000 0.979688 0.554167 0.982812 0.554167 0.987500 0.554167 0.990625 0.554167 0.992188 0.552083 0.995313 0.550000 1.000000 0.545833 1.003125 0.543750 1.006250 0.541667 1.004687 0.537500 1.003125 0.537500 1.001562 0.533333
1 0.978125 0.433333 0.968750 0.433333 0.957812 0.433333 0.951562 0.433333 0.945312 0.433333 0.939063 0.433333 0.931250 0.433333 0.918750 0.435417 0.914062 0.437500 0.912500 0.447917 0.915625 0.452083 0.923438 0.456250 0.928125 0.460417 0.935937 0.460417 0.942187 0.460417 0.960938 0.460417 0.970313 0.456250 0.978125 0.454167 0.981250 0.450000 0.982812 0.443750 0.981250 0.433333 0.976562 0.429167
1 0.851562 0.447917 0.834375 0.452083 0.826562 0.452083 0.818750 0.454167 0.812500 0.454167 0.801562 0.456250 0.793750 0.458333 0.789062 0.462500 0.785937 0.470833 0.787500 0.477083 0.793750 0.477083 0.801562 0.477083 0.809375 0.477083 0.821875 0.472917 0.834375 0.470833 0.843750 0.470833 0.854688 0.468750 0.862500 0.468750 0.864062 0.460417 0.860938 0.447917 0.856250 0.443750
1 0.728125 0.464583 0.709375 0.460417 0.703125 0.460417 0.695312 0.460417 0.687500 0.460417 0.678125 0.460417 0.671875 0.464583 0.668750 0.468750 0.664062 0.477083 0.667188 0.481250 0.673438 0.485417 0.679688 0.485417 0.687500 0.485417 0.696875 0.485417 0.710938 0.481250 0.720313 0.479167 0.726562 0.477083 0.734375 0.477083 0.734375 0.468750 0.731250 0.462500 0.725000 0.456250
1 0.481250 0.472917 0.473438 0.472917 0.468750 0.472917 0.464062 0.477083 0.464062 0.479167 0.460938 0.481250 0.457813 0.485417 0.454688 0.491667 0.451562 0.493750 0.451562 0.500000 0.456250 0.500000 0.460938 0.500000 0.464062 0.500000 0.467187 0.500000 0.470313 0.495833 0.473438 0.493750 0.476562 0.489583 0.476562 0.485417 0.479687 0.481250 0.481250 0.477083 0.482812 0.470833 0.481250 0.470833
1 0.378125 0.458333 0.373437 0.462500 0.368750 0.466667 0.367188 0.468750 0.364063 0.472917 0.360938 0.477083 0.359375 0.479167 0.357812 0.483333 0.357812 0.489583 0.359375 0.493750 0.364063 0.493750 0.367188 0.493750 0.371875 0.493750 0.375000 0.493750 0.376563 0.491667 0.376563 0.485417 0.378125 0.481250 0.379688 0.475000 0.379688 0.468750 0.379688 0.464583 0.379688 0.456250
1 0.257812 0.500000 0.253125 0.502083 0.251563 0.504167 0.248438 0.506250 0.246875 0.510417 0.243750 0.512500 0.239063 0.516667 0.237500 0.520833 0.234375 0.525000 0.235937 0.529167 0.240625 0.529167 0.245312 0.529167 0.250000 0.531250 0.253125 0.531250 0.257812 0.529167 0.259375 0.522917 0.262500 0.516667 0.264062 0.512500 0.267188 0.508333 0.267188 0.504167 0.264062 0.502083 0.259375 0.502083 0.256250 0.502083
1 0.589063 0.297917 0.585938 0.297917 0.584375 0.297917 0.582812 0.297917 0.582812 0.295833 0.579688 0.295833 0.578125 0.295833 0.576562 0.295833 0.575000 0.295833 0.573438 0.295833 0.573438 0.297917 0.573438 0.300000 0.573438 0.302083 0.573438 0.304167 0.573438 0.306250 0.576562 0.306250 0.578125 0.306250 0.579688 0.306250 0.581250 0.306250 0.582812 0.306250 0.582812 0.304167 0.585938 0.304167 0.585938 0.304167 0.585938 0.302083 0.587500 0.302083 0.589063 0.300000 0.589063 0.297917
1 0.573438 0.318750 0.570312 0.318750 0.568750 0.318750 0.565625 0.318750 0.562500 0.318750 0.560937 0.316667 0.560937 0.318750 0.560937 0.320833 0.560937 0.325000 0.560937 0.327083 0.560937 0.329167 0.564063 0.329167 0.567187 0.329167 0.570312 0.329167 0.570312 0.331250 0.573438 0.329167 0.573438 0.327083 0.573438 0.322917 0.573438 0.318750 0.573438 0.316667 0.573438 0.314583
1 0.559375 0.341667 0.554688 0.341667 0.551562 0.341667 0.548438 0.343750 0.546875 0.343750 0.543750 0.343750 0.543750 0.345833 0.542188 0.347917 0.540625 0.352083 0.540625 0.356250 0.539062 0.358333 0.539062 0.360417 0.540625 0.360417 0.543750 0.360417 0.546875 0.360417 0.548438 0.358333 0.551562 0.356250 0.554688 0.356250 0.554688 0.354167 0.557813 0.354167 0.557813 0.352083 0.557813 0.347917 0.559375 0.345833 0.560937 0.343750
1 0.529687 0.375000 0.528125 0.375000 0.525000 0.377083 0.523438 0.379167 0.521875 0.379167 0.518750 0.379167 0.517188 0.379167 0.515625 0.381250 0.518750 0.383333 0.520312 0.387500 0.523438 0.391667 0.526563 0.397917 0.528125 0.400000 0.531250 0.404167 0.531250 0.404167 0.534375 0.402083 0.534375 0.400000 0.535937 0.395833 0.537500 0.391667 0.537500 0.387500 0.537500 0.383333 0.537500 0.381250 0.535937 0.379167 0.534375 0.377083 0.531250 0.375000
1 0.606250 0.266667 0.603125 0.266667 0.600000 0.266667 0.598437 0.268750 0.596875 0.270833 0.596875 0.275000 0.598437 0.275000 0.600000 0.275000 0.601562 0.277083 0.603125 0.279167 0.603125 0.279167 0.606250 0.281250 0.609375 0.281250 0.612500 0.281250 0.615625 0.281250 0.617188 0.281250 0.620313 0.281250 0.620313 0.279167 0.618750 0.277083 0.615625 0.275000 0.614062 0.272917 0.612500 0.270833 0.609375 0.268750 0.607812 0.268750 0.606250 0.266667 0.603125 0.266667
1 0.467187 0.300000 0.464062 0.300000 0.460938 0.300000 0.459375 0.300000 0.456250 0.300000 0.454688 0.300000 0.451562 0.300000 0.448437 0.300000 0.446875 0.302083 0.446875 0.304167 0.446875 0.308333 0.445312 0.308333 0.445312 0.314583 0.445312 0.316667 0.446875 0.316667 0.450000 0.316667 0.453125 0.316667 0.456250 0.316667 0.457813 0.316667 0.459375 0.314583 0.460938 0.314583 0.460938 0.308333 0.462500 0.306250 0.462500 0.302083
1 0.528125 0.287500 0.521875 0.287500 0.518750 0.285417 0.515625 0.285417 0.512500 0.285417 0.514062 0.287500 0.515625 0.291667 0.515625 0.291667 0.515625 0.295833 0.515625 0.300000 0.515625 0.302083 0.518750 0.302083 0.521875 0.302083 0.523438 0.302083 0.525000 0.302083 0.528125 0.300000 0.528125 0.300000 0.528125 0.295833 0.528125 0.291667 0.528125 0.289583 0.528125 0.287500
1 0.507812 0.318750 0.506250 0.316667 0.504687 0.316667 0.503125 0.314583 0.503125 0.314583 0.501563 0.314583 0.500000 0.314583 0.498437 0.314583 0.495312 0.314583 0.493750 0.314583 0.493750 0.314583 0.493750 0.318750 0.495312 0.318750 0.495312 0.320833 0.496875 0.322917 0.498437 0.322917 0.500000 0.325000 0.501563 0.325000 0.503125 0.327083 0.504687 0.327083 0.506250 0.325000 0.506250 0.325000 0.506250 0.322917 0.507812 0.318750 0.507812 0.318750 0.507812 0.314583 0.507812 0.314583 0.507812 0.312500
1 0.482812 0.352083 0.478125 0.352083 0.473438 0.352083 0.468750 0.352083 0.464062 0.352083 0.460938 0.352083 0.457813 0.354167 0.454688 0.356250 0.451562 0.360417 0.450000 0.364583 0.450000 0.368750 0.451562 0.372917 0.454688 0.377083 0.457813 0.379167 0.462500 0.379167 0.467187 0.375000 0.473438 0.375000 0.478125 0.370833 0.481250 0.368750 0.482812 0.364583 0.482812 0.358333
1 0.434375 0.397917 0.432812 0.397917 0.431250 0.400000 0.429688 0.404167 0.428125 0.408333 0.426563 0.408333 0.426563 0.412500 0.425000 0.414583 0.423438 0.416667 0.421875 0.418750 0.421875 0.420833 0.425000 0.420833 0.426563 0.420833 0.429688 0.420833 0.431250 0.420833 0.434375 0.420833 0.437500 0.420833 0.439063 0.418750 0.439063 0.414583 0.439063 0.412500 0.439063 0.408333 0.437500 0.404167 0.435937 0.404167 0.434375 0.400000
2 0.781250 0.454167 0.767188 0.454167 0.760938 0.454167 0.754687 0.454167 0.751563 0.454167 0.746875 0.456250 0.743750 0.456250 0.739062 0.460417 0.735938 0.460417 0.735938 0.464583 0.734375 0.470833 0.734375 0.477083 0.739062 0.477083 0.743750 0.477083 0.754687 0.470833 0.764062 0.470833 0.767188 0.470833 0.771875 0.468750 0.776563 0.468750 0.784375 0.468750 0.787500 0.468750 0.787500 0.462500 0.787500 0.454167 0.784375 0.447917
2 0.921875 0.441667 0.903125 0.441667 0.893750 0.441667 0.885938 0.443750 0.879687 0.443750 0.875000 0.443750 0.868750 0.443750 0.865625 0.447917 0.865625 0.456250 0.865625 0.462500 0.868750 0.464583 0.875000 0.464583 0.879687 0.464583 0.885938 0.464583 0.892188 0.464583 0.900000 0.464583 0.912500 0.458333 0.918750 0.456250 0.923438 0.454167 0.928125 0.452083 0.926562 0.447917 0.923438 0.443750
2 0.501563 0.433333 0.495312 0.433333 0.492188 0.433333 0.489063 0.435417 0.485938 0.437500 0.482812 0.439583 0.479687 0.443750 0.478125 0.445833 0.476562 0.450000 0.475000 0.454167 0.473438 0.460417 0.475000 0.464583 0.476562 0.464583 0.481250 0.466667 0.485938 0.466667 0.489063 0.464583 0.493750 0.460417 0.495312 0.456250 0.500000 0.452083 0.503125 0.445833 0.504687 0.441667 0.506250 0.437500 0.506250 0.431250 0.504687 0.427083
2 0.520312 0.395833 0.515625 0.400000 0.512500 0.404167 0.510938 0.408333 0.506250 0.412500 0.506250 0.416667 0.504687 0.420833 0.503125 0.422917 0.503125 0.427083 0.501563 0.431250 0.503125 0.433333 0.506250 0.433333 0.509375 0.433333 0.514062 0.433333 0.518750 0.431250 0.521875 0.427083 0.525000 0.425000 0.526563 0.420833 0.528125 0.414583 0.531250 0.408333 0.531250 0.404167 0.528125 0.400000 0.525000 0.397917 0.521875 0.395833
2 0.560937 0.335417 0.553125 0.341667 0.542188 0.347917 0.539062 0.352083 0.537500 0.352083 0.535937 0.356250 0.534375 0.360417 0.531250 0.364583 0.531250 0.364583 0.531250 0.368750 0.534375 0.368750 0.539062 0.368750 0.540625 0.368750 0.545312 0.366667 0.550000 0.364583 0.553125 0.364583 0.556250 0.364583 0.557813 0.364583 0.559375 0.358333 0.560937 0.354167 0.564063 0.350000 0.564063 0.347917 0.565625 0.343750 0.565625 0.341667
2 0.601562 0.275000 0.596875 0.279167 0.592187 0.279167 0.589063 0.283333 0.585938 0.285417 0.584375 0.289583 0.581250 0.293750 0.579688 0.295833 0.578125 0.300000 0.578125 0.304167 0.579688 0.306250 0.584375 0.308333 0.589063 0.308333 0.592187 0.308333 0.595313 0.308333 0.600000 0.302083 0.604688 0.295833 0.607812 0.291667 0.607812 0.289583 0.607812 0.285417 0.607812 0.279167 0.607812 0.275000 0.606250 0.275000
2 0.528125 0.270833 0.528125 0.275000 0.528125 0.279167 0.528125 0.281250 0.528125 0.285417 0.531250 0.285417 0.531250 0.287500 0.534375 0.287500 0.537500 0.287500 0.540625 0.287500 0.543750 0.287500 0.543750 0.285417 0.543750 0.283333 0.543750 0.279167 0.543750 0.275000 0.545312 0.272917 0.545312 0.268750 0.545312 0.266667 0.543750 0.264583 0.540625 0.264583 0.539062 0.264583 0.537500 0.266667 0.535937 0.266667 0.534375 0.268750
2 0.510938 0.297917 0.507812 0.300000 0.506250 0.302083 0.504687 0.302083 0.503125 0.304167 0.501563 0.306250 0.501563 0.308333 0.503125 0.310417 0.504687 0.312500 0.506250 0.314583 0.509375 0.314583 0.510938 0.314583 0.514062 0.314583 0.515625 0.314583 0.518750 0.314583 0.518750 0.310417 0.517188 0.308333 0.515625 0.302083 0.514062 0.297917 0.512500 0.295833 0.510938 0.291667 0.509375 0.293750
2 0.490625 0.314583 0.487500 0.318750 0.484375 0.322917 0.481250 0.325000 0.479687 0.331250 0.478125 0.335417 0.476562 0.339583 0.475000 0.343750 0.473438 0.347917 0.476562 0.350000 0.481250 0.352083 0.485938 0.352083 0.489063 0.347917 0.490625 0.347917 0.493750 0.343750 0.495312 0.339583 0.495312 0.335417 0.496875 0.329167 0.496875 0.322917 0.495312 0.318750 0.493750 0.316667
2 0.450000 0.368750 0.443750 0.379167 0.439063 0.383333 0.437500 0.387500 0.435937 0.389583 0.434375 0.391667 0.432812 0.395833 0.431250 0.397917 0.431250 0.404167 0.431250 0.404167 0.434375 0.404167 0.439063 0.404167 0.443750 0.402083 0.450000 0.400000 0.454688 0.400000 0.460938 0.397917 0.464062 0.395833 0.464062 0.393750 0.464062 0.389583 0.464062 0.383333 0.464062 0.377083 0.460938 0.372917 0.460938 0.368750 0.457813 0.368750 0.456250 0.364583
2 0.425000 0.420833 0.415625 0.420833 0.412500 0.425000 0.409375 0.425000 0.407813 0.431250 0.401562 0.441667 0.396875 0.445833 0.395313 0.447917 0.396875 0.447917 0.400000 0.452083 0.403125 0.452083 0.406250 0.452083 0.410938 0.452083 0.415625 0.447917 0.420312 0.439583 0.425000 0.431250 0.426563 0.425000 0.428125 0.422917 0.431250 0.420833 0.431250 0.416667 0.431250 0.412500 0.429688 0.410417
2 0.468750 0.291667 0.467187 0.287500 0.464062 0.285417 0.464062 0.287500 0.462500 0.289583 0.460938 0.291667 0.460938 0.293750 0.460938 0.295833 0.464062 0.297917 0.464062 0.300000 0.467187 0.300000 0.468750 0.300000 0.471875 0.300000 0.473438 0.300000 0.475000 0.295833 0.476562 0.293750 0.475000 0.291667 0.473438 0.285417 0.471875 0.281250 0.470313 0.279167
2 0.443750 0.310417 0.442188 0.312500 0.442188 0.314583 0.440625 0.314583 0.440625 0.316667 0.440625 0.318750 0.440625 0.318750 0.442188 0.320833 0.443750 0.322917 0.443750 0.322917 0.445312 0.322917 0.446875 0.325000 0.448437 0.325000 0.450000 0.325000 0.451562 0.322917 0.451562 0.322917 0.451562 0.318750 0.451562 0.318750 0.450000 0.316667 0.448437 0.314583 0.446875 0.314583 0.446875 0.312500 0.443750 0.312500
2 0.421875 0.331250 0.421875 0.333333 0.421875 0.335417 0.418750 0.337500 0.418750 0.339583 0.418750 0.341667 0.417187 0.343750 0.415625 0.345833 0.417187 0.347917 0.418750 0.347917 0.420312 0.345833 0.421875 0.345833 0.421875 0.343750 0.423438 0.341667 0.425000 0.341667 0.426563 0.337500 0.428125 0.335417 0.429688 0.335417 0.431250 0.331250 0.432812 0.331250 0.434375 0.331250 0.434375 0.329167 0.432812 0.327083 0.431250 0.327083 0.429688 0.327083 0.428125 0.325000 0.426563 0.325000 0.425000 0.325000
2 0.373437 0.377083 0.371875 0.377083 0.370312 0.379167 0.370312 0.379167 0.367188 0.381250 0.367188 0.383333 0.365625 0.383333 0.364063 0.387500 0.364063 0.387500 0.362500 0.389583 0.360938 0.391667 0.362500 0.391667 0.364063 0.393750 0.364063 0.395833 0.364063 0.395833 0.367188 0.397917 0.367188 0.397917 0.368750 0.400000 0.370312 0.397917 0.370312 0.397917 0.371875 0.391667 0.373437 0.387500 0.373437 0.385417 0.373437 0.383333 0.373437 0.381250 0.375000 0.381250 0.375000 0.379167
1 0.457813 0.300000 0.456250 0.300000 0.454688 0.300000 0.451562 0.300000 0.450000 0.302083 0.448437 0.302083 0.446875 0.302083 0.445312 0.304167 0.443750 0.304167 0.443750 0.306250 0.443750 0.308333 0.443750 0.310417 0.443750 0.312500 0.445312 0.314583 0.446875 0.314583 0.446875 0.314583 0.450000 0.314583 0.451562 0.314583 0.451562 0.314583 0.453125 0.312500 0.454688 0.310417 0.454688 0.308333 0.456250 0.308333 0.456250 0.308333 0.457813 0.304167 0.457813 0.302083 0.457813 0.300000 0.457813 0.300000
1 0.437500 0.318750 0.434375 0.318750 0.434375 0.318750 0.432812 0.320833 0.431250 0.322917 0.431250 0.322917 0.429688 0.325000 0.428125 0.325000 0.428125 0.325000 0.429688 0.327083 0.431250 0.327083 0.432812 0.327083 0.434375 0.327083 0.435937 0.327083 0.437500 0.325000 0.437500 0.322917 0.437500 0.320833 0.437500 0.318750 0.437500 0.316667 0.435937 0.314583 0.435937 0.314583
0 0.667188 0.479167 0.632812 0.472917 0.610938 0.475000 0.582812 0.483333 0.560937 0.493750 0.535937 0.506250 0.518750 0.516667 0.507812 0.527083 0.498437 0.543750 0.495312 0.566667 0.509375 0.572917 0.532813 0.568750 0.560937 0.564583 0.595313 0.558333 0.617188 0.558333 0.645312 0.558333 0.659375 0.550000 0.675000 0.541667 0.675000 0.510417 0.665625 0.487500 0.656250 0.464583
0 0.156250 0.745833 0.120313 0.729167 0.104688 0.729167 0.092188 0.735417 0.071875 0.747917 0.050000 0.768750 0.032813 0.785417 0.009375 0.808333 0.000000 0.816667 -0.003125 0.831250 0.004687 0.843750 0.014063 0.858333 0.020313 0.875000 0.025000 0.887500 0.039062 0.881250 0.059375 0.852083 0.085938 0.820833 0.098437 0.802083 0.125000 0.777083 0.137500 0.762500 0.151562 0.752083
0 0.153125 0.545833 0.143750 0.529167 0.131250 0.529167 0.112500 0.531250 0.100000 0.535417 0.085938 0.537500 0.068750 0.541667 0.053125 0.550000 0.046875 0.560417 0.045312 0.577083 0.053125 0.583333 0.060937 0.589583 0.076563 0.593750 0.093750 0.593750 0.110937 0.595833 0.125000 0.595833 0.140625 0.595833 0.148438 0.585417 0.150000 0.566667 0.154688 0.554167 0.160938 0.550000
0 0.489063 0.395833 0.460938 0.393750 0.446875 0.395833 0.431250 0.404167 0.421875 0.408333 0.406250 0.425000 0.395313 0.433333 0.392188 0.443750 0.395313 0.458333 0.406250 0.472917 0.412500 0.487500 0.421875 0.491667 0.431250 0.491667 0.440625 0.489583 0.456250 0.481250 0.476562 0.464583 0.485938 0.454167 0.496875 0.437500 0.501563 0.414583 0.500000 0.400000 0.492188 0.391667 0.481250 0.385417
2 0.682813 0.560417 0.671875 0.560417 0.660937 0.560417 0.651563 0.560417 0.640625 0.558333 0.623437 0.558333 0.615625 0.558333 0.609375 0.558333 0.606250 0.568750 0.603125 0.577083 0.606250 0.585417 0.610938 0.589583 0.618750 0.589583 0.629687 0.589583 0.642188 0.589583 0.650000 0.589583 0.660937 0.589583 0.675000 0.589583 0.681250 0.589583 0.684375 0.585417 0.684375 0.572917 0.684375 0.562500
2 0.829688 0.545833 0.818750 0.545833 0.807813 0.545833 0.796875 0.550000 0.792188 0.550000 0.784375 0.550000 0.776563 0.554167 0.770312 0.554167 0.767188 0.558333 0.765625 0.572917 0.765625 0.585417 0.767188 0.589583 0.773438 0.593750 0.798438 0.593750 0.809375 0.591667 0.815625 0.589583 0.821875 0.587500 0.826562 0.583333 0.831250 0.577083 0.832812 0.570833 0.832812 0.560417 0.825000 0.552083 0.821875 0.547917
2 0.942187 0.529167 0.928125 0.529167 0.920312 0.529167 0.915625 0.529167 0.909375 0.533333 0.903125 0.533333 0.900000 0.535417 0.893750 0.539583 0.893750 0.545833 0.896875 0.554167 0.900000 0.560417 0.903125 0.566667 0.906250 0.568750 0.912500 0.568750 0.929688 0.570833 0.942187 0.568750 0.948438 0.566667 0.957812 0.560417 0.960938 0.560417 0.957812 0.552083 0.953125 0.543750 0.948438 0.537500 0.948438 0.533333
2 0.985938 0.702083 0.971875 0.700000 0.960938 0.702083 0.951562 0.704167 0.943750 0.706250 0.935937 0.706250 0.931250 0.712500 0.926562 0.722917 0.928125 0.731250 0.932813 0.735417 0.939063 0.737500 0.951562 0.739583 0.971875 0.739583 0.987500 0.739583 0.993750 0.739583 1.000000 0.731250 1.003125 0.727083 1.000000 0.718750 0.996875 0.712500 0.993750 0.704167 0.987500 0.697917
2 0.834375 0.708333 0.809375 0.708333 0.782813 0.714583 0.770312 0.718750 0.764062 0.720833 0.757812 0.727083 0.751563 0.729167 0.754687 0.735417 0.754687 0.743750 0.757812 0.750000 0.760938 0.754167 0.767188 0.754167 0.776563 0.754167 0.785937 0.754167 0.795312 0.752083 0.807813 0.750000 0.821875 0.750000 0.839063 0.750000 0.845313 0.750000 0.845313 0.739583 0.832812 0.714583 0.828125 0.706250 0.826562 0.702083
2 0.543750 0.577083 0.525000 0.577083 0.503125 0.577083 0.489063 0.577083 0.476562 0.585417 0.478125 0.600000 0.492188 0.602083 0.509375 0.602083 0.526563 0.597917 0.542188 0.591667 0.515625 0.581250 0.498437 0.577083 0.479687 0.577083 0.467187 0.583333 0.465625 0.600000 0.475000 0.610417 0.492188 0.610417 0.507812 0.606250 0.528125 0.602083 0.539062 0.593750 0.540625 0.577083
2 0.651563 0.731250 0.626563 0.727083 0.615625 0.722917 0.604688 0.722917 0.595313 0.720833 0.582812 0.718750 0.573438 0.720833 0.567187 0.722917 0.562500 0.731250 0.562500 0.741667 0.564063 0.750000 0.573438 0.754167 0.582812 0.758333 0.590625 0.758333 0.603125 0.758333 0.612500 0.758333 0.620313 0.758333 0.632812 0.758333 0.643750 0.758333 0.650000 0.754167 0.654687 0.745833 0.654687 0.735417
2 0.479687 0.729167 0.468750 0.729167 0.460938 0.729167 0.450000 0.729167 0.439063 0.729167 0.431250 0.729167 0.421875 0.729167 0.415625 0.733333 0.409375 0.739583 0.409375 0.750000 0.412500 0.758333 0.418750 0.762500 0.431250 0.764583 0.440625 0.764583 0.450000 0.762500 0.460938 0.758333 0.476562 0.756250 0.487500 0.752083 0.490625 0.745833 0.490625 0.735417 0.489063 0.725000
2 0.364063 0.831250 0.346875 0.833333 0.337500 0.833333 0.331250 0.831250 0.321875 0.831250 0.312500 0.835417 0.306250 0.843750 0.300000 0.856250 0.296875 0.864583 0.293750 0.879167 0.293750 0.891667 0.295312 0.902083 0.301563 0.912500 0.310937 0.912500 0.320312 0.912500 0.331250 0.906250 0.337500 0.900000 0.350000 0.883333 0.356250 0.875000 0.364063 0.847917 0.367188 0.831250
2 0.165625 0.814583 0.157812 0.804167 0.150000 0.802083 0.143750 0.802083 0.137500 0.808333 0.132812 0.814583 0.128125 0.822917 0.121875 0.829167 0.117188 0.835417 0.114062 0.841667 0.106250 0.852083 0.104688 0.862500 0.107813 0.872917 0.110937 0.881250 0.114062 0.883333 0.121875 0.881250 0.128125 0.875000 0.153125 0.843750 0.164062 0.831250 0.165625 0.822917 0.165625 0.814583 0.165625 0.804167
2 0.062500 0.950000 0.056250 0.947917 0.051562 0.952083 0.046875 0.956250 0.043750 0.958333 0.039062 0.960417 0.032813 0.964583 0.029687 0.968750 0.026562 0.975000 0.025000 0.981250 0.025000 0.987500 0.028125 0.991667 0.034375 0.991667 0.040625 0.989583 0.045312 0.985417 0.053125 0.977083 0.057813 0.968750 0.060937 0.962500 0.065625 0.956250 0.064062 0.947917 0.062500 0.943750 0.059375 0.941667
2 0.070312 0.614583 0.062500 0.616667 0.057813 0.616667 0.054688 0.616667 0.051562 0.618750 0.050000 0.618750 0.046875 0.618750 0.046875 0.620833 0.043750 0.620833 0.043750 0.622917 0.042188 0.627083 0.040625 0.629167 0.039062 0.631250 0.040625 0.633333 0.046875 0.631250 0.056250 0.629167 0.059375 0.629167 0.062500 0.627083 0.064062 0.625000 0.065625 0.625000 0.068750 0.625000 0.070312 0.622917 0.070312 0.618750 0.068750 0.616667 0.068750 0.614583
2 0.021875 0.554167 0.018750 0.554167 0.015625 0.554167 0.012500 0.554167 0.009375 0.554167 0.004687 0.554167 0.001563 0.554167 0.000000 0.556250 -0.001563 0.558333 -0.003125 0.560417 -0.004687 0.564583 -0.003125 0.566667 0.000000 0.568750 0.001563 0.568750 0.004687 0.568750 0.009375 0.568750 0.014063 0.568750 0.017188 0.568750 0.018750 0.566667 0.020313 0.558333 0.021875 0.547917 0.021875 0.543750 0.021875 0.539583
7 0.253125 0.456250 0.298438 0.404167 0.298438 0.387500 0.290625 0.372917 0.273438 0.358333 0.251563 0.354167 0.226562 0.356250 0.212500 0.360417 0.201563 0.368750 0.192188 0.377083 0.178125 0.391667 0.173437 0.404167 0.179688 0.416667 0.185938 0.431250 0.190625 0.450000 0.195312 0.460417 0.206250 0.468750 0.225000 0.466667 0.237500 0.464583 0.253125 0.460417 0.262500 0.456250
7 0.210938 0.481250 0.193750 0.472917 0.182812 0.468750 0.173437 0.460417 0.167187 0.460417 0.165625 0.468750 0.168750 0.477083 0.173437 0.481250 0.179688 0.493750 0.184375 0.504167 0.185938 0.510417 0.190625 0.516667 0.193750 0.520833 0.198437 0.525000 0.204687 0.522917 0.210938 0.520833 0.214062 0.518750 0.215625 0.510417 0.218750 0.502083 0.214062 0.497917 0.210938 0.493750 0.207813 0.481250
7 0.112500 0.456250 0.098437 0.458333 0.089063 0.462500 0.079687 0.468750 0.071875 0.477083 0.065625 0.487500 0.056250 0.502083 0.050000 0.510417 0.042188 0.512500 0.037500 0.518750 0.040625 0.525000 0.050000 0.525000 0.064062 0.520833 0.073438 0.516667 0.085938 0.512500 0.093750 0.508333 0.098437 0.500000 0.107813 0.491667 0.117188 0.481250 0.121875 0.477083 0.118750 0.466667 0.114062 0.460417
7 0.071875 0.683333 0.064062 0.679167 0.056250 0.672917 0.050000 0.666667 0.046875 0.658333 0.042188 0.645833 0.035937 0.647917 0.021875 0.656250 0.014063 0.662500 0.009375 0.670833 0.004687 0.679167 0.000000 0.689583 -0.001563 0.702083 -0.001563 0.716667 0.004687 0.731250 0.009375 0.739583 0.020313 0.743750 0.048438 0.735417 0.071875 0.714583 0.084375 0.695833 0.085938 0.679167 0.079687 0.672917
3 0.376563 0.204167 0.356250 0.206250 0.340625 0.222917 0.331250 0.227083 0.329688 0.237500 0.331250 0.254167 0.332813 0.270833 0.334375 0.285417 0.337500 0.304167 0.337500 0.318750 0.340625 0.333333 0.342187 0.345833 0.350000 0.347917 0.367188 0.331250 0.376563 0.325000 0.384375 0.318750 0.382812 0.304167 0.376563 0.275000 0.370312 0.235417 0.367188 0.214583 0.367188 0.202083
3 0.303906 0.284375 0.039062 0.106250
3 0.154688 0.295833 0.118750 0.308333 0.115625 0.318750 0.123438 0.339583 0.131250 0.356250 0.140625 0.379167 0.146875 0.397917 0.150000 0.416667 0.156250 0.437500 0.162500 0.454167 0.175000 0.456250 0.182812 0.452083 0.185938 0.431250 0.182812 0.412500 0.179688 0.391667 0.173437 0.370833 0.168750 0.354167 0.162500 0.339583 0.156250 0.318750 0.150000 0.304167 0.143750 0.293750
