1 0.117188 0.088542 0.075000 0.022917
1 0.243750 0.066667 0.065625 0.025000
1 0.368750 0.056250 0.068750 0.025000
1 0.508594 0.046875 0.064062 0.027083
1 0.634375 0.051042 0.068750 0.035417
1 0.762500 0.056250 0.050000 0.025000
1 0.865625 0.065625 0.053125 0.027083
1 0.096875 0.307292 0.065625 0.027083
1 0.239844 0.289583 0.064062 0.029167
1 0.371875 0.278125 0.078125 0.031250
1 0.492188 0.271875 0.056250 0.039583
1 0.592187 0.268750 0.050000 0.033333
1 0.706250 0.266667 0.062500 0.029167
1 0.828125 0.267708 0.075000 0.031250
1 0.132031 0.543750 0.048438 0.029167
1 0.262500 0.542708 0.075000 0.035417
1 0.403125 0.536458 0.084375 0.031250
1 0.558594 0.534375 0.073438 0.035417
1 0.689063 0.529167 0.062500 0.033333
1 0.806250 0.518750 0.062500 0.037500
1 0.923438 0.502083 0.040625 0.029167
1 0.068750 0.641667 0.057813 0.641667 0.046875 0.643750 0.043750 0.647917 0.040625 0.656250 0.040625 0.666667 0.042188 0.679167 0.043750 0.689583 0.043750 0.700000 0.043750 0.710417 0.043750 0.722917 0.046875 0.731250 0.053125 0.733333 0.062500 0.733333 0.067187 0.729167 0.067187 0.716667 0.068750 0.706250 0.068750 0.693750 0.068750 0.683333 0.068750 0.670833 0.068750 0.658333 0.068750 0.647917
1 0.075000 0.814583 0.064062 0.814583 0.053125 0.816667 0.046875 0.818750 0.046875 0.831250 0.048438 0.845833 0.050000 0.858333 0.051562 0.868750 0.051562 0.883333 0.054688 0.891667 0.056250 0.904167 0.059375 0.912500 0.068750 0.914583 0.075000 0.910417 0.079687 0.902083 0.079687 0.887500 0.076563 0.877083 0.076563 0.862500 0.075000 0.847917 0.075000 0.835417 0.075000 0.822917
2 0.059375 0.558333 0.053125 0.558333 0.048438 0.562500 0.046875 0.570833 0.045312 0.577083 0.045312 0.585417 0.045312 0.593750 0.045312 0.604167 0.045312 0.612500 0.045312 0.622917 0.046875 0.631250 0.050000 0.635417 0.056250 0.635417 0.064062 0.635417 0.065625 0.629167 0.065625 0.620833 0.065625 0.610417 0.065625 0.602083 0.064062 0.589583 0.062500 0.583333 0.060937 0.572917 0.059375 0.566667 0.056250 0.562500
2 0.067187 0.735417 0.059375 0.735417 0.051562 0.735417 0.045312 0.735417 0.045312 0.745833 0.045312 0.758333 0.045312 0.766667 0.045312 0.777083 0.046875 0.785417 0.046875 0.795833 0.046875 0.804167 0.053125 0.806250 0.060937 0.806250 0.068750 0.806250 0.071875 0.800000 0.071875 0.789583 0.071875 0.777083 0.071875 0.766667 0.071875 0.754167 0.068750 0.739583 0.067187 0.733333
2 0.082812 0.916667 0.076563 0.920833 0.068750 0.920833 0.064062 0.929167 0.062500 0.935417 0.062500 0.945833 0.062500 0.956250 0.064062 0.964583 0.065625 0.972917 0.064062 0.983333 0.068750 0.989583 0.075000 0.991667 0.082812 0.993750 0.089063 0.993750 0.090625 0.985417 0.092188 0.977083 0.092188 0.966667 0.092188 0.956250 0.092188 0.945833 0.090625 0.935417 0.087500 0.927083 0.084375 0.920833
2 0.207813 0.054167 0.198437 0.054167 0.192188 0.056250 0.185938 0.060417 0.179688 0.060417 0.173437 0.062500 0.165625 0.066667 0.159375 0.068750 0.156250 0.075000 0.156250 0.083333 0.156250 0.093750 0.160938 0.095833 0.167187 0.095833 0.173437 0.093750 0.179688 0.089583 0.185938 0.085417 0.192188 0.081250 0.198437 0.081250 0.206250 0.079167 0.207813 0.072917 0.209375 0.066667 0.209375 0.054167
2 0.331250 0.043750 0.323437 0.043750 0.317188 0.043750 0.310937 0.045833 0.304688 0.045833 0.296875 0.045833 0.289062 0.045833 0.282813 0.045833 0.279687 0.054167 0.279687 0.064583 0.282813 0.072917 0.285938 0.077083 0.292187 0.077083 0.300000 0.077083 0.306250 0.077083 0.312500 0.072917 0.320312 0.072917 0.325000 0.072917 0.331250 0.068750 0.334375 0.058333 0.334375 0.050000 0.334375 0.041667
2 0.439844 0.051042 0.067187 0.027083
2 0.565625 0.047917 0.053125 0.037500
2 0.703125 0.052083 0.068750 0.037500
2 0.812500 0.058333 0.050000 0.029167
2 0.167969 0.294792 0.079687 0.022917
2 0.300000 0.282292 0.053125 0.031250
2 0.437500 0.275000 0.053125 0.033333
2 0.541406 0.267708 0.045312 0.031250
2 0.643750 0.266667 0.056250 0.033333
2 0.764844 0.267708 0.054688 0.039583
2 0.882031 0.269792 0.032813 0.035417
2 0.189844 0.538542 0.067187 0.027083
2 0.328125 0.538542 0.059375 0.035417
2 0.482812 0.532292 0.075000 0.031250
2 0.625781 0.530208 0.060937 0.031250
2 0.744531 0.520833 0.054688 0.033333
2 0.870313 0.507292 0.062500 0.031250
6 0.056250 0.556250 0.037500 0.583333 0.035937 0.637500 0.035937 0.689583 0.042188 0.739583 0.045312 0.783333 0.051562 0.831250 0.054688 0.877083 0.057813 0.920833 0.060937 0.964583 0.079687 0.993750 0.092188 0.964583 0.085938 0.918750 0.079687 0.879167 0.073438 0.833333 0.073438 0.783333 0.070312 0.737500 0.070312 0.689583 0.070312 0.629167 0.064062 0.583333 0.050000 0.554167
6 0.173437 0.516667 0.101562 0.556250 0.185938 0.560417 0.298438 0.556250 0.385937 0.558333 0.510938 0.554167 0.590625 0.552083 0.695312 0.541667 0.787500 0.533333 0.881250 0.525000 0.943750 0.491667 0.865625 0.481250 0.781250 0.495833 0.682813 0.500000 0.595313 0.508333 0.514062 0.516667 0.431250 0.512500 0.342187 0.516667 0.248438 0.500000 0.173437 0.520833 0.273438 0.516667
6 0.893750 0.245833 0.796875 0.250000 0.709375 0.252083 0.621875 0.252083 0.507812 0.262500 0.418750 0.262500 0.389062 0.260417 0.292187 0.270833 0.210938 0.270833 0.118750 0.287500 0.059375 0.318750 0.143750 0.312500 0.235937 0.308333 0.321875 0.300000 0.421875 0.291667 0.498437 0.295833 0.579688 0.295833 0.687500 0.291667 0.792188 0.295833 0.945312 0.291667 0.875000 0.250000
6 0.173437 0.058333 0.082812 0.068750 0.146875 0.089583 0.253125 0.077083 0.365625 0.072917 0.460938 0.060417 0.535937 0.056250 0.620313 0.064583 0.703125 0.072917 0.801562 0.081250 0.896875 0.066667 0.839063 0.035417 0.759375 0.039583 0.684375 0.029167 0.609375 0.037500 0.518750 0.033333 0.426563 0.035417 0.353125 0.039583 0.270313 0.041667 0.196875 0.045833 0.126562 0.056250
7 0.061719 0.522917 0.101562 0.066667
0 0.229687 0.337500 0.193750 0.333333 0.165625 0.325000 0.137500 0.325000 0.106250 0.322917 0.084375 0.318750 0.068750 0.331250 0.060937 0.360417 0.059375 0.389583 0.059375 0.420833 0.071875 0.437500 0.095312 0.439583 0.118750 0.443750 0.145313 0.443750 0.168750 0.447917 0.193750 0.456250 0.218750 0.460417 0.228125 0.439583 0.234375 0.406250 0.237500 0.364583 0.232813 0.337500
