2 0.426563 0.206250 0.410938 0.235417 0.412500 0.243750 0.421875 0.250000 0.428125 0.254167 0.437500 0.262500 0.450000 0.272917 0.457813 0.279167 0.465625 0.281250 0.475000 0.281250 0.485938 0.281250 0.493750 0.279167 0.493750 0.262500 0.493750 0.250000 0.493750 0.241667 0.481250 0.235417 0.462500 0.229167 0.446875 0.222917 0.434375 0.218750 0.426563 0.212500 0.421875 0.206250
2 0.550000 0.272917 0.550000 0.279167 0.546875 0.291667 0.543750 0.300000 0.546875 0.306250 0.553125 0.310417 0.557813 0.312500 0.565625 0.312500 0.573438 0.312500 0.581250 0.312500 0.585938 0.316667 0.593750 0.318750 0.596875 0.312500 0.590625 0.304167 0.587500 0.300000 0.581250 0.293750 0.578125 0.291667 0.571875 0.287500 0.565625 0.285417 0.559375 0.281250 0.553125 0.281250
2 0.665625 0.331250 0.657813 0.343750 0.653125 0.350000 0.653125 0.360417 0.653125 0.362500 0.659375 0.368750 0.665625 0.372917 0.673438 0.375000 0.679688 0.379167 0.689063 0.381250 0.693750 0.381250 0.700000 0.379167 0.703125 0.372917 0.703125 0.362500 0.703125 0.356250 0.700000 0.350000 0.693750 0.347917 0.687500 0.343750 0.682813 0.343750 0.675000 0.341667 0.668750 0.337500 0.662500 0.335417
2 0.746875 0.381250 0.745313 0.387500 0.742188 0.397917 0.742188 0.404167 0.742188 0.412500 0.742188 0.418750 0.746875 0.418750 0.753125 0.425000 0.759375 0.425000 0.767188 0.425000 0.773438 0.425000 0.778125 0.422917 0.781250 0.412500 0.781250 0.406250 0.781250 0.400000 0.776563 0.393750 0.771875 0.391667 0.767188 0.387500 0.760938 0.387500 0.753125 0.385417 0.750000 0.381250
2 0.815625 0.418750 0.814063 0.431250 0.814063 0.437500 0.814063 0.443750 0.815625 0.450000 0.818750 0.456250 0.825000 0.460417 0.831250 0.462500 0.839063 0.462500 0.846875 0.462500 0.850000 0.462500 0.856250 0.456250 0.856250 0.454167 0.856250 0.447917 0.850000 0.443750 0.846875 0.437500 0.840625 0.431250 0.828125 0.425000 0.818750 0.418750 0.809375 0.418750 0.804688 0.418750
2 0.898438 0.468750 0.898438 0.487500 0.898438 0.500000 0.898438 0.506250 0.898438 0.510417 0.903125 0.510417 0.906250 0.510417 0.909375 0.510417 0.915625 0.516667 0.918750 0.516667 0.925000 0.516667 0.929688 0.516667 0.929688 0.506250 0.929688 0.500000 0.929688 0.493750 0.928125 0.487500 0.923438 0.485417 0.918750 0.481250 0.915625 0.479167 0.909375 0.475000 0.906250 0.475000 0.903125 0.472917 0.900000 0.472917
2 0.068750 0.522917 0.085938 0.529167 0.092188 0.531250 0.096875 0.529167 0.096875 0.518750 0.100000 0.506250 0.100000 0.497917 0.103125 0.485417 0.104688 0.475000 0.104688 0.462500 0.100000 0.450000 0.096875 0.447917 0.089063 0.447917 0.089063 0.456250 0.085938 0.462500 0.078125 0.475000 0.076563 0.481250 0.071875 0.493750 0.068750 0.504167 0.065625 0.516667
2 0.050000 0.612500 0.046875 0.625000 0.043750 0.637500 0.040625 0.650000 0.040625 0.656250 0.037500 0.666667 0.037500 0.675000 0.037500 0.681250 0.043750 0.679167 0.048438 0.675000 0.054688 0.672917 0.057813 0.666667 0.059375 0.660417 0.059375 0.650000 0.059375 0.641667 0.062500 0.631250 0.062500 0.625000 0.062500 0.618750 0.057813 0.618750 0.050000 0.612500 0.046875 0.610417
1 0.368750 0.181250 0.364063 0.187500 0.353125 0.206250 0.356250 0.212500 0.364063 0.216667 0.371875 0.218750 0.381250 0.222917 0.387500 0.225000 0.396875 0.229167 0.403125 0.231250 0.409375 0.229167 0.412500 0.218750 0.415625 0.212500 0.412500 0.206250 0.406250 0.206250 0.398438 0.200000 0.387500 0.193750 0.381250 0.193750 0.375000 0.191667 0.364063 0.187500 0.356250 0.181250
1 0.501563 0.243750 0.500000 0.254167 0.500000 0.262500 0.496875 0.268750 0.496875 0.279167 0.501563 0.287500 0.506250 0.291667 0.512500 0.291667 0.521875 0.291667 0.531250 0.291667 0.534375 0.291667 0.540625 0.291667 0.543750 0.281250 0.543750 0.272917 0.540625 0.268750 0.534375 0.268750 0.528125 0.268750 0.521875 0.266667 0.515625 0.262500 0.503125 0.254167 0.500000 0.254167 0.493750 0.250000
1 0.606250 0.300000 0.600000 0.312500 0.600000 0.318750 0.603125 0.325000 0.606250 0.331250 0.610938 0.337500 0.615625 0.343750 0.621875 0.343750 0.628125 0.347917 0.637500 0.350000 0.643750 0.350000 0.651563 0.347917 0.653125 0.337500 0.657813 0.331250 0.653125 0.325000 0.646875 0.322917 0.642188 0.318750 0.635938 0.312500 0.628125 0.312500 0.620313 0.312500 0.612500 0.310417 0.604688 0.306250
1 0.706250 0.356250 0.700000 0.381250 0.700000 0.387500 0.704688 0.391667 0.709375 0.393750 0.714063 0.397917 0.718750 0.400000 0.725000 0.400000 0.731250 0.404167 0.737500 0.404167 0.742188 0.400000 0.746875 0.391667 0.746875 0.385417 0.746875 0.379167 0.742188 0.375000 0.735938 0.368750 0.729688 0.362500 0.725000 0.362500 0.715625 0.360417 0.709375 0.360417 0.700000 0.360417 0.696875 0.356250
1 0.784375 0.406250 0.781250 0.412500 0.781250 0.418750 0.781250 0.425000 0.781250 0.431250 0.784375 0.435417 0.787500 0.437500 0.787500 0.437500 0.793750 0.437500 0.796875 0.437500 0.800000 0.437500 0.806250 0.437500 0.809375 0.437500 0.809375 0.431250 0.809375 0.425000 0.809375 0.416667 0.806250 0.412500 0.803125 0.412500 0.798438 0.410417 0.793750 0.410417 0.787500 0.410417 0.784375 0.410417 0.784375 0.406250
1 0.862500 0.447917 0.856250 0.456250 0.854688 0.460417 0.850000 0.462500 0.850000 0.468750 0.850000 0.475000 0.850000 0.485417 0.853125 0.487500 0.856250 0.487500 0.862500 0.485417 0.868750 0.481250 0.878125 0.481250 0.881250 0.481250 0.887500 0.481250 0.893750 0.481250 0.893750 0.475000 0.890625 0.460417 0.887500 0.456250 0.885938 0.450000 0.878125 0.447917 0.871875 0.443750 0.865625 0.443750 0.860938 0.447917 0.856250 0.447917
1 0.934375 0.497917 0.932813 0.518750 0.931250 0.525000 0.934375 0.525000 0.940625 0.525000 0.948438 0.525000 0.954688 0.529167 0.960938 0.531250 0.965625 0.535417 0.971875 0.537500 0.975000 0.537500 0.981250 0.531250 0.981250 0.525000 0.978125 0.525000 0.971875 0.518750 0.965625 0.516667 0.960938 0.510417 0.956250 0.506250 0.950000 0.504167 0.946875 0.500000 0.940625 0.500000 0.934375 0.500000
1 0.104688 0.447917 0.107813 0.435417 0.112500 0.418750 0.112500 0.410417 0.123438 0.387500 0.128125 0.375000 0.129688 0.362500 0.128125 0.354167 0.123438 0.350000 0.117188 0.347917 0.109375 0.350000 0.109375 0.362500 0.106250 0.375000 0.096875 0.393750 0.093750 0.404167 0.085938 0.418750 0.081250 0.429167 0.084375 0.437500 0.090625 0.441667 0.096875 0.441667 0.106250 0.443750
1 0.050000 0.597917 0.065625 0.600000 0.071875 0.600000 0.075000 0.600000 0.075000 0.593750 0.078125 0.587500 0.081250 0.572917 0.081250 0.562500 0.085938 0.550000 0.085938 0.543750 0.084375 0.535417 0.081250 0.529167 0.075000 0.529167 0.068750 0.529167 0.062500 0.535417 0.059375 0.541667 0.059375 0.547917 0.056250 0.556250 0.056250 0.568750 0.054688 0.575000 0.050000 0.587500
1 0.018750 0.697917 0.028125 0.706250 0.031250 0.712500 0.034375 0.716667 0.037500 0.718750 0.043750 0.718750 0.053125 0.716667 0.059375 0.712500 0.068750 0.706250 0.075000 0.700000 0.076563 0.693750 0.078125 0.687500 0.078125 0.679167 0.073438 0.675000 0.065625 0.675000 0.056250 0.675000 0.048438 0.679167 0.040625 0.679167 0.031250 0.681250 0.025000 0.685417 0.017188 0.687500 0.017188 0.693750 0.021875 0.697917
1 0.003125 0.018750 0.001563 0.031250 0.000000 0.037500 0.000000 0.043750 0.000000 0.054167 0.001563 0.056250 0.006250 0.060417 0.012500 0.060417 0.017188 0.062500 0.020313 0.062500 0.025000 0.062500 0.032813 0.062500 0.034375 0.060417 0.037500 0.054167 0.037500 0.043750 0.034375 0.041667 0.032813 0.035417 0.025000 0.035417 0.021875 0.031250 0.017188 0.029167 0.014063 0.025000 0.006250 0.025000 0.001563 0.022917
3 0.275000 0.000000 0.262500 0.018750 0.254688 0.037500 0.246875 0.054167 0.239063 0.091667 0.231250 0.116667 0.228125 0.135417 0.231250 0.150000 0.237500 0.168750 0.243750 0.179167 0.256250 0.181250 0.281250 0.166667 0.287500 0.154167 0.293750 0.137500 0.304688 0.100000 0.304688 0.075000 0.304688 0.056250 0.300000 0.037500 0.293750 0.018750 0.290625 0.006250 0.282813 0.000000
3 0.140625 0.331250 0.156250 0.297917 0.159375 0.275000 0.148438 0.247917 0.128125 0.231250 0.109375 0.222917 0.092188 0.212500 0.081250 0.206250 0.068750 0.206250 0.059375 0.206250 0.050000 0.216667 0.050000 0.231250 0.050000 0.250000 0.056250 0.256250 0.065625 0.266667 0.081250 0.279167 0.096875 0.300000 0.109375 0.312500 0.121875 0.318750 0.131250 0.318750 0.140625 0.318750
3 0.210938 0.043750 0.225000 0.031250 0.228125 0.018750 0.228125 0.006250 0.223438 0.000000 0.212500 -0.010417 0.203125 -0.012500 0.190625 -0.012500 0.179688 -0.012500 0.165625 -0.010417 0.156250 -0.004167 0.146875 0.000000 0.139063 0.004167 0.134375 0.010417 0.140625 0.022917 0.148438 0.031250 0.156250 0.035417 0.168750 0.037500 0.187500 0.043750 0.200000 0.047917 0.212500 0.050000
6 0.981250 0.520833 0.935937 0.485417 0.873437 0.439583 0.796875 0.402083 0.723437 0.370833 0.662500 0.322917 0.606250 0.300000 0.551562 0.272917 0.492188 0.237500 0.437500 0.208333 0.368750 0.183333 0.360938 0.218750 0.442188 0.258333 0.510938 0.300000 0.582812 0.322917 0.640625 0.356250 0.704688 0.402083 0.773438 0.439583 0.860938 0.481250 0.931250 0.535417 0.978125 0.529167
6 0.126562 0.354167 0.103125 0.366667 0.087500 0.389583 0.075000 0.422917 0.070312 0.462500 0.059375 0.508333 0.053125 0.550000 0.040625 0.600000 0.031250 0.641667 0.020313 0.681250 0.003125 0.725000 0.028125 0.725000 0.050000 0.700000 0.062500 0.664583 0.071875 0.631250 0.085938 0.585417 0.095312 0.547917 0.104688 0.502083 0.106250 0.456250 0.114062 0.410417 0.123438 0.366667
7 0.368750 0.433333 0.373437 0.414583 0.378125 0.395833 0.373437 0.383333 0.364063 0.372917 0.351562 0.366667 0.337500 0.360417 0.326562 0.354167 0.312500 0.347917 0.296875 0.339583 0.282813 0.341667 0.278125 0.356250 0.276562 0.372917 0.276562 0.387500 0.285938 0.395833 0.293750 0.408333 0.306250 0.420833 0.318750 0.431250 0.331250 0.439583 0.348438 0.445833 0.360938 0.445833
7 0.007812 0.331250 0.012500 0.314583 0.020313 0.300000 0.025000 0.291667 0.029687 0.283333 0.035937 0.268750 0.035937 0.260417 0.029687 0.256250 0.025000 0.245833 0.020313 0.237500 0.015625 0.235417 0.007812 0.233333 0.003125 0.239583 0.000000 0.250000 0.000000 0.260417 0.000000 0.270833 0.000000 0.281250 0.000000 0.293750 0.000000 0.302083 0.000000 0.310417 0.003125 0.322917 0.007812 0.327083
6 0.045312 0.054167 0.040625 0.043750 0.037500 0.037500 0.032813 0.033333 0.028125 0.029167 0.025000 0.025000 0.018750 0.020833 0.014063 0.020833 0.007812 0.018750 0.003125 0.018750 0.003125 0.025000 0.000000 0.031250 0.000000 0.041667 0.000000 0.050000 0.000000 0.058333 0.003125 0.062500 0.007812 0.064583 0.014063 0.064583 0.020313 0.064583 0.026562 0.064583 0.032813 0.062500 0.037500 0.060417 0.040625 0.056250
