0 0.751563 0.385417 0.137500 0.054167
0 0.474219 0.705208 0.117188 0.181250
0 0.235937 0.368750 0.125000 0.062500
0 0.390625 0.153125 0.081250 0.106250
4 0.134375 0.759375 0.221875 0.168750
3 0.628125 0.160417 0.018750 0.116667
3 0.450000 0.084375 0.031250 0.110417
3 0.493750 0.254167 0.493750 0.275000 0.493750 0.293750 0.493750 0.312500 0.496875 0.325000 0.496875 0.335417 0.496875 0.347917 0.500000 0.356250 0.506250 0.350000 0.509375 0.343750 0.509375 0.335417 0.509375 0.322917 0.509375 0.306250 0.509375 0.300000 0.509375 0.287500 0.509375 0.275000 0.509375 0.266667 0.506250 0.250000 0.503125 0.243750 0.493750 0.243750 0.493750 0.254167
3 0.368750 0.190625 0.043750 0.097917
1 0.737500 0.191667 0.043750 0.025000
1 0.962500 0.165625 0.034375 0.022917
1 0.787500 0.172917 0.787500 0.175000 0.787500 0.179167 0.787500 0.181250 0.793750 0.187500 0.796875 0.187500 0.800000 0.187500 0.803125 0.187500 0.806250 0.187500 0.809375 0.187500 0.814063 0.187500 0.818750 0.187500 0.818750 0.187500 0.823438 0.187500 0.825000 0.187500 0.829688 0.187500 0.834375 0.187500 0.835938 0.187500 0.835938 0.181250 0.835938 0.175000 0.835938 0.172917 0.835938 0.168750 0.835938 0.166667 0.835938 0.162500
1 0.875000 0.168750 0.878125 0.172917 0.881250 0.175000 0.881250 0.179167 0.881250 0.181250 0.885938 0.181250 0.890625 0.181250 0.893750 0.181250 0.903125 0.181250 0.906250 0.179167 0.909375 0.179167 0.912500 0.179167 0.917188 0.179167 0.918750 0.179167 0.918750 0.175000 0.918750 0.172917 0.918750 0.166667 0.918750 0.162500 0.918750 0.160417 0.915625 0.156250 0.915625 0.154167
1 0.923438 0.268750 0.925000 0.275000 0.925000 0.279167 0.925000 0.281250 0.928125 0.285417 0.928125 0.287500 0.929688 0.291667 0.929688 0.291667 0.931250 0.293750 0.934375 0.293750 0.934375 0.293750 0.939063 0.291667 0.940625 0.287500 0.943750 0.287500 0.946875 0.287500 0.948438 0.287500 0.950000 0.287500 0.950000 0.287500 0.953125 0.285417 0.950000 0.279167 0.950000 0.275000 0.948438 0.268750 0.948438 0.268750 0.948438 0.268750 0.953125 0.268750
1 0.981250 0.268750 0.981250 0.268750 0.981250 0.272917 0.984375 0.275000 0.984375 0.279167 0.985938 0.281250 0.987500 0.285417 0.987500 0.287500 0.987500 0.287500 0.987500 0.287500 0.987500 0.291667 0.990625 0.287500 0.990625 0.287500 0.993750 0.287500 0.995313 0.281250 0.996875 0.281250 1.000000 0.281250 1.000000 0.281250 1.003125 0.281250 1.003125 0.281250 1.003125 0.281250 1.006250 0.281250 1.006250 0.279167 1.006250 0.279167 1.006250 0.279167 1.006250 0.275000 1.006250 0.275000 1.003125 0.275000 1.003125 0.275000 1.003125 0.272917 1.003125 0.272917 1.000000 0.268750 1.000000 0.268750 1.000000 0.268750 1.000000 0.266667 1.000000 0.266667 0.996875 0.266667 0.996875 0.266667 0.996875 0.266667
1 0.843750 0.293750 0.843750 0.293750 0.845313 0.300000 0.845313 0.304167 0.846875 0.306250 0.850000 0.312500 0.850000 0.312500 0.856250 0.312500 0.860938 0.312500 0.862500 0.306250 0.870313 0.306250 0.871875 0.306250 0.876563 0.306250 0.878125 0.306250 0.884375 0.306250 0.885938 0.306250 0.887500 0.304167 0.887500 0.300000 0.887500 0.293750 0.887500 0.293750 0.887500 0.291667 0.887500 0.287500 0.887500 0.285417 0.887500 0.281250 0.887500 0.281250
1 0.925000 0.431250 0.925000 0.437500 0.925000 0.443750 0.925000 0.450000 0.928125 0.454167 0.929688 0.456250 0.932813 0.460417 0.939063 0.456250 0.943750 0.456250 0.950000 0.454167 0.953125 0.450000 0.956250 0.447917 0.956250 0.447917 0.960938 0.447917 0.964063 0.447917 0.965625 0.447917 0.968750 0.447917 0.970313 0.443750 0.971875 0.443750 0.971875 0.437500 0.971875 0.435417 0.970313 0.431250 0.970313 0.429167 0.968750 0.425000
1 0.840625 0.454167 0.840625 0.456250 0.840625 0.460417 0.840625 0.466667 0.840625 0.468750 0.840625 0.475000 0.845313 0.475000 0.846875 0.479167 0.854688 0.479167 0.862500 0.479167 0.871875 0.475000 0.878125 0.475000 0.881250 0.475000 0.881250 0.475000 0.885938 0.475000 0.887500 0.472917 0.887500 0.468750 0.887500 0.462500 0.887500 0.460417 0.887500 0.456250 0.887500 0.450000 0.887500 0.447917 0.887500 0.443750 0.885938 0.441667 0.878125 0.447917
1 0.740625 0.481250 0.740625 0.487500 0.740625 0.487500 0.740625 0.493750 0.742188 0.493750 0.742188 0.493750 0.746875 0.493750 0.753125 0.493750 0.765625 0.493750 0.776563 0.493750 0.787500 0.491667 0.792188 0.487500 0.793750 0.487500 0.793750 0.487500 0.793750 0.481250 0.793750 0.481250 0.793750 0.481250 0.793750 0.479167 0.790625 0.475000 0.787500 0.475000 0.787500 0.475000 0.784375 0.475000 0.784375 0.475000 0.782813 0.475000 0.781250 0.475000 0.778125 0.475000 0.776563 0.475000 0.776563 0.475000
1 0.731250 0.572917 0.721875 0.572917 0.712500 0.572917 0.706250 0.575000 0.709375 0.587500 0.712500 0.600000 0.715625 0.610417 0.720313 0.618750 0.721875 0.629167 0.721875 0.637500 0.728125 0.643750 0.737500 0.643750 0.742188 0.643750 0.746875 0.637500 0.745313 0.629167 0.737500 0.618750 0.737500 0.606250 0.734375 0.600000 0.731250 0.587500 0.729688 0.579167
1 0.768750 0.706250 0.759375 0.706250 0.751563 0.706250 0.746875 0.712500 0.751563 0.729167 0.753125 0.743750 0.756250 0.756250 0.762500 0.768750 0.765625 0.781250 0.768750 0.793750 0.778125 0.793750 0.787500 0.793750 0.796875 0.793750 0.796875 0.785417 0.792188 0.775000 0.784375 0.766667 0.782813 0.754167 0.778125 0.737500 0.776563 0.722917 0.775000 0.712500 0.768750 0.706250
1 0.821875 0.881250 0.815625 0.881250 0.812500 0.881250 0.806250 0.881250 0.803125 0.885417 0.806250 0.897917 0.807813 0.904167 0.809375 0.912500 0.809375 0.918750 0.812500 0.929167 0.814063 0.943750 0.815625 0.947917 0.821875 0.947917 0.829688 0.947917 0.835938 0.947917 0.837500 0.943750 0.831250 0.929167 0.829688 0.918750 0.828125 0.912500 0.825000 0.904167 0.821875 0.893750 0.821875 0.881250 0.818750 0.875000
1 0.637500 0.912500 0.628125 0.912500 0.615625 0.916667 0.615625 0.929167 0.615625 0.937500 0.620313 0.950000 0.625000 0.966667 0.626563 0.975000 0.631250 0.985417 0.631250 0.997917 0.637500 1.004167 0.646875 1.004167 0.653125 1.000000 0.653125 0.987500 0.651563 0.975000 0.650000 0.966667 0.648438 0.956250 0.643750 0.943750 0.640625 0.931250 0.637500 0.925000 0.634375 0.912500
1 0.589063 0.743750 0.581250 0.743750 0.575000 0.747917 0.568750 0.750000 0.568750 0.756250 0.568750 0.768750 0.568750 0.781250 0.568750 0.787500 0.573438 0.800000 0.578125 0.812500 0.581250 0.822917 0.584375 0.831250 0.590625 0.831250 0.600000 0.831250 0.606250 0.825000 0.609375 0.818750 0.609375 0.800000 0.609375 0.791667 0.606250 0.781250 0.603125 0.775000 0.596875 0.766667 0.593750 0.756250 0.590625 0.750000
1 0.543750 0.575000 0.540625 0.575000 0.534375 0.581250 0.528125 0.587500 0.528125 0.600000 0.531250 0.610417 0.534375 0.622917 0.537500 0.631250 0.542188 0.643750 0.543750 0.656250 0.550000 0.662500 0.559375 0.662500 0.565625 0.662500 0.568750 0.660417 0.565625 0.650000 0.559375 0.631250 0.557813 0.625000 0.554688 0.612500 0.550000 0.600000 0.550000 0.593750 0.548438 0.581250 0.543750 0.575000
1 0.014063 0.362500 0.009375 0.362500 0.006250 0.362500 0.003125 0.362500 0.001563 0.362500 0.000000 0.362500 0.000000 0.368750 0.000000 0.375000 0.000000 0.381250 0.000000 0.387500 0.000000 0.387500 0.001563 0.391667 0.006250 0.391667 0.009375 0.391667 0.012500 0.391667 0.014063 0.391667 0.017188 0.387500 0.017188 0.381250 0.017188 0.379167 0.017188 0.375000 0.017188 0.368750 0.017188 0.368750 0.014063 0.366667 0.014063 0.362500
1 0.109375 0.335417 0.107813 0.337500 0.100000 0.337500 0.096875 0.341667 0.092188 0.347917 0.089063 0.347917 0.085938 0.347917 0.081250 0.350000 0.081250 0.356250 0.084375 0.360417 0.085938 0.362500 0.085938 0.368750 0.092188 0.368750 0.100000 0.368750 0.103125 0.368750 0.107813 0.366667 0.112500 0.366667 0.118750 0.362500 0.123438 0.362500 0.128125 0.360417 0.128125 0.356250 0.128125 0.350000 0.128125 0.343750 0.123438 0.341667 0.120313 0.337500
1 0.071875 0.468750 0.065625 0.468750 0.053125 0.468750 0.046875 0.472917 0.043750 0.472917 0.037500 0.475000 0.034375 0.479167 0.028125 0.481250 0.028125 0.487500 0.028125 0.493750 0.028125 0.500000 0.037500 0.504167 0.046875 0.504167 0.054688 0.504167 0.059375 0.504167 0.062500 0.500000 0.068750 0.500000 0.071875 0.497917 0.076563 0.493750 0.076563 0.481250 0.076563 0.472917
1 0.171875 0.437500 0.165625 0.437500 0.159375 0.443750 0.146875 0.450000 0.139063 0.454167 0.131250 0.454167 0.128125 0.462500 0.131250 0.468750 0.134375 0.472917 0.148438 0.475000 0.162500 0.472917 0.165625 0.468750 0.175000 0.468750 0.181250 0.462500 0.187500 0.456250 0.193750 0.450000 0.193750 0.443750 0.185938 0.441667 0.179688 0.441667 0.171875 0.441667 0.168750 0.441667
1 0.270313 0.418750 0.262500 0.418750 0.256250 0.425000 0.253125 0.425000 0.243750 0.431250 0.242188 0.437500 0.240625 0.447917 0.246875 0.447917 0.265625 0.447917 0.278125 0.443750 0.287500 0.437500 0.293750 0.431250 0.301563 0.429167 0.306250 0.425000 0.309375 0.418750 0.309375 0.410417 0.304688 0.406250 0.293750 0.404167 0.285938 0.406250 0.275000 0.406250 0.273438 0.412500
1 0.207813 0.581250 0.207813 0.585417 0.203125 0.587500 0.200000 0.591667 0.196875 0.593750 0.193750 0.600000 0.193750 0.606250 0.193750 0.610417 0.193750 0.612500 0.193750 0.618750 0.196875 0.618750 0.206250 0.618750 0.215625 0.618750 0.223438 0.618750 0.225000 0.616667 0.228125 0.610417 0.228125 0.606250 0.228125 0.597917 0.228125 0.593750 0.225000 0.587500 0.212500 0.587500 0.207813 0.587500 0.203125 0.587500 0.203125 0.593750
1 0.325000 0.566667 0.318750 0.566667 0.314063 0.566667 0.306250 0.566667 0.304688 0.572917 0.304688 0.581250 0.312500 0.587500 0.334375 0.587500 0.343750 0.587500 0.353125 0.585417 0.359375 0.581250 0.365625 0.575000 0.368750 0.572917 0.371875 0.566667 0.371875 0.556250 0.367188 0.556250 0.350000 0.556250 0.337500 0.556250 0.329688 0.562500 0.321875 0.566667 0.317188 0.568750
1 0.395313 0.660417 0.392188 0.662500 0.387500 0.668750 0.387500 0.675000 0.384375 0.681250 0.384375 0.687500 0.381250 0.693750 0.381250 0.700000 0.381250 0.710417 0.379688 0.718750 0.379688 0.725000 0.387500 0.729167 0.393750 0.725000 0.400000 0.718750 0.407813 0.712500 0.409375 0.704167 0.410938 0.693750 0.410938 0.685417 0.410938 0.679167 0.406250 0.668750 0.403125 0.662500 0.398438 0.662500 0.395313 0.666667
1 0.409375 0.800000 0.406250 0.804167 0.400000 0.812500 0.398438 0.822917 0.396875 0.831250 0.395313 0.847917 0.395313 0.856250 0.400000 0.875000 0.403125 0.891667 0.409375 0.904167 0.415625 0.906250 0.423438 0.906250 0.431250 0.893750 0.431250 0.875000 0.431250 0.862500 0.425000 0.850000 0.421875 0.835417 0.418750 0.825000 0.415625 0.812500 0.412500 0.804167 0.406250 0.800000
1 0.440625 0.968750 0.437500 0.968750 0.434375 0.968750 0.431250 0.968750 0.431250 0.972917 0.429688 0.975000 0.428125 0.979167 0.428125 0.981250 0.428125 0.987500 0.428125 0.987500 0.429688 0.993750 0.431250 0.993750 0.434375 0.997917 0.437500 0.997917 0.440625 0.997917 0.443750 0.997917 0.443750 0.993750 0.446875 0.987500 0.446875 0.985417 0.446875 0.981250 0.446875 0.975000 0.446875 0.972917 0.443750 0.968750 0.443750 0.966667 0.440625 0.962500
1 0.312500 0.043750 0.309375 0.043750 0.306250 0.043750 0.304688 0.043750 0.301563 0.043750 0.300000 0.043750 0.298438 0.050000 0.293750 0.050000 0.293750 0.054167 0.293750 0.060417 0.293750 0.062500 0.293750 0.068750 0.296875 0.072917 0.300000 0.072917 0.301563 0.072917 0.306250 0.068750 0.312500 0.066667 0.317188 0.060417 0.318750 0.056250 0.318750 0.050000 0.318750 0.047917 0.317188 0.043750 0.314063 0.041667
1 0.312500 0.106250 0.306250 0.106250 0.304688 0.112500 0.301563 0.118750 0.301563 0.122917 0.300000 0.125000 0.300000 0.135417 0.300000 0.141667 0.301563 0.143750 0.304688 0.143750 0.306250 0.147917 0.309375 0.147917 0.312500 0.147917 0.317188 0.143750 0.318750 0.141667 0.321875 0.137500 0.321875 0.137500 0.321875 0.131250 0.321875 0.129167 0.321875 0.122917 0.318750 0.118750 0.317188 0.112500 0.315625 0.110417 0.312500 0.110417 0.309375 0.110417
1 0.565625 0.037500 0.559375 0.037500 0.556250 0.037500 0.554688 0.043750 0.553125 0.047917 0.553125 0.050000 0.553125 0.060417 0.553125 0.066667 0.554688 0.072917 0.557813 0.075000 0.559375 0.079167 0.565625 0.075000 0.568750 0.068750 0.568750 0.062500 0.568750 0.054167 0.565625 0.041667 0.559375 0.029167 0.557813 0.022917 0.554688 0.018750 0.550000 0.018750 0.550000 0.035417
1 0.585938 0.110417 0.584375 0.112500 0.581250 0.118750 0.581250 0.122917 0.579688 0.129167 0.579688 0.131250 0.579688 0.137500 0.579688 0.141667 0.581250 0.143750 0.581250 0.150000 0.585938 0.150000 0.590625 0.150000 0.593750 0.150000 0.595313 0.150000 0.595313 0.143750 0.595313 0.137500 0.595313 0.135417 0.595313 0.129167 0.590625 0.122917 0.585938 0.118750 0.581250 0.112500
1 0.631250 0.181250 0.625000 0.181250 0.618750 0.187500 0.615625 0.191667 0.612500 0.197917 0.610938 0.200000 0.610938 0.210417 0.612500 0.216667 0.621875 0.218750 0.634375 0.218750 0.643750 0.218750 0.653125 0.218750 0.662500 0.218750 0.667188 0.212500 0.667188 0.206250 0.665625 0.200000 0.662500 0.193750 0.657813 0.187500 0.651563 0.187500 0.642188 0.185417 0.631250 0.181250 0.628125 0.181250 0.621875 0.181250
1 0.421875 0.004167 0.418750 0.004167 0.415625 0.004167 0.412500 0.004167 0.409375 0.006250 0.406250 0.010417 0.403125 0.012500 0.400000 0.016667 0.400000 0.018750 0.400000 0.025000 0.400000 0.029167 0.406250 0.031250 0.410938 0.037500 0.412500 0.037500 0.415625 0.037500 0.418750 0.035417 0.423438 0.031250 0.426563 0.029167 0.429688 0.025000 0.431250 0.022917 0.431250 0.018750 0.431250 0.016667 0.431250 0.010417 0.431250 0.006250 0.428125 0.004167 0.425000 0.000000
2 0.434375 0.912500 0.431250 0.906250 0.428125 0.906250 0.423438 0.906250 0.421875 0.912500 0.418750 0.918750 0.418750 0.929167 0.418750 0.937500 0.418750 0.947917 0.418750 0.950000 0.425000 0.960417 0.431250 0.962500 0.434375 0.966667 0.439063 0.962500 0.440625 0.962500 0.440625 0.954167 0.440625 0.947917 0.440625 0.937500 0.442188 0.931250 0.443750 0.925000 0.443750 0.918750 0.443750 0.912500 0.440625 0.906250 0.437500 0.904167
2 0.600000 0.831250 0.595313 0.835417 0.593750 0.847917 0.593750 0.856250 0.593750 0.875000 0.596875 0.881250 0.600000 0.893750 0.604688 0.904167 0.610938 0.906250 0.615625 0.906250 0.625000 0.900000 0.631250 0.897917 0.631250 0.887500 0.628125 0.881250 0.621875 0.881250 0.617188 0.881250 0.615625 0.875000 0.612500 0.860417 0.606250 0.847917 0.606250 0.837500 0.603125 0.829167
2 0.831250 0.954167 0.831250 0.962500 0.829688 0.968750 0.828125 0.979167 0.828125 0.987500 0.828125 1.000000 0.829688 1.004167 0.834375 1.010417 0.839063 1.010417 0.840625 1.006250 0.845313 1.000000 0.845313 0.991667 0.846875 0.985417 0.846875 0.975000 0.846875 0.972917 0.846875 0.962500 0.845313 0.960417 0.840625 0.956250 0.837500 0.950000 0.834375 0.950000 0.831250 0.950000
2 0.793750 0.793750 0.790625 0.806250 0.784375 0.812500 0.784375 0.825000 0.784375 0.835417 0.784375 0.843750 0.787500 0.856250 0.793750 0.862500 0.796875 0.875000 0.803125 0.875000 0.809375 0.881250 0.815625 0.881250 0.821875 0.868750 0.821875 0.860417 0.818750 0.847917 0.814063 0.835417 0.809375 0.831250 0.806250 0.822917 0.803125 0.816667 0.796875 0.806250
2 0.742188 0.637500 0.735938 0.643750 0.729688 0.647917 0.729688 0.656250 0.729688 0.668750 0.734375 0.679167 0.740625 0.687500 0.746875 0.693750 0.751563 0.693750 0.756250 0.700000 0.762500 0.697917 0.765625 0.693750 0.767188 0.681250 0.767188 0.675000 0.765625 0.666667 0.762500 0.656250 0.759375 0.650000 0.753125 0.643750 0.751563 0.641667 0.745313 0.641667 0.737500 0.641667
2 0.557813 0.666667 0.556250 0.672917 0.554688 0.681250 0.554688 0.691667 0.556250 0.700000 0.559375 0.712500 0.562500 0.725000 0.565625 0.741667 0.568750 0.754167 0.573438 0.756250 0.579688 0.754167 0.585938 0.743750 0.587500 0.737500 0.589063 0.725000 0.589063 0.712500 0.589063 0.706250 0.584375 0.697917 0.578125 0.687500 0.573438 0.679167 0.568750 0.675000 0.562500 0.666667 0.557813 0.662500
2 0.387500 0.725000 0.384375 0.729167 0.384375 0.737500 0.384375 0.750000 0.387500 0.756250 0.390625 0.766667 0.395313 0.779167 0.400000 0.787500 0.403125 0.793750 0.409375 0.793750 0.415625 0.791667 0.418750 0.779167 0.418750 0.768750 0.418750 0.756250 0.415625 0.743750 0.412500 0.737500 0.409375 0.729167 0.406250 0.725000 0.400000 0.718750 0.395313 0.718750 0.387500 0.718750
2 0.282813 0.575000 0.273438 0.575000 0.262500 0.575000 0.253125 0.575000 0.243750 0.575000 0.237500 0.579167 0.228125 0.587500 0.225000 0.593750 0.225000 0.606250 0.232813 0.610417 0.243750 0.610417 0.253125 0.610417 0.267188 0.606250 0.281250 0.600000 0.290625 0.597917 0.293750 0.587500 0.293750 0.581250 0.293750 0.575000 0.287500 0.575000 0.278125 0.575000 0.262500 0.575000
2 0.134375 0.610417 0.134375 0.612500 0.131250 0.618750 0.131250 0.622917 0.134375 0.629167 0.137500 0.631250 0.140625 0.631250 0.150000 0.631250 0.156250 0.631250 0.165625 0.631250 0.171875 0.629167 0.171875 0.625000 0.171875 0.618750 0.171875 0.616667 0.171875 0.610417 0.168750 0.606250 0.162500 0.606250 0.159375 0.606250 0.153125 0.606250 0.146875 0.606250 0.140625 0.606250 0.137500 0.606250 0.131250 0.610417
2 0.059375 0.629167 0.056250 0.629167 0.050000 0.625000 0.043750 0.625000 0.034375 0.625000 0.031250 0.625000 0.025000 0.625000 0.020313 0.625000 0.014063 0.629167 0.009375 0.631250 0.009375 0.637500 0.009375 0.643750 0.012500 0.650000 0.017188 0.650000 0.021875 0.650000 0.028125 0.650000 0.034375 0.650000 0.043750 0.650000 0.050000 0.643750 0.056250 0.641667 0.057813 0.637500 0.059375 0.629167 0.056250 0.629167 0.046875 0.631250
2 0.023438 0.475000 0.020313 0.475000 0.017188 0.475000 0.009375 0.475000 0.003125 0.479167 -0.001563 0.481250 -0.006250 0.485417 -0.009375 0.487500 -0.012500 0.493750 -0.012500 0.500000 -0.009375 0.504167 -0.003125 0.504167 0.000000 0.504167 0.003125 0.504167 0.009375 0.504167 0.015625 0.504167 0.018750 0.500000 0.020313 0.493750 0.021875 0.487500 0.021875 0.481250 0.021875 0.475000 0.020313 0.475000 0.017188 0.472917
2 0.104688 0.460417 0.100000 0.460417 0.096875 0.460417 0.093750 0.462500 0.093750 0.468750 0.093750 0.475000 0.093750 0.481250 0.096875 0.487500 0.112500 0.487500 0.131250 0.487500 0.140625 0.485417 0.143750 0.481250 0.146875 0.475000 0.146875 0.472917 0.143750 0.468750 0.140625 0.462500 0.140625 0.460417 0.137500 0.456250 0.131250 0.456250 0.123438 0.456250 0.115625 0.456250 0.107813 0.456250 0.104688 0.456250 0.100000 0.456250
2 0.065625 0.347917 0.062500 0.347917 0.054688 0.347917 0.046875 0.350000 0.040625 0.354167 0.034375 0.356250 0.025000 0.362500 0.020313 0.375000 0.021875 0.385417 0.031250 0.387500 0.040625 0.387500 0.056250 0.381250 0.065625 0.379167 0.071875 0.375000 0.078125 0.368750 0.084375 0.362500 0.084375 0.356250 0.081250 0.350000 0.076563 0.343750 0.071875 0.343750 0.065625 0.343750
2 0.156250 0.325000 0.153125 0.325000 0.148438 0.325000 0.140625 0.331250 0.137500 0.337500 0.137500 0.343750 0.139063 0.350000 0.143750 0.356250 0.150000 0.360417 0.160938 0.360417 0.165625 0.360417 0.171875 0.356250 0.175000 0.350000 0.179688 0.343750 0.181250 0.337500 0.181250 0.331250 0.176563 0.331250 0.171875 0.325000 0.165625 0.325000 0.162500 0.325000 0.156250 0.325000
2 0.298438 0.291667 0.290625 0.291667 0.278125 0.291667 0.268750 0.291667 0.262500 0.293750 0.256250 0.300000 0.253125 0.306250 0.251563 0.312500 0.253125 0.318750 0.259375 0.318750 0.270313 0.318750 0.278125 0.318750 0.285938 0.318750 0.290625 0.312500 0.300000 0.306250 0.306250 0.306250 0.306250 0.300000 0.306250 0.291667 0.301563 0.291667 0.290625 0.291667 0.278125 0.291667
2 0.318750 0.066667 0.314063 0.066667 0.309375 0.068750 0.306250 0.072917 0.304688 0.075000 0.301563 0.081250 0.300000 0.087500 0.300000 0.093750 0.301563 0.097917 0.304688 0.106250 0.306250 0.106250 0.312500 0.106250 0.317188 0.100000 0.318750 0.100000 0.318750 0.093750 0.321875 0.087500 0.321875 0.081250 0.321875 0.075000 0.321875 0.072917 0.318750 0.068750
2 0.309375 0.010417 0.306250 0.010417 0.304688 0.010417 0.301563 0.012500 0.298438 0.012500 0.296875 0.016667 0.293750 0.018750 0.293750 0.022917 0.293750 0.029167 0.293750 0.031250 0.293750 0.037500 0.293750 0.037500 0.298438 0.037500 0.301563 0.037500 0.306250 0.037500 0.309375 0.037500 0.312500 0.037500 0.315625 0.031250 0.317188 0.031250 0.317188 0.025000 0.317188 0.018750 0.317188 0.016667 0.315625 0.012500 0.312500 0.010417 0.306250 0.010417 0.306250 0.010417
2 0.437500 0.037500 0.431250 0.037500 0.431250 0.043750 0.429688 0.050000 0.429688 0.054167 0.429688 0.062500 0.431250 0.068750 0.434375 0.072917 0.440625 0.075000 0.443750 0.081250 0.450000 0.081250 0.456250 0.079167 0.457813 0.072917 0.457813 0.066667 0.457813 0.056250 0.457813 0.050000 0.454688 0.041667 0.450000 0.037500 0.446875 0.031250 0.443750 0.031250 0.437500 0.031250 0.429688 0.037500 0.428125 0.041667
2 0.578125 0.079167 0.575000 0.075000 0.571875 0.081250 0.568750 0.085417 0.565625 0.091667 0.565625 0.097917 0.565625 0.100000 0.565625 0.106250 0.565625 0.112500 0.568750 0.118750 0.573438 0.118750 0.578125 0.116667 0.579688 0.110417 0.581250 0.106250 0.581250 0.100000 0.581250 0.093750 0.581250 0.087500 0.581250 0.081250 0.581250 0.081250 0.578125 0.075000 0.573438 0.075000
2 0.609375 0.147917 0.606250 0.150000 0.603125 0.156250 0.600000 0.162500 0.600000 0.166667 0.600000 0.168750 0.600000 0.175000 0.600000 0.181250 0.600000 0.187500 0.603125 0.193750 0.606250 0.197917 0.609375 0.197917 0.612500 0.193750 0.612500 0.185417 0.612500 0.179167 0.612500 0.168750 0.606250 0.162500 0.606250 0.154167 0.603125 0.147917 0.600000 0.141667 0.595313 0.137500 0.590625 0.137500 0.590625 0.143750
2 0.690625 0.179167 0.684375 0.179167 0.679688 0.179167 0.675000 0.181250 0.668750 0.185417 0.668750 0.193750 0.668750 0.200000 0.675000 0.200000 0.679688 0.200000 0.684375 0.200000 0.690625 0.200000 0.696875 0.200000 0.703125 0.200000 0.706250 0.197917 0.709375 0.187500 0.709375 0.181250 0.700000 0.181250 0.696875 0.181250 0.690625 0.181250 0.687500 0.181250 0.682813 0.181250
2 0.787500 0.168750 0.784375 0.168750 0.781250 0.168750 0.775000 0.168750 0.768750 0.175000 0.767188 0.175000 0.762500 0.181250 0.760938 0.185417 0.760938 0.187500 0.760938 0.193750 0.767188 0.193750 0.773438 0.193750 0.778125 0.193750 0.782813 0.193750 0.784375 0.187500 0.787500 0.181250 0.787500 0.181250 0.787500 0.175000 0.787500 0.168750 0.784375 0.166667 0.782813 0.166667
2 0.868750 0.154167 0.862500 0.154167 0.854688 0.154167 0.850000 0.156250 0.846875 0.156250 0.846875 0.166667 0.846875 0.168750 0.846875 0.179167 0.850000 0.181250 0.854688 0.187500 0.859375 0.187500 0.862500 0.187500 0.871875 0.187500 0.878125 0.187500 0.881250 0.181250 0.881250 0.179167 0.881250 0.172917 0.881250 0.166667 0.878125 0.156250 0.871875 0.150000 0.868750 0.143750 0.860938 0.143750 0.853125 0.143750
2 0.937500 0.150000 0.934375 0.147917 0.928125 0.147917 0.918750 0.147917 0.915625 0.147917 0.915625 0.150000 0.912500 0.156250 0.912500 0.160417 0.915625 0.168750 0.917188 0.172917 0.921875 0.175000 0.925000 0.175000 0.928125 0.175000 0.929688 0.175000 0.932813 0.175000 0.934375 0.172917 0.934375 0.168750 0.934375 0.166667 0.934375 0.160417 0.934375 0.156250 0.934375 0.150000 0.934375 0.147917 0.934375 0.143750
2 0.725000 0.312500 0.721875 0.312500 0.718750 0.312500 0.715625 0.318750 0.709375 0.322917 0.704688 0.329167 0.703125 0.331250 0.706250 0.337500 0.721875 0.337500 0.737500 0.337500 0.745313 0.337500 0.751563 0.331250 0.753125 0.329167 0.759375 0.325000 0.759375 0.318750 0.759375 0.312500 0.756250 0.306250 0.751563 0.304167 0.742188 0.304167 0.737500 0.304167 0.731250 0.306250
2 0.825000 0.291667 0.821875 0.287500 0.815625 0.287500 0.812500 0.291667 0.809375 0.293750 0.809375 0.297917 0.809375 0.304167 0.809375 0.306250 0.812500 0.312500 0.814063 0.312500 0.818750 0.316667 0.825000 0.318750 0.831250 0.318750 0.834375 0.318750 0.835938 0.318750 0.839063 0.312500 0.839063 0.306250 0.839063 0.304167 0.839063 0.300000 0.839063 0.293750 0.837500 0.291667 0.831250 0.287500 0.829688 0.287500
2 0.918750 0.268750 0.915625 0.268750 0.915625 0.272917 0.915625 0.275000 0.912500 0.279167 0.912500 0.285417 0.912500 0.287500 0.912500 0.293750 0.912500 0.293750 0.912500 0.300000 0.917188 0.300000 0.918750 0.300000 0.925000 0.300000 0.929688 0.300000 0.932813 0.300000 0.932813 0.293750 0.932813 0.291667 0.931250 0.287500 0.928125 0.281250 0.928125 0.279167 0.925000 0.275000 0.923438 0.275000 0.918750 0.272917 0.918750 0.272917
1 0.700000 0.318750 0.693750 0.318750 0.687500 0.316667 0.681250 0.316667 0.675000 0.318750 0.668750 0.318750 0.667188 0.318750 0.662500 0.325000 0.659375 0.331250 0.657813 0.337500 0.659375 0.343750 0.668750 0.343750 0.682813 0.347917 0.687500 0.347917 0.690625 0.347917 0.696875 0.347917 0.703125 0.337500 0.704688 0.335417 0.704688 0.325000 0.700000 0.322917 0.696875 0.322917
1 0.778125 0.306250 0.776563 0.304167 0.767188 0.306250 0.762500 0.312500 0.762500 0.318750 0.765625 0.325000 0.768750 0.329167 0.776563 0.331250 0.778125 0.331250 0.784375 0.331250 0.790625 0.331250 0.793750 0.331250 0.798438 0.331250 0.803125 0.331250 0.806250 0.325000 0.809375 0.322917 0.809375 0.316667 0.812500 0.310417 0.812500 0.304167 0.812500 0.300000 0.806250 0.300000 0.798438 0.300000 0.793750 0.300000 0.787500 0.300000 0.787500 0.304167
2 0.800000 0.462500 0.798438 0.468750 0.796875 0.475000 0.796875 0.481250 0.796875 0.487500 0.800000 0.493750 0.812500 0.500000 0.821875 0.500000 0.829688 0.500000 0.835938 0.497917 0.840625 0.493750 0.845313 0.487500 0.846875 0.485417 0.846875 0.479167 0.846875 0.472917 0.845313 0.466667 0.843750 0.462500 0.840625 0.460417 0.835938 0.456250 0.829688 0.454167 0.825000 0.454167 0.818750 0.454167 0.815625 0.456250 0.815625 0.462500
2 0.932813 0.431250 0.925000 0.431250 0.918750 0.437500 0.915625 0.443750 0.912500 0.447917 0.912500 0.456250 0.912500 0.460417 0.915625 0.460417 0.918750 0.462500 0.925000 0.462500 0.929688 0.462500 0.932813 0.462500 0.934375 0.460417 0.939063 0.456250 0.940625 0.450000 0.943750 0.443750 0.943750 0.437500 0.939063 0.437500 0.934375 0.437500 0.929688 0.437500 0.929688 0.443750
6 0.642188 0.212500 0.715625 0.204167 0.775000 0.200000 0.835938 0.185417 0.885938 0.179167 0.962500 0.166667 1.000000 0.143750 0.937500 0.131250 0.875000 0.141667 0.818750 0.156250 0.742188 0.168750 0.657813 0.181250 0.625000 0.166667 0.603125 0.110417 0.579688 0.050000 0.550000 0.006250 0.537500 0.035417 0.564063 0.081250 0.578125 0.131250 0.595313 0.187500 0.628125 0.212500
6 0.740625 0.500000 0.806250 0.493750 0.845313 0.487500 0.881250 0.479167 0.915625 0.468750 0.950000 0.462500 0.984375 0.454167 1.000000 0.443750 1.006250 0.425000 0.995313 0.418750 0.962500 0.425000 0.934375 0.431250 0.906250 0.437500 0.870313 0.447917 0.835938 0.454167 0.814063 0.456250 0.793750 0.462500 0.776563 0.468750 0.760938 0.475000 0.737500 0.485417 0.729688 0.497917
6 0.690625 0.543750 0.712500 0.597917 0.725000 0.643750 0.737500 0.700000 0.750000 0.756250 0.765625 0.806250 0.782813 0.875000 0.798438 0.929167 0.815625 0.975000 0.837500 1.004167 0.846875 0.975000 0.839063 0.929167 0.831250 0.891667 0.821875 0.841667 0.804688 0.791667 0.787500 0.750000 0.767188 0.700000 0.746875 0.635417 0.734375 0.581250 0.718750 0.541667 0.696875 0.550000
6 0.540625 0.568750 0.518750 0.593750 0.534375 0.641667 0.548438 0.697917 0.565625 0.750000 0.579688 0.822917 0.593750 0.879167 0.610938 0.929167 0.625000 0.979167 0.637500 1.012500 0.659375 1.000000 0.653125 0.960417 0.643750 0.918750 0.631250 0.879167 0.625000 0.835417 0.610938 0.791667 0.596875 0.737500 0.585938 0.697917 0.573438 0.656250 0.559375 0.625000 0.548438 0.581250
6 0.390625 0.660417 0.378125 0.685417 0.375000 0.712500 0.376563 0.756250 0.381250 0.797917 0.392188 0.850000 0.400000 0.904167 0.409375 0.947917 0.421875 0.993750 0.437500 1.006250 0.450000 0.987500 0.450000 0.956250 0.446875 0.925000 0.440625 0.891667 0.434375 0.850000 0.428125 0.812500 0.421875 0.779167 0.415625 0.737500 0.412500 0.704167 0.403125 0.672917 0.392188 0.656250
6 -0.003125 0.516667 0.043750 0.506250 0.092188 0.500000 0.143750 0.487500 0.187500 0.475000 0.239063 0.462500 0.293750 0.456250 0.328125 0.447917 0.356250 0.435417 0.371875 0.412500 0.346875 0.397917 0.315625 0.397917 0.265625 0.406250 0.209375 0.416667 0.165625 0.429167 0.118750 0.443750 0.071875 0.454167 0.034375 0.460417 0.001563 0.475000 0.003125 0.504167 0.023438 0.510417
6 0.003125 0.387500 0.078125 0.381250 0.137500 0.368750 0.170313 0.356250 0.200000 0.347917 0.221875 0.335417 0.248438 0.318750 0.273438 0.318750 0.304688 0.312500 0.334375 0.304167 0.321875 0.287500 0.287500 0.287500 0.248438 0.287500 0.210938 0.300000 0.171875 0.322917 0.140625 0.331250 0.089063 0.343750 0.040625 0.360417 0.006250 0.362500 -0.003125 0.381250 0.025000 0.381250
6 0.290625 0.000000 0.290625 0.018750 0.290625 0.031250 0.290625 0.050000 0.290625 0.068750 0.290625 0.087500 0.290625 0.106250 0.293750 0.118750 0.300000 0.137500 0.309375 0.150000 0.317188 0.143750 0.318750 0.131250 0.318750 0.112500 0.318750 0.093750 0.318750 0.072917 0.318750 0.054167 0.318750 0.037500 0.318750 0.018750 0.317188 0.004167 0.306250 -0.006250 0.293750 -0.006250 0.287500 0.004167
6 0.410938 0.010417 0.412500 0.025000 0.415625 0.047917 0.418750 0.066667 0.425000 0.081250 0.426563 0.097917 0.429688 0.110417 0.434375 0.125000 0.446875 0.143750 0.457813 0.137500 0.462500 0.125000 0.460938 0.110417 0.456250 0.097917 0.454688 0.081250 0.450000 0.066667 0.446875 0.050000 0.443750 0.031250 0.440625 0.018750 0.431250 0.010417 0.418750 0.004167 0.409375 0.004167
6 0.687500 0.318750 0.662500 0.325000 0.653125 0.343750 0.687500 0.350000 0.728125 0.347917 0.768750 0.335417 0.815625 0.322917 0.870313 0.312500 0.917188 0.300000 0.956250 0.291667 0.987500 0.281250 1.006250 0.260417 0.987500 0.243750 0.940625 0.250000 0.906250 0.262500 0.867188 0.275000 0.823438 0.291667 0.781250 0.306250 0.737500 0.318750 0.700000 0.322917 0.679688 0.318750
6 0.379688 0.543750 0.339062 0.554167 0.304688 0.558333 0.256250 0.568750 0.221875 0.583333 0.184375 0.589583 0.140625 0.593750 0.081250 0.612500 0.034375 0.616667 0.004687 0.633333 0.023438 0.650000 0.059375 0.639583 0.092188 0.633333 0.137500 0.620833 0.175000 0.620833 0.212500 0.614583 0.262500 0.606250 0.307812 0.589583 0.354687 0.577083 0.389062 0.552083 0.365625 0.547917
