1 0.262500 0.525000 0.056250 0.162500
1 0.221094 0.893750 0.048438 0.187500
1 0.856250 0.093750 0.856250 0.106250 0.856250 0.118750 0.856250 0.131250 0.862500 0.137500 0.868750 0.141667 0.878125 0.143750 0.887500 0.150000 0.901563 0.150000 0.909375 0.154167 0.918750 0.150000 0.923438 0.143750 0.928125 0.137500 0.928125 0.125000 0.923438 0.116667 0.912500 0.110417 0.906250 0.106250 0.893750 0.104167 0.881250 0.100000 0.871875 0.100000 0.860938 0.097917
1 0.715625 0.025000 0.690625 0.025000 0.682813 0.022917 0.675000 0.018750 0.668750 0.025000 0.668750 0.037500 0.675000 0.047917 0.679688 0.054167 0.690625 0.060417 0.712500 0.072917 0.721875 0.075000 0.731250 0.081250 0.743750 0.087500 0.751563 0.087500 0.760938 0.087500 0.762500 0.087500 0.756250 0.072917 0.746875 0.056250 0.737500 0.047917 0.728125 0.037500 0.718750 0.031250 0.715625 0.025000
1 0.996875 0.156250 0.993750 0.156250 0.990625 0.160417 0.987500 0.162500 0.987500 0.162500 0.987500 0.166667 0.987500 0.168750 0.987500 0.175000 0.987500 0.179167 0.987500 0.181250 0.990625 0.181250 0.992188 0.187500 0.993750 0.187500 0.996875 0.187500 1.000000 0.187500 1.000000 0.185417 1.000000 0.181250 1.000000 0.175000 1.000000 0.172917 1.000000 0.166667 1.000000 0.162500 1.000000 0.156250 0.996875 0.156250 0.995313 0.154167
2 0.981250 0.154167 0.943750 0.143750 0.934375 0.143750 0.928125 0.137500 0.923438 0.137500 0.921875 0.143750 0.918750 0.150000 0.918750 0.156250 0.918750 0.166667 0.918750 0.172917 0.925000 0.175000 0.931250 0.175000 0.937500 0.179167 0.943750 0.179167 0.950000 0.181250 0.956250 0.181250 0.964063 0.181250 0.970313 0.181250 0.975000 0.179167 0.978125 0.168750 0.981250 0.162500 0.981250 0.156250
2 0.846875 0.085417 0.825000 0.075000 0.814063 0.072917 0.804688 0.068750 0.796875 0.068750 0.796875 0.075000 0.796875 0.087500 0.790625 0.087500 0.782813 0.087500 0.776563 0.093750 0.776563 0.100000 0.787500 0.104167 0.814063 0.110417 0.821875 0.112500 0.829688 0.116667 0.835938 0.122917 0.840625 0.125000 0.846875 0.118750 0.853125 0.110417 0.856250 0.097917 0.850000 0.087500 0.846875 0.081250
2 0.309375 0.287500 0.293750 0.287500 0.284375 0.291667 0.275000 0.304167 0.267188 0.318750 0.262500 0.337500 0.256250 0.356250 0.256250 0.375000 0.253125 0.391667 0.250000 0.406250 0.253125 0.418750 0.262500 0.429167 0.270313 0.437500 0.282813 0.437500 0.287500 0.425000 0.296875 0.404167 0.303125 0.375000 0.306250 0.350000 0.309375 0.331250 0.309375 0.306250 0.306250 0.293750
2 0.284375 0.610417 0.259375 0.604167 0.243750 0.606250 0.231250 0.612500 0.225000 0.625000 0.218750 0.650000 0.217188 0.668750 0.212500 0.693750 0.210938 0.712500 0.207813 0.731250 0.207813 0.750000 0.207813 0.768750 0.212500 0.779167 0.228125 0.779167 0.239063 0.787500 0.250000 0.772917 0.259375 0.737500 0.262500 0.700000 0.271875 0.647917 0.275000 0.622917 0.275000 0.600000
3 0.165625 0.116667 0.203125 0.112500 0.187500 0.112500 0.160938 0.112500 0.160938 0.143750 0.160938 0.172917 0.165625 0.216667 0.168750 0.243750 0.217188 0.243750 0.285938 0.218750 0.329688 0.204167 0.381250 0.200000 0.384375 0.162500 0.376563 0.100000 0.365625 0.081250 0.325000 0.093750 0.293750 0.097917 0.256250 0.100000 0.193750 0.106250 0.176563 0.110417 0.146875 0.118750
6 0.321875 0.300000 0.276562 0.287500 0.259375 0.343750 0.251563 0.406250 0.243750 0.477083 0.234375 0.533333 0.231250 0.606250 0.223438 0.662500 0.200000 0.714583 0.192188 0.795833 0.189062 0.895833 0.193750 0.960417 0.214062 1.072917 0.245312 0.970833 0.253125 0.864583 0.262500 0.760417 0.287500 0.637500 0.290625 0.554167 0.300000 0.462500 0.315625 0.350000 0.315625 0.237500
6 1.000000 0.154167 0.954688 0.133333 0.915625 0.122917 0.878125 0.106250 0.843750 0.089583 0.806250 0.068750 0.770312 0.043750 0.729688 0.027083 0.692187 0.022917 0.664062 0.018750 0.675000 0.054167 0.704688 0.072917 0.739062 0.089583 0.776563 0.100000 0.806250 0.112500 0.846875 0.133333 0.884375 0.150000 0.918750 0.166667 0.954688 0.179167 0.987500 0.189583 0.996875 0.154167
7 0.656250 0.295833 0.685937 0.302083 0.704688 0.318750 0.710938 0.352083 0.740625 0.358333 0.764062 0.333333 0.781250 0.318750 0.815625 0.322917 0.839063 0.312500 0.853125 0.275000 0.856250 0.231250 0.839063 0.197917 0.804688 0.195833 0.771875 0.189583 0.745313 0.179167 0.714063 0.166667 0.687500 0.166667 0.667188 0.183333 0.662500 0.218750 0.657813 0.260417 0.656250 0.293750
7 0.592187 0.256250 0.560937 0.262500 0.532813 0.277083 0.515625 0.300000 0.517188 0.339583 0.528125 0.379167 0.531250 0.420833 0.540625 0.460417 0.551562 0.500000 0.564063 0.529167 0.579688 0.550000 0.607812 0.543750 0.637500 0.535417 0.654687 0.504167 0.650000 0.466667 0.646875 0.425000 0.637500 0.383333 0.628125 0.347917 0.615625 0.310417 0.598437 0.287500 0.585938 0.256250
