1 0.475000 0.431250 0.475000 0.437500 0.475000 0.443750 0.475000 0.450000 0.475000 0.456250 0.475000 0.460417 0.478125 0.460417 0.481250 0.462500 0.487500 0.462500 0.492188 0.462500 0.496875 0.462500 0.501563 0.462500 0.503125 0.456250 0.503125 0.450000 0.500000 0.443750 0.500000 0.437500 0.496875 0.437500 0.493750 0.431250 0.489063 0.431250 0.485938 0.431250 0.481250 0.431250 0.478125 0.431250
1 0.557813 0.443750 0.548438 0.443750 0.543750 0.443750 0.540625 0.443750 0.537500 0.443750 0.537500 0.447917 0.534375 0.447917 0.532813 0.450000 0.531250 0.456250 0.531250 0.460417 0.531250 0.462500 0.531250 0.466667 0.534375 0.466667 0.537500 0.466667 0.542188 0.466667 0.543750 0.466667 0.548438 0.466667 0.553125 0.466667 0.556250 0.466667 0.559375 0.466667 0.559375 0.462500 0.559375 0.456250 0.559375 0.454167 0.557813 0.447917 0.557813 0.443750
1 0.600000 0.454167 0.596875 0.454167 0.593750 0.454167 0.590625 0.454167 0.585938 0.454167 0.581250 0.454167 0.581250 0.456250 0.581250 0.460417 0.581250 0.462500 0.581250 0.468750 0.581250 0.468750 0.585938 0.472917 0.587500 0.475000 0.590625 0.475000 0.595313 0.475000 0.596875 0.475000 0.600000 0.472917 0.600000 0.468750 0.600000 0.462500 0.600000 0.462500 0.600000 0.456250 0.600000 0.454167 0.600000 0.447917 0.596875 0.447917
1 0.631250 0.462500 0.628125 0.462500 0.625000 0.462500 0.621875 0.462500 0.620313 0.462500 0.618750 0.462500 0.617188 0.462500 0.618750 0.466667 0.618750 0.468750 0.618750 0.472917 0.618750 0.475000 0.618750 0.479167 0.621875 0.479167 0.621875 0.481250 0.625000 0.481250 0.628125 0.481250 0.628125 0.481250 0.631250 0.479167 0.631250 0.475000 0.631250 0.472917 0.631250 0.468750 0.631250 0.462500
1 0.667188 0.462500 0.662500 0.462500 0.659375 0.462500 0.656250 0.462500 0.653125 0.466667 0.653125 0.468750 0.653125 0.475000 0.653125 0.479167 0.653125 0.481250 0.653125 0.485417 0.657813 0.485417 0.659375 0.485417 0.665625 0.485417 0.668750 0.485417 0.671875 0.485417 0.668750 0.481250 0.668750 0.475000 0.668750 0.472917 0.667188 0.468750 0.667188 0.466667 0.665625 0.462500
1 0.706250 0.475000 0.700000 0.475000 0.693750 0.475000 0.690625 0.475000 0.690625 0.475000 0.687500 0.475000 0.684375 0.475000 0.684375 0.475000 0.687500 0.481250 0.687500 0.485417 0.690625 0.487500 0.690625 0.493750 0.690625 0.493750 0.693750 0.493750 0.696875 0.493750 0.700000 0.493750 0.703125 0.497917 0.706250 0.497917 0.706250 0.493750 0.709375 0.493750 0.709375 0.487500 0.709375 0.487500 0.709375 0.481250 0.709375 0.481250 0.709375 0.479167
1 0.303125 0.637500 0.298438 0.643750 0.298438 0.656250 0.300000 0.668750 0.301563 0.681250 0.304688 0.693750 0.306250 0.706250 0.306250 0.712500 0.309375 0.725000 0.315625 0.731250 0.325000 0.731250 0.331250 0.729167 0.329688 0.712500 0.328125 0.700000 0.325000 0.691667 0.321875 0.681250 0.321875 0.668750 0.321875 0.660417 0.317188 0.650000 0.312500 0.643750 0.306250 0.637500
1 0.337500 0.806250 0.331250 0.806250 0.325000 0.806250 0.321875 0.812500 0.321875 0.825000 0.325000 0.835417 0.325000 0.843750 0.328125 0.856250 0.329688 0.862500 0.331250 0.875000 0.334375 0.879167 0.340625 0.881250 0.350000 0.881250 0.353125 0.875000 0.350000 0.868750 0.348438 0.856250 0.346875 0.847917 0.345313 0.837500 0.343750 0.829167 0.343750 0.818750 0.340625 0.810417
1 0.360938 0.960417 0.356250 0.956250 0.353125 0.956250 0.350000 0.960417 0.346875 0.962500 0.346875 0.968750 0.343750 0.972917 0.343750 0.981250 0.343750 0.987500 0.343750 0.993750 0.345313 1.000000 0.348438 1.000000 0.353125 1.000000 0.356250 1.000000 0.364063 1.000000 0.367188 1.000000 0.368750 0.993750 0.368750 0.987500 0.368750 0.981250 0.368750 0.972917 0.367188 0.968750 0.365625 0.962500 0.364063 0.960417
1 0.248438 0.031250 0.243750 0.031250 0.237500 0.031250 0.234375 0.031250 0.234375 0.037500 0.232813 0.043750 0.231250 0.050000 0.232813 0.054167 0.232813 0.062500 0.232813 0.068750 0.234375 0.072917 0.239063 0.075000 0.243750 0.075000 0.243750 0.068750 0.246875 0.066667 0.248438 0.056250 0.248438 0.050000 0.248438 0.043750 0.248438 0.037500 0.246875 0.031250
1 0.253125 0.125000 0.248438 0.125000 0.243750 0.125000 0.237500 0.129167 0.237500 0.135417 0.237500 0.143750 0.237500 0.150000 0.237500 0.160417 0.237500 0.166667 0.240625 0.175000 0.242188 0.175000 0.243750 0.172917 0.250000 0.168750 0.254688 0.166667 0.256250 0.162500 0.256250 0.150000 0.256250 0.143750 0.256250 0.137500 0.256250 0.129167 0.256250 0.118750 0.256250 0.118750
1 0.062500 0.368750 0.062500 0.375000 0.065625 0.381250 0.068750 0.391667 0.068750 0.397917 0.075000 0.400000 0.081250 0.400000 0.089063 0.404167 0.093750 0.404167 0.100000 0.406250 0.106250 0.406250 0.112500 0.404167 0.109375 0.400000 0.103125 0.397917 0.096875 0.393750 0.092188 0.391667 0.087500 0.387500 0.081250 0.381250 0.076563 0.379167 0.071875 0.375000 0.065625 0.368750
2 0.250000 0.072917 0.243750 0.072917 0.237500 0.072917 0.232813 0.072917 0.234375 0.081250 0.234375 0.087500 0.234375 0.093750 0.234375 0.104167 0.234375 0.110417 0.234375 0.118750 0.240625 0.118750 0.243750 0.118750 0.251563 0.118750 0.256250 0.118750 0.259375 0.112500 0.259375 0.106250 0.256250 0.100000 0.256250 0.093750 0.253125 0.087500 0.253125 0.081250 0.253125 0.075000 0.251563 0.068750
2 0.231250 0.000000 0.232813 0.010417 0.234375 0.018750 0.234375 0.018750 0.234375 0.025000 0.237500 0.025000 0.239063 0.025000 0.240625 0.025000 0.243750 0.025000 0.246875 0.025000 0.248438 0.025000 0.250000 0.022917 0.250000 0.018750 0.250000 0.016667 0.250000 0.012500 0.250000 0.006250 0.250000 0.004167 0.250000 0.000000 0.250000 0.000000 0.246875 0.000000 0.243750 0.000000 0.242188 0.000000 0.240625 0.000000 0.237500 0.000000 0.234375 0.000000
2 0.470313 0.431250 0.462500 0.431250 0.457813 0.431250 0.450000 0.431250 0.446875 0.431250 0.442188 0.431250 0.439063 0.431250 0.437500 0.437500 0.434375 0.443750 0.434375 0.447917 0.437500 0.450000 0.440625 0.454167 0.443750 0.454167 0.450000 0.454167 0.454688 0.456250 0.459375 0.456250 0.462500 0.456250 0.468750 0.456250 0.470313 0.450000 0.470313 0.443750 0.470313 0.435417 0.470313 0.429167
2 0.528125 0.443750 0.521875 0.443750 0.517188 0.443750 0.512500 0.443750 0.506250 0.443750 0.503125 0.443750 0.496875 0.443750 0.493750 0.443750 0.493750 0.450000 0.493750 0.456250 0.493750 0.462500 0.500000 0.462500 0.503125 0.462500 0.509375 0.462500 0.512500 0.462500 0.517188 0.462500 0.521875 0.462500 0.525000 0.462500 0.525000 0.456250 0.525000 0.450000 0.525000 0.447917
2 0.581250 0.450000 0.575000 0.450000 0.573438 0.450000 0.568750 0.450000 0.565625 0.450000 0.562500 0.450000 0.559375 0.450000 0.559375 0.454167 0.559375 0.456250 0.559375 0.462500 0.559375 0.466667 0.559375 0.468750 0.559375 0.475000 0.564063 0.475000 0.565625 0.475000 0.568750 0.475000 0.573438 0.475000 0.575000 0.475000 0.578125 0.475000 0.579688 0.468750 0.579688 0.462500 0.579688 0.460417 0.579688 0.456250 0.579688 0.454167
2 0.612500 0.460417 0.609375 0.460417 0.606250 0.460417 0.603125 0.460417 0.600000 0.460417 0.600000 0.462500 0.600000 0.468750 0.600000 0.475000 0.600000 0.479167 0.603125 0.481250 0.606250 0.481250 0.609375 0.481250 0.612500 0.481250 0.615625 0.481250 0.618750 0.481250 0.618750 0.475000 0.618750 0.472917 0.615625 0.468750 0.615625 0.466667 0.612500 0.462500
2 0.651563 0.466667 0.648438 0.466667 0.643750 0.466667 0.642188 0.466667 0.637500 0.466667 0.634375 0.466667 0.631250 0.462500 0.631250 0.468750 0.631250 0.475000 0.631250 0.479167 0.631250 0.481250 0.634375 0.485417 0.637500 0.487500 0.637500 0.487500 0.642188 0.487500 0.643750 0.491667 0.648438 0.487500 0.648438 0.485417 0.648438 0.481250 0.648438 0.475000 0.648438 0.472917 0.648438 0.468750
2 0.682813 0.468750 0.679688 0.468750 0.678125 0.468750 0.675000 0.468750 0.673438 0.468750 0.668750 0.468750 0.668750 0.475000 0.668750 0.475000 0.668750 0.481250 0.668750 0.485417 0.668750 0.487500 0.668750 0.491667 0.673438 0.493750 0.675000 0.493750 0.678125 0.493750 0.679688 0.493750 0.682813 0.493750 0.684375 0.491667 0.684375 0.487500 0.684375 0.485417 0.684375 0.481250 0.682813 0.475000 0.682813 0.475000 0.682813 0.472917 0.681250 0.468750 0.679688 0.468750
2 0.331250 0.737500 0.325000 0.737500 0.317188 0.737500 0.312500 0.741667 0.312500 0.750000 0.312500 0.762500 0.312500 0.775000 0.312500 0.781250 0.314063 0.791667 0.315625 0.800000 0.318750 0.806250 0.325000 0.804167 0.334375 0.800000 0.337500 0.800000 0.340625 0.791667 0.337500 0.781250 0.334375 0.775000 0.334375 0.766667 0.331250 0.756250 0.331250 0.743750 0.329688 0.735417
2 0.353125 0.881250 0.346875 0.881250 0.340625 0.887500 0.335938 0.891667 0.334375 0.900000 0.337500 0.912500 0.337500 0.918750 0.340625 0.931250 0.343750 0.937500 0.346875 0.947917 0.350000 0.950000 0.356250 0.950000 0.365625 0.950000 0.365625 0.941667 0.364063 0.931250 0.360938 0.925000 0.359375 0.916667 0.353125 0.906250 0.350000 0.900000 0.348438 0.893750 0.345313 0.887500
2 0.040625 0.362500 0.023438 0.362500 0.017188 0.366667 0.009375 0.362500 0.003125 0.362500 0.000000 0.362500 -0.001563 0.368750 -0.001563 0.375000 -0.001563 0.385417 -0.001563 0.391667 0.001563 0.393750 0.006250 0.393750 0.012500 0.393750 0.017188 0.397917 0.023438 0.397917 0.028125 0.397917 0.034375 0.393750 0.034375 0.387500 0.037500 0.379167 0.042188 0.372917 0.043750 0.368750
3 0.418750 0.322917 0.423438 0.318750 0.429688 0.318750 0.434375 0.316667 0.439063 0.312500 0.443750 0.312500 0.443750 0.300000 0.443750 0.293750 0.442188 0.287500 0.440625 0.275000 0.440625 0.266667 0.440625 0.256250 0.440625 0.250000 0.440625 0.237500 0.439063 0.225000 0.437500 0.218750 0.434375 0.212500 0.431250 0.210417 0.428125 0.206250 0.421875 0.200000 0.415625 0.204167 0.410938 0.204167 0.407813 0.206250
3 0.014063 0.462500 0.025000 0.468750 0.037500 0.475000 0.043750 0.466667 0.050000 0.450000 0.056250 0.443750 0.059375 0.431250 0.062500 0.416667 0.065625 0.404167 0.068750 0.391667 0.068750 0.379167 0.068750 0.366667 0.059375 0.362500 0.050000 0.362500 0.040625 0.368750 0.037500 0.385417 0.031250 0.400000 0.023438 0.425000 0.020313 0.437500 0.017188 0.447917 0.014063 0.460417
3 0.328125 0.581250 0.332813 0.597917 0.334375 0.610417 0.334375 0.622917 0.335938 0.631250 0.340625 0.641667 0.348438 0.637500 0.356250 0.631250 0.367188 0.631250 0.376563 0.629167 0.387500 0.625000 0.396875 0.625000 0.400000 0.616667 0.398438 0.606250 0.395313 0.593750 0.395313 0.581250 0.387500 0.575000 0.379688 0.575000 0.367188 0.581250 0.353125 0.581250 0.345313 0.581250 0.331250 0.581250
6 0.714063 0.475000 0.664062 0.470833 0.625000 0.462500 0.593750 0.460417 0.565625 0.452083 0.535937 0.452083 0.501563 0.445833 0.470313 0.435417 0.443750 0.433333 0.426563 0.447917 0.450000 0.456250 0.476562 0.460417 0.506250 0.464583 0.535937 0.468750 0.565625 0.477083 0.593750 0.481250 0.621875 0.489583 0.650000 0.493750 0.681250 0.497917 0.709375 0.500000 0.714063 0.472917
6 0.318750 0.639583 0.298438 0.656250 0.301563 0.697917 0.306250 0.739583 0.312500 0.779167 0.310937 0.814583 0.321875 0.856250 0.329688 0.900000 0.337500 0.952083 0.337500 0.981250 0.340625 0.987500 0.370312 0.993750 0.371875 0.952083 0.359375 0.916667 0.354687 0.877083 0.346875 0.835417 0.340625 0.795833 0.334375 0.754167 0.329688 0.706250 0.325000 0.662500 0.307812 0.633333
6 0.243750 0.004167 0.228125 0.004167 0.228125 0.020833 0.228125 0.039583 0.228125 0.064583 0.228125 0.085417 0.229687 0.102083 0.231250 0.125000 0.232813 0.147917 0.234375 0.168750 0.243750 0.175000 0.256250 0.168750 0.262500 0.156250 0.262500 0.137500 0.257812 0.122917 0.257812 0.102083 0.257812 0.081250 0.257812 0.060417 0.256250 0.041667 0.253125 0.022917 0.246875 0.010417
6 0.112500 0.395833 0.104688 0.391667 0.098437 0.389583 0.093750 0.387500 0.089063 0.383333 0.085938 0.379167 0.079687 0.375000 0.071875 0.375000 0.065625 0.375000 0.062500 0.377083 0.062500 0.387500 0.064062 0.393750 0.067187 0.400000 0.071875 0.406250 0.076563 0.408333 0.082812 0.408333 0.089063 0.408333 0.096875 0.408333 0.103125 0.408333 0.109375 0.408333 0.110937 0.400000 0.110937 0.391667
6 0.043750 0.360417 0.031250 0.360417 0.025000 0.358333 0.017188 0.358333 0.010937 0.358333 0.007812 0.362500 0.004687 0.366667 0.001563 0.370833 0.000000 0.375000 0.000000 0.385417 0.001563 0.391667 0.003125 0.397917 0.009375 0.397917 0.017188 0.397917 0.023438 0.397917 0.031250 0.395833 0.037500 0.391667 0.039062 0.387500 0.040625 0.379167 0.042188 0.368750 0.042188 0.360417 0.042188 0.352083
7 0.512500 0.581250 0.475000 0.581250 0.460938 0.572917 0.450000 0.568750 0.440625 0.564583 0.431250 0.568750 0.421875 0.577083 0.415625 0.583333 0.414062 0.595833 0.418750 0.608333 0.425000 0.616667 0.435937 0.620833 0.446875 0.622917 0.462500 0.622917 0.475000 0.622917 0.482812 0.627083 0.493750 0.629167 0.503125 0.622917 0.503125 0.608333 0.503125 0.593750 0.500000 0.577083
7 0.212500 0.642708 0.059375 0.131250
7 0.154688 0.187500 0.134375 0.177083 0.118750 0.166667 0.103125 0.162500 0.085938 0.154167 0.068750 0.154167 0.060937 0.166667 0.056250 0.179167 0.057813 0.189583 0.059375 0.206250 0.064062 0.218750 0.070312 0.227083 0.079687 0.231250 0.090625 0.235417 0.101562 0.239583 0.118750 0.241667 0.129688 0.241667 0.143750 0.239583 0.148438 0.231250 0.153125 0.212500 0.153125 0.195833
7 0.168750 0.077083 0.145313 0.089583 0.135937 0.097917 0.131250 0.110417 0.131250 0.133333 0.140625 0.150000 0.145313 0.166667 0.151562 0.183333 0.156250 0.202083 0.168750 0.204167 0.179688 0.206250 0.189062 0.200000 0.192188 0.183333 0.187500 0.164583 0.185938 0.143750 0.182812 0.125000 0.176563 0.106250 0.171875 0.093750 0.165625 0.081250 0.156250 0.077083 0.150000 0.075000
7 0.078125 0.610417 0.034375 0.629167 0.010937 0.639583 0.001563 0.654167 0.003125 0.672917 0.000000 0.695833 0.000000 0.720833 0.000000 0.745833 0.000000 0.779167 0.000000 0.802083 0.000000 0.835417 0.009375 0.835417 0.031250 0.833333 0.059375 0.831250 0.087500 0.822917 0.109375 0.804167 0.114062 0.785417 0.107813 0.750000 0.100000 0.702083 0.087500 0.664583 0.078125 0.629167 0.073438 0.602083
7 0.121875 0.825000 0.071875 0.831250 0.031250 0.835417 0.004687 0.852083 -0.003125 0.872917 -0.001563 0.897917 0.000000 0.931250 0.000000 0.960417 0.003125 0.985417 0.000000 1.033333 0.009375 1.029167 0.017188 0.993750 0.046875 0.993750 0.076563 0.991667 0.110937 0.991667 0.135937 0.991667 0.143750 0.975000 0.140625 0.931250 0.132812 0.885417 0.123438 0.841667 0.115625 0.825000
4 0.635938 0.100000 0.623437 0.097917 0.615625 0.095833 0.609375 0.093750 0.607812 0.097917 0.609375 0.110417 0.609375 0.118750 0.612500 0.129167 0.612500 0.133333 0.615625 0.137500 0.620313 0.139583 0.625000 0.143750 0.631250 0.145833 0.637500 0.147917 0.642188 0.145833 0.645312 0.137500 0.645312 0.125000 0.643750 0.116667 0.642188 0.112500 0.639062 0.108333 0.637500 0.102083 0.632812 0.100000
4 0.806250 0.902083 0.793750 0.906250 0.787500 0.908333 0.781250 0.910417 0.778125 0.914583 0.781250 0.929167 0.781250 0.937500 0.781250 0.947917 0.784375 0.952083 0.785937 0.962500 0.789062 0.964583 0.792188 0.970833 0.798438 0.968750 0.804688 0.966667 0.809375 0.964583 0.809375 0.952083 0.809375 0.939583 0.807813 0.929167 0.806250 0.918750 0.806250 0.908333 0.804688 0.900000
