2 0.439844 0.108333 0.039062 0.037500
2 0.540625 0.112500 0.031250 0.037500
2 0.646094 0.107292 0.045312 0.035417
2 0.830469 0.133333 0.048438 0.037500
2 0.927344 0.141667 0.029687 0.033333
2 0.735938 0.118750 0.034375 0.025000
2 0.793750 0.288542 0.040625 0.043750
2 0.780469 0.470833 0.057813 0.041667
2 0.870313 0.486458 0.037500 0.039583
2 0.964063 0.476042 0.031250 0.027083
2 0.983594 0.300000 0.035937 0.037500
2 0.884375 0.289583 0.046875 0.029167
2 0.720313 0.276042 0.040625 0.027083
2 0.634375 0.272917 0.037500 0.050000
2 0.532031 0.266667 0.051562 0.029167
2 0.376563 0.043750 0.375000 0.045833 0.370312 0.045833 0.367188 0.045833 0.364063 0.045833 0.360938 0.045833 0.359375 0.045833 0.356250 0.045833 0.354687 0.045833 0.354687 0.054167 0.354687 0.062500 0.354687 0.068750 0.354687 0.072917 0.354687 0.077083 0.354687 0.079167 0.354687 0.081250 0.354687 0.087500 0.354687 0.089583 0.354687 0.093750 0.357812 0.093750 0.360938 0.093750 0.364063 0.093750 0.367188 0.093750 0.368750 0.093750 0.370312 0.093750 0.373437 0.093750 0.375000 0.093750 0.376563 0.093750
2 0.240625 0.054167 0.239063 0.054167 0.235937 0.054167 0.232813 0.052083 0.232813 0.050000 0.231250 0.050000 0.228125 0.050000 0.228125 0.054167 0.228125 0.060417 0.228125 0.068750 0.228125 0.077083 0.228125 0.083333 0.228125 0.085417 0.228125 0.089583 0.226562 0.091667 0.225000 0.093750 0.225000 0.097917 0.225000 0.100000 0.226562 0.100000 0.231250 0.100000 0.234375 0.100000 0.237500 0.100000 0.237500 0.100000
2 0.020313 0.276042 0.031250 0.035417
2 0.059375 0.550000 0.056250 0.550000 0.051562 0.550000 0.043750 0.550000 0.037500 0.550000 0.031250 0.550000 0.026562 0.550000 0.025000 0.564583 0.023438 0.583333 0.021875 0.593750 0.021875 0.602083 0.021875 0.606250 0.021875 0.610417 0.021875 0.614583 0.023438 0.616667 0.026562 0.616667 0.029687 0.616667 0.034375 0.616667 0.039062 0.616667 0.040625 0.616667 0.043750 0.616667
2 0.165625 0.556250 0.148438 0.556250 0.140625 0.556250 0.140625 0.560417 0.143750 0.572917 0.143750 0.583333 0.143750 0.589583 0.143750 0.595833 0.143750 0.602083 0.143750 0.606250 0.148438 0.610417 0.153125 0.612500 0.159375 0.612500 0.165625 0.612500 0.171875 0.612500 0.162500 0.618750 0.153125 0.627083 0.150000 0.625000 0.150000 0.622917 0.153125 0.622917
2 0.165625 0.695833 0.160938 0.691667 0.156250 0.689583 0.153125 0.689583 0.150000 0.687500 0.146875 0.687500 0.143750 0.689583 0.143750 0.700000 0.143750 0.708333 0.143750 0.714583 0.143750 0.718750 0.143750 0.722917 0.143750 0.731250 0.143750 0.737500 0.143750 0.741667 0.143750 0.752083 0.150000 0.756250 0.153125 0.756250 0.156250 0.758333 0.159375 0.758333 0.164062 0.758333
2 0.165625 0.847917 0.162500 0.850000 0.157812 0.850000 0.153125 0.847917 0.150000 0.847917 0.148438 0.841667 0.143750 0.839583 0.140625 0.839583 0.140625 0.843750 0.140625 0.852083 0.140625 0.860417 0.140625 0.868750 0.140625 0.875000 0.140625 0.883333 0.140625 0.887500 0.140625 0.895833 0.140625 0.904167 0.140625 0.908333 0.140625 0.914583 0.145313 0.916667 0.150000 0.916667 0.151562 0.918750 0.154688 0.918750 0.157812 0.918750 0.160938 0.918750
2 0.046875 0.818750 0.043750 0.816667 0.039062 0.814583 0.034375 0.814583 0.031250 0.812500 0.025000 0.810417 0.017188 0.808333 0.018750 0.818750 0.020313 0.831250 0.020313 0.839583 0.020313 0.845833 0.020313 0.852083 0.021875 0.860417 0.021875 0.864583 0.023438 0.872917 0.023438 0.881250 0.025000 0.885417 0.026562 0.891667 0.028125 0.893750 0.034375 0.893750 0.037500 0.893750
2 0.056250 0.702083 0.051562 0.702083 0.046875 0.702083 0.040625 0.700000 0.037500 0.704167 0.035937 0.710417 0.034375 0.716667 0.034375 0.722917 0.034375 0.729167 0.034375 0.735417 0.034375 0.739583 0.037500 0.743750 0.042188 0.743750 0.045312 0.745833 0.050000 0.745833 0.053125 0.741667 0.054688 0.739583 0.056250 0.731250 0.056250 0.725000 0.056250 0.718750 0.056250 0.712500 0.056250 0.706250 0.053125 0.702083 0.050000 0.700000 0.046875 0.695833
2 0.312500 0.589583 0.301563 0.589583 0.295312 0.589583 0.289062 0.589583 0.289062 0.593750 0.289062 0.600000 0.289062 0.606250 0.289062 0.608333 0.289062 0.612500 0.289062 0.618750 0.289062 0.625000 0.289062 0.629167 0.289062 0.633333 0.289062 0.639583 0.289062 0.643750 0.289062 0.645833 0.292187 0.647917 0.298438 0.650000 0.304688 0.650000 0.307812 0.650000 0.310937 0.650000 0.312500 0.650000 0.317188 0.650000 0.318750 0.650000
2 0.306250 0.733333 0.300000 0.735417 0.293750 0.733333 0.292187 0.739583 0.292187 0.750000 0.292187 0.760417 0.292187 0.768750 0.292187 0.777083 0.290625 0.785417 0.289062 0.791667 0.287500 0.797917 0.287500 0.804167 0.287500 0.810417 0.285938 0.814583 0.285938 0.820833 0.284375 0.825000 0.287500 0.831250 0.290625 0.831250 0.293750 0.831250 0.296875 0.831250 0.304688 0.831250 0.309375 0.831250 0.312500 0.831250 0.315625 0.822917
2 0.301563 0.891667 0.298438 0.887500 0.290625 0.885417 0.281250 0.881250 0.278125 0.881250 0.278125 0.891667 0.278125 0.900000 0.278125 0.908333 0.276562 0.914583 0.276562 0.920833 0.276562 0.927083 0.276562 0.931250 0.276562 0.937500 0.276562 0.943750 0.276562 0.950000 0.279687 0.952083 0.284375 0.952083 0.292187 0.952083 0.295312 0.952083 0.300000 0.952083
2 0.436719 0.445833 0.048438 0.033333
2 0.544531 0.452083 0.045312 0.029167
2 0.654687 0.460417 0.043750 0.041667
2 0.532813 0.263542 0.040625 0.027083
2 0.422656 0.264583 0.054688 0.029167
2 0.442969 0.101042 0.042188 0.022917
2 0.289844 0.918750 0.020313 0.083333
1 0.391406 0.102083 0.057813 0.025000
1 0.492969 0.101042 0.048438 0.035417
1 0.595313 0.106250 0.062500 0.041667
1 0.685156 0.110417 0.035937 0.041667
1 0.784375 0.121875 0.040625 0.031250
1 0.962500 0.142708 0.034375 0.027083
1 0.885938 0.137500 0.034375 0.029167
1 0.927344 0.292708 0.026562 0.039583
1 0.836719 0.287500 0.039062 0.025000
1 0.754687 0.278125 0.021875 0.022917
1 0.671875 0.276042 0.025000 0.035417
1 0.587500 0.269792 0.053125 0.022917
1 0.478906 0.261458 0.045312 0.022917
1 0.367188 0.268750 0.053125 0.025000
1 0.491406 0.454167 0.045312 0.037500
1 0.601562 0.457292 0.056250 0.031250
1 0.713281 0.463542 0.045312 0.039583
1 0.826562 0.473958 0.028125 0.027083
1 0.380469 0.450000 0.045312 0.025000
1 0.912500 0.473958 0.053125 0.027083
1 0.995313 0.476042 0.018750 0.022917
1 0.050000 0.276042 0.040625 0.022917
1 0.004687 0.162500 0.014063 0.175000 0.021875 0.179167 0.040625 0.183333 0.059375 0.183333 0.079687 0.183333 0.098437 0.183333 0.110937 0.181250 0.115625 0.175000 0.121875 0.166667 0.120313 0.158333 0.106250 0.156250 0.093750 0.156250 0.079687 0.162500 0.068750 0.162500 0.059375 0.162500 0.050000 0.162500 0.035937 0.162500 0.028125 0.162500 0.017188 0.162500 0.007812 0.162500 0.007812 0.172917
1 0.253125 0.000000 0.250000 0.000000 0.245312 0.004167 0.240625 0.008333 0.240625 0.012500 0.237500 0.020833 0.235937 0.025000 0.234375 0.029167 0.232813 0.035417 0.232813 0.039583 0.237500 0.039583 0.240625 0.039583 0.243750 0.039583 0.248438 0.037500 0.251563 0.033333 0.253125 0.025000 0.254688 0.016667 0.254688 0.010417 0.254688 0.006250 0.253125 0.000000 0.250000 0.000000 0.246875 0.000000 0.245312 0.004167
1 0.364063 0.004167 0.364063 0.012500 0.364063 0.018750 0.364063 0.022917 0.364063 0.027083 0.364063 0.035417 0.365625 0.037500 0.367188 0.039583 0.370312 0.039583 0.371875 0.037500 0.373437 0.035417 0.376563 0.033333 0.379688 0.033333 0.379688 0.031250 0.382812 0.027083 0.382812 0.022917 0.382812 0.016667 0.382812 0.012500 0.382812 0.008333 0.379688 0.008333 0.378125 0.004167 0.376563 0.000000 0.373437 0.000000 0.370312 0.000000 0.365625 0.004167 0.360938 0.008333
1 0.171875 0.472917 0.168750 0.479167 0.168750 0.487500 0.167187 0.493750 0.165625 0.504167 0.162500 0.512500 0.162500 0.520833 0.160938 0.529167 0.162500 0.533333 0.168750 0.535417 0.173437 0.537500 0.179688 0.537500 0.182812 0.527083 0.182812 0.516667 0.182812 0.510417 0.182812 0.502083 0.182812 0.491667 0.182812 0.485417 0.182812 0.477083 0.176563 0.475000 0.171875 0.475000
1 0.051562 0.614583 0.050000 0.614583 0.043750 0.616667 0.040625 0.616667 0.039062 0.622917 0.039062 0.629167 0.039062 0.633333 0.039062 0.637500 0.039062 0.643750 0.039062 0.650000 0.039062 0.652083 0.039062 0.656250 0.039062 0.658333 0.039062 0.662500 0.039062 0.668750 0.039062 0.672917 0.039062 0.675000 0.039062 0.679167 0.039062 0.683333 0.040625 0.689583 0.043750 0.689583 0.046875 0.689583 0.048438 0.685417 0.051562 0.685417 0.053125 0.685417 0.054688 0.683333
1 0.043750 0.750000 0.039062 0.750000 0.031250 0.750000 0.029687 0.750000 0.029687 0.756250 0.029687 0.762500 0.029687 0.766667 0.029687 0.770833 0.029687 0.775000 0.026562 0.779167 0.026562 0.785417 0.026562 0.791667 0.025000 0.795833 0.025000 0.800000 0.025000 0.802083 0.026562 0.802083 0.031250 0.802083 0.035937 0.804167 0.040625 0.804167 0.043750 0.804167
1 0.028125 0.904167 0.025000 0.904167 0.021875 0.904167 0.020313 0.906250 0.020313 0.912500 0.020313 0.916667 0.020313 0.925000 0.020313 0.927083 0.020313 0.933333 0.020313 0.939583 0.020313 0.947917 0.020313 0.952083 0.020313 0.956250 0.020313 0.960417 0.020313 0.962500 0.020313 0.964583 0.020313 0.970833 0.021875 0.970833 0.025000 0.970833 0.029687 0.970833 0.032813 0.970833
1 0.156250 0.920833 0.153125 0.920833 0.143750 0.920833 0.135937 0.916667 0.134375 0.920833 0.134375 0.929167 0.134375 0.935417 0.134375 0.943750 0.134375 0.950000 0.134375 0.960417 0.134375 0.964583 0.134375 0.970833 0.134375 0.975000 0.134375 0.981250 0.134375 0.985417 0.134375 0.989583 0.137500 0.989583 0.140625 0.989583 0.143750 0.989583 0.150000 0.989583 0.153125 0.989583
1 0.292187 0.964583 0.290625 0.964583 0.289062 0.964583 0.279687 0.962500 0.270313 0.960417 0.267188 0.960417 0.267188 0.960417 0.270313 0.960417 0.270313 0.962500 0.270313 0.964583 0.270313 0.966667 0.273438 0.972917 0.273438 0.977083 0.273438 0.979167 0.273438 0.981250 0.273438 0.987500 0.273438 0.989583 0.273438 0.991667 0.273438 0.993750 0.273438 0.997917 0.275000 1.000000 0.278125 1.000000 0.279687 1.000000 0.282813 1.000000 0.284375 1.000000 0.287500 1.000000 0.289062 1.000000 0.290625 1.000000 0.292187 1.000000
1 0.160938 0.762500 0.157812 0.762500 0.153125 0.762500 0.150000 0.762500 0.148438 0.768750 0.148438 0.779167 0.148438 0.787500 0.146875 0.793750 0.146875 0.800000 0.143750 0.808333 0.143750 0.814583 0.143750 0.818750 0.143750 0.822917 0.142187 0.827083 0.142187 0.831250 0.142187 0.835417 0.142187 0.839583 0.142187 0.843750 0.143750 0.843750 0.146875 0.843750 0.150000 0.843750 0.153125 0.847917 0.156250 0.847917 0.159375 0.847917 0.160938 0.847917 0.164062 0.847917
1 0.168750 0.622917 0.165625 0.622917 0.162500 0.622917 0.160938 0.622917 0.157812 0.622917 0.154688 0.625000 0.151562 0.625000 0.150000 0.631250 0.150000 0.639583 0.150000 0.645833 0.150000 0.654167 0.150000 0.660417 0.150000 0.664583 0.150000 0.672917 0.150000 0.681250 0.150000 0.689583 0.150000 0.700000 0.150000 0.704167 0.150000 0.706250 0.153125 0.710417 0.159375 0.712500 0.160938 0.712500 0.164062 0.712500 0.165625 0.712500
1 0.307812 0.650000 0.292187 0.652083 0.282813 0.654167 0.282813 0.658333 0.282813 0.670833 0.282813 0.679167 0.282813 0.691667 0.282813 0.702083 0.282813 0.710417 0.282813 0.716667 0.282813 0.729167 0.282813 0.733333 0.285938 0.733333 0.289062 0.733333 0.293750 0.735417 0.298438 0.735417 0.301563 0.735417 0.304688 0.735417 0.307812 0.735417 0.312500 0.735417 0.304688 0.706250
1 0.315625 0.516667 0.312500 0.516667 0.309375 0.516667 0.307812 0.516667 0.303125 0.518750 0.301563 0.527083 0.301563 0.533333 0.301563 0.539583 0.301563 0.545833 0.300000 0.554167 0.300000 0.560417 0.298438 0.566667 0.298438 0.575000 0.295312 0.583333 0.295312 0.589583 0.295312 0.591667 0.295312 0.595833 0.295312 0.597917 0.298438 0.597917 0.303125 0.597917 0.304688 0.597917 0.307812 0.600000 0.309375 0.600000 0.312500 0.600000 0.318750 0.600000 0.323437 0.600000 0.325000 0.600000
3 0.279687 0.156250 0.278125 0.147917 0.270313 0.120833 0.265625 0.100000 0.262500 0.089583 0.256250 0.089583 0.248438 0.089583 0.243750 0.097917 0.240625 0.106250 0.240625 0.114583 0.240625 0.125000 0.240625 0.133333 0.245312 0.145833 0.250000 0.154167 0.254688 0.162500 0.257812 0.166667 0.262500 0.166667 0.270313 0.166667 0.273438 0.158333 0.278125 0.145833 0.279687 0.137500
3 0.160938 0.060417 0.160938 0.043750 0.156250 0.029167 0.153125 0.020833 0.150000 0.010417 0.143750 0.004167 0.139063 0.000000 0.128125 -0.004167 0.125000 0.000000 0.125000 0.010417 0.126562 0.027083 0.129688 0.041667 0.135937 0.058333 0.142187 0.066667 0.153125 0.072917 0.160938 0.075000 0.168750 0.075000 0.176563 0.070833 0.178125 0.060417 0.173437 0.054167 0.165625 0.045833
3 0.140625 0.302083 0.140625 0.295833 0.140625 0.283333 0.140625 0.275000 0.139063 0.264583 0.137500 0.258333 0.134375 0.252083 0.128125 0.245833 0.123438 0.239583 0.117188 0.239583 0.110937 0.239583 0.104688 0.239583 0.101562 0.241667 0.101562 0.250000 0.101562 0.258333 0.107813 0.266667 0.114062 0.270833 0.120313 0.279167 0.128125 0.285417 0.134375 0.291667 0.140625 0.302083 0.140625 0.308333 0.145313 0.312500
3 0.089063 0.227083 0.089063 0.202083 0.087500 0.187500 0.085938 0.172917 0.085938 0.162500 0.081250 0.147917 0.075000 0.139583 0.068750 0.129167 0.060937 0.129167 0.050000 0.129167 0.040625 0.137500 0.035937 0.150000 0.035937 0.162500 0.039062 0.175000 0.046875 0.185417 0.056250 0.195833 0.062500 0.202083 0.070312 0.212500 0.076563 0.222917 0.082812 0.233333 0.089063 0.237500
7 0.062500 0.460417 0.075000 0.452083 0.084375 0.439583 0.084375 0.429167 0.076563 0.418750 0.067187 0.416667 0.054688 0.420833 0.043750 0.429167 0.034375 0.437500 0.023438 0.452083 0.017188 0.464583 0.014063 0.481250 0.015625 0.493750 0.020313 0.510417 0.026562 0.520833 0.034375 0.525000 0.045312 0.518750 0.051562 0.508333 0.059375 0.489583 0.065625 0.479167 0.070312 0.468750 0.071875 0.454167
7 0.307812 0.385417 0.295312 0.385417 0.285938 0.391667 0.273438 0.408333 0.268750 0.425000 0.282813 0.437500 0.300000 0.443750 0.320312 0.445833 0.329688 0.447917 0.340625 0.450000 0.350000 0.450000 0.359375 0.447917 0.370312 0.437500 0.373437 0.420833 0.373437 0.408333 0.365625 0.395833 0.356250 0.387500 0.345313 0.381250 0.323437 0.375000 0.304688 0.377083 0.293750 0.385417
7 0.106250 0.114583 0.118750 0.106250 0.126562 0.089583 0.131250 0.066667 0.131250 0.047917 0.123438 0.033333 0.110937 0.033333 0.098437 0.043750 0.089063 0.060417 0.089063 0.079167 0.081250 0.089583 0.065625 0.089583 0.043750 0.097917 0.026562 0.106250 0.020313 0.118750 0.031250 0.141667 0.056250 0.141667 0.079687 0.141667 0.101562 0.133333 0.115625 0.122917
6 0.351562 0.004167 0.353125 0.058333 0.353125 0.110417 0.401562 0.145833 0.520312 0.150000 0.660937 0.156250 0.796875 0.156250 0.896875 0.156250 0.943750 0.156250 0.981250 0.158333 0.987500 0.118750 0.948438 0.108333 0.873437 0.097917 0.776563 0.093750 0.660937 0.093750 0.587500 0.089583 0.481250 0.072917 0.414062 0.072917 0.395313 0.045833 0.395313 0.004167 0.359375 0.002083
6 0.348438 0.285417 0.440625 0.283333 0.546875 0.291667 0.648438 0.302083 0.739062 0.304167 0.835938 0.308333 0.929688 0.308333 0.984375 0.314583 1.003125 0.302083 0.976562 0.266667 0.889062 0.262500 0.815625 0.262500 0.760938 0.258333 0.692187 0.254167 0.623437 0.245833 0.548438 0.239583 0.468750 0.237500 0.390625 0.237500 0.334375 0.243750 0.329688 0.270833 0.354687 0.283333
6 0.993750 0.489583 0.867188 0.447917 0.671875 0.439583 0.539062 0.431250 0.382812 0.439583 0.317188 0.439583 0.292187 0.502083 0.285938 0.614583 0.273438 0.745833 0.270313 0.860417 0.265625 0.977083 0.303125 0.977083 0.314063 0.860417 0.320312 0.737500 0.325000 0.633333 0.335938 0.520833 0.381250 0.464583 0.520312 0.497917 0.676562 0.497917 0.864062 0.485417 0.992188 0.475000
6 0.189062 0.485417 0.178125 0.460417 0.160938 0.500000 0.153125 0.566667 0.150000 0.639583 0.143750 0.689583 0.137500 0.754167 0.135937 0.806250 0.135937 0.883333 0.135937 0.943750 0.135937 0.987500 0.153125 0.993750 0.159375 0.960417 0.173437 0.904167 0.181250 0.833333 0.185938 0.775000 0.187500 0.722917 0.187500 0.662500 0.187500 0.612500 0.187500 0.566667 0.189062 0.512500
6 0.000000 0.422917 0.004687 0.422917 0.017188 0.425000 0.034375 0.425000 0.042188 0.425000 0.046875 0.425000 0.053125 0.425000 0.059375 0.427083 0.065625 0.427083 0.071875 0.425000 0.071875 0.416667 0.071875 0.408333 0.060937 0.404167 0.051562 0.404167 0.042188 0.404167 0.037500 0.404167 0.031250 0.404167 0.020313 0.404167 0.006250 0.404167 0.001563 0.404167 -0.003125 0.404167 -0.004687 0.410417 -0.001563 0.418750
6 0.068750 0.500000 0.053125 0.535417 0.048438 0.579167 0.043750 0.618750 0.035937 0.677083 0.031250 0.722917 0.025000 0.775000 0.020313 0.831250 0.014063 0.879167 0.010937 0.931250 0.014063 0.981250 0.034375 0.960417 0.042188 0.914583 0.046875 0.858333 0.051562 0.806250 0.051562 0.762500 0.054688 0.710417 0.062500 0.660417 0.068750 0.614583 0.068750 0.566667 0.068750 0.520833
6 0.001563 0.295833 0.014063 0.295833 0.026562 0.295833 0.034375 0.297917 0.045312 0.297917 0.053125 0.297917 0.062500 0.297917 0.068750 0.297917 0.071875 0.283333 0.071875 0.268750 0.073438 0.260417 0.064062 0.256250 0.051562 0.252083 0.037500 0.252083 0.026562 0.254167 0.020313 0.258333 0.014063 0.258333 0.003125 0.262500 0.000000 0.270833 0.001563 0.283333 0.003125 0.291667
6 -0.004687 0.177083 0.040625 0.175000 0.053125 0.175000 0.064062 0.175000 0.085938 0.175000 0.096875 0.177083 0.106250 0.179167 0.114062 0.179167 0.123438 0.179167 0.131250 0.162500 0.132812 0.154167 0.131250 0.143750 0.106250 0.143750 0.095312 0.143750 0.079687 0.143750 0.068750 0.143750 0.056250 0.143750 0.042188 0.141667 0.031250 0.141667 0.010937 0.141667 -0.001563 0.141667 -0.009375 0.141667
6 0.237500 0.004167 0.231250 0.012500 0.228125 0.022917 0.225000 0.033333 0.225000 0.045833 0.221875 0.060417 0.220312 0.077083 0.218750 0.093750 0.218750 0.104167 0.221875 0.116667 0.228125 0.118750 0.237500 0.114583 0.240625 0.104167 0.250000 0.089583 0.256250 0.077083 0.259375 0.064583 0.260937 0.050000 0.260937 0.039583 0.256250 0.025000 0.253125 0.016667 0.245312 0.008333 0.239063 0.002083
