0 0.383594 0.859375 0.073438 0.156250
0 0.240625 0.557292 0.081250 0.085417
0 0.740625 0.501042 0.081250 0.097917
0 0.465625 0.246875 0.050000 0.118750
0 0.465625 0.363542 0.068750 0.118750
0 0.624219 0.509375 0.092188 0.056250
1 0.431250 0.050000 0.028125 0.025000
1 0.431250 0.151042 0.018750 0.035417
1 0.428125 0.235417 0.018750 0.041667
1 0.427344 0.312500 0.017188 0.037500
1 0.427344 0.418750 0.023438 0.050000
1 0.690625 0.571875 0.046875 0.031250
1 0.773438 0.564583 0.050000 0.025000
1 0.851562 0.557292 0.043750 0.031250
1 0.602344 0.587500 0.032813 0.025000
1 0.431250 0.781250 0.025000 0.050000
1 0.431250 0.900000 0.028125 0.050000
1 0.434375 0.988542 0.025000 0.022917
1 0.215625 0.618750 0.040625 0.025000
1 0.176563 0.637500 0.171875 0.625000 0.170313 0.618750 0.165625 0.612500 0.162500 0.612500 0.159375 0.612500 0.154688 0.612500 0.150000 0.612500 0.146875 0.618750 0.145313 0.629167 0.145313 0.635417 0.145313 0.641667 0.146875 0.643750 0.150000 0.647917 0.153125 0.650000 0.159375 0.650000 0.165625 0.654167 0.175000 0.654167 0.176563 0.650000 0.176563 0.643750 0.176563 0.635417
1 0.118750 0.606250 0.117188 0.600000 0.112500 0.597917 0.112500 0.597917 0.107813 0.593750 0.104688 0.591667 0.093750 0.591667 0.092188 0.593750 0.092188 0.600000 0.092188 0.604167 0.090625 0.606250 0.090625 0.612500 0.093750 0.612500 0.096875 0.616667 0.103125 0.618750 0.107813 0.618750 0.109375 0.618750 0.112500 0.612500 0.117188 0.612500 0.117188 0.606250 0.117188 0.604167
2 0.434375 0.096875 0.031250 0.060417
2 0.428125 0.193750 0.028125 0.037500
2 0.431250 0.271875 0.028125 0.035417
2 0.427344 0.362500 0.020313 0.062500
2 0.571875 0.585417 0.025000 0.029167
2 0.643750 0.582292 0.046875 0.022917
2 0.730469 0.571875 0.042188 0.022917
2 0.812500 0.561458 0.034375 0.031250
2 0.433594 0.839583 0.032813 0.062500
2 0.433594 0.950000 0.032813 0.050000
2 0.140625 0.618750 0.140625 0.612500 0.140625 0.606250 0.134375 0.606250 0.131250 0.604167 0.129688 0.600000 0.125000 0.600000 0.120313 0.600000 0.117188 0.606250 0.117188 0.612500 0.117188 0.618750 0.117188 0.622917 0.120313 0.625000 0.121875 0.631250 0.125000 0.631250 0.128125 0.631250 0.131250 0.635417 0.137500 0.635417 0.140625 0.631250 0.140625 0.629167 0.140625 0.625000 0.140625 0.618750 0.140625 0.612500
2 0.081250 0.579167 0.078125 0.575000 0.071875 0.575000 0.065625 0.575000 0.062500 0.575000 0.062500 0.581250 0.062500 0.585417 0.062500 0.591667 0.062500 0.593750 0.065625 0.597917 0.065625 0.600000 0.071875 0.604167 0.076563 0.606250 0.078125 0.610417 0.081250 0.610417 0.085938 0.606250 0.087500 0.606250 0.087500 0.600000 0.087500 0.597917 0.087500 0.591667 0.087500 0.587500 0.085938 0.585417 0.084375 0.579167 0.081250 0.575000
2 0.258594 0.623958 0.048438 0.031250
2 0.190625 0.612500 0.187500 0.604167 0.185938 0.600000 0.181250 0.597917 0.179688 0.597917 0.176563 0.600000 0.175000 0.606250 0.175000 0.610417 0.175000 0.612500 0.175000 0.618750 0.175000 0.625000 0.175000 0.629167 0.176563 0.631250 0.176563 0.637500 0.179688 0.641667 0.181250 0.641667 0.184375 0.643750 0.187500 0.641667 0.187500 0.637500 0.187500 0.631250 0.190625 0.625000 0.190625 0.622917 0.192188 0.618750 0.192188 0.612500 0.192188 0.606250
2 0.431250 0.029167 0.031250 0.029167
1 0.431250 0.008333 0.034375 0.025000
4 0.164062 0.033333 0.040625 0.050000
3 0.337500 0.410417 0.337500 0.393750 0.340625 0.381250 0.340625 0.372917 0.335938 0.366667 0.325000 0.356250 0.318750 0.350000 0.309375 0.337500 0.304688 0.331250 0.296875 0.329167 0.287500 0.325000 0.284375 0.331250 0.284375 0.343750 0.285938 0.354167 0.287500 0.362500 0.296875 0.368750 0.304688 0.375000 0.314063 0.381250 0.321875 0.385417 0.328125 0.387500 0.335938 0.393750
3 0.481250 0.600000 0.473438 0.600000 0.462500 0.600000 0.454688 0.600000 0.446875 0.604167 0.440625 0.606250 0.428125 0.612500 0.426563 0.618750 0.426563 0.625000 0.428125 0.631250 0.431250 0.637500 0.437500 0.643750 0.443750 0.650000 0.459375 0.650000 0.468750 0.650000 0.473438 0.643750 0.481250 0.637500 0.485938 0.631250 0.487500 0.625000 0.487500 0.618750 0.485938 0.610417 0.481250 0.600000 0.478125 0.600000
3 0.306250 0.641667 0.309375 0.635417 0.315625 0.629167 0.318750 0.618750 0.318750 0.606250 0.318750 0.591667 0.317188 0.579167 0.314063 0.566667 0.309375 0.554167 0.306250 0.547917 0.300000 0.541667 0.290625 0.541667 0.284375 0.543750 0.278125 0.550000 0.278125 0.562500 0.278125 0.575000 0.281250 0.585417 0.284375 0.600000 0.287500 0.616667 0.290625 0.629167 0.293750 0.635417 0.300000 0.637500 0.306250 0.635417
3 0.557813 0.525000 0.584375 0.506250 0.590625 0.497917 0.600000 0.487500 0.609375 0.475000 0.615625 0.468750 0.620313 0.456250 0.620313 0.443750 0.612500 0.435417 0.600000 0.429167 0.587500 0.429167 0.573438 0.431250 0.565625 0.437500 0.556250 0.443750 0.550000 0.456250 0.543750 0.468750 0.540625 0.479167 0.540625 0.493750 0.543750 0.506250 0.550000 0.522917 0.553125 0.529167 0.559375 0.531250
6 0.450000 0.004167 0.409375 0.004167 0.409375 0.050000 0.415625 0.097917 0.415625 0.145833 0.418750 0.183333 0.420312 0.231250 0.418750 0.272917 0.417187 0.331250 0.414062 0.368750 0.412500 0.391667 0.415625 0.439583 0.440625 0.433333 0.442188 0.381250 0.440625 0.327083 0.440625 0.266667 0.442188 0.216667 0.443750 0.156250 0.450000 0.089583 0.443750 0.045833 0.442188 0.000000
6 0.871875 0.539583 0.793750 0.550000 0.760938 0.550000 0.728125 0.550000 0.700000 0.554167 0.673438 0.564583 0.645312 0.566667 0.617188 0.570833 0.585938 0.577083 0.560937 0.585417 0.564063 0.606250 0.593750 0.600000 0.628125 0.595833 0.657813 0.593750 0.693750 0.589583 0.729688 0.587500 0.764062 0.587500 0.801562 0.581250 0.835938 0.575000 0.870313 0.566667 0.868750 0.541667
6 0.443750 0.752083 0.418750 0.762500 0.414062 0.787500 0.415625 0.818750 0.418750 0.856250 0.418750 0.887500 0.417187 0.883333 0.415625 0.912500 0.409375 0.950000 0.412500 1.012500 0.414062 1.050000 0.418750 1.077083 0.450000 1.037500 0.453125 1.004167 0.451562 0.966667 0.450000 0.933333 0.450000 0.891667 0.448437 0.847917 0.450000 0.804167 0.450000 0.770833 0.440625 0.745833
6 0.315625 0.618750 0.279687 0.606250 0.237500 0.602083 0.204687 0.604167 0.168750 0.610417 0.168750 0.629167 0.157812 0.643750 0.143750 0.616667 0.115625 0.593750 0.098437 0.587500 0.096875 0.614583 0.109375 0.639583 0.134375 0.650000 0.159375 0.652083 0.185938 0.645833 0.200000 0.631250 0.228125 0.637500 0.257812 0.647917 0.285938 0.647917 0.309375 0.639583 0.312500 0.618750
7 0.535937 0.360417 0.528125 0.352083 0.521875 0.352083 0.515625 0.352083 0.509375 0.356250 0.503125 0.368750 0.500000 0.375000 0.498437 0.387500 0.498437 0.400000 0.500000 0.416667 0.503125 0.431250 0.506250 0.439583 0.510938 0.443750 0.521875 0.439583 0.528125 0.437500 0.534375 0.435417 0.537500 0.431250 0.539062 0.412500 0.539062 0.404167 0.537500 0.389583 0.535937 0.375000 0.534375 0.360417 0.532813 0.352083
7 0.304688 0.239583 0.287500 0.231250 0.270313 0.231250 0.262500 0.245833 0.248438 0.250000 0.235937 0.254167 0.237500 0.277083 0.240625 0.304167 0.242188 0.331250 0.245312 0.354167 0.246875 0.387500 0.250000 0.416667 0.284375 0.420833 0.315625 0.404167 0.315625 0.387500 0.293750 0.375000 0.281250 0.354167 0.279687 0.333333 0.293750 0.316667 0.298438 0.293750 0.303125 0.250000
7 0.231250 0.287500 0.214062 0.287500 0.203125 0.291667 0.190625 0.297917 0.179688 0.304167 0.173437 0.316667 0.175000 0.339583 0.176563 0.360417 0.176563 0.379167 0.178125 0.397917 0.179688 0.416667 0.187500 0.433333 0.201563 0.437500 0.229687 0.420833 0.250000 0.408333 0.245312 0.381250 0.242188 0.354167 0.240625 0.333333 0.240625 0.308333 0.237500 0.291667 0.228125 0.285417
7 0.143750 0.397917 0.128125 0.397917 0.118750 0.397917 0.106250 0.402083 0.096875 0.408333 0.095312 0.422917 0.095312 0.439583 0.095312 0.452083 0.095312 0.470833 0.093750 0.487500 0.098437 0.495833 0.106250 0.495833 0.117188 0.500000 0.128125 0.500000 0.137500 0.500000 0.142187 0.493750 0.142187 0.462500 0.142187 0.441667 0.140625 0.420833 0.140625 0.406250 0.139063 0.397917
7 0.343750 0.727083 0.325000 0.727083 0.317188 0.727083 0.312500 0.735417 0.310937 0.752083 0.310937 0.770833 0.310937 0.785417 0.310937 0.795833 0.310937 0.814583 0.312500 0.822917 0.315625 0.829167 0.323437 0.831250 0.331250 0.831250 0.340625 0.822917 0.342187 0.814583 0.342187 0.800000 0.342187 0.789583 0.343750 0.762500 0.343750 0.745833 0.343750 0.735417 0.342187 0.727083
