0 0.603125 0.610417 0.573438 0.618750 0.556250 0.631250 0.540625 0.643750 0.534375 0.668750 0.546875 0.693750 0.562500 0.712500 0.581250 0.729167 0.600000 0.743750 0.620313 0.756250 0.643750 0.762500 0.667188 0.756250 0.684375 0.743750 0.700000 0.722917 0.704688 0.697917 0.693750 0.675000 0.675000 0.662500 0.656250 0.650000 0.637500 0.631250 0.621875 0.622917 0.606250 0.612500
0 0.068750 0.718750 0.081250 0.750000 0.089063 0.775000 0.096875 0.787500 0.112500 0.781250 0.128125 0.775000 0.150000 0.756250 0.170313 0.737500 0.192188 0.722917 0.212500 0.706250 0.225000 0.697917 0.242188 0.681250 0.232813 0.656250 0.225000 0.637500 0.187500 0.650000 0.165625 0.662500 0.140625 0.672917 0.120313 0.679167 0.096875 0.687500 0.078125 0.697917 0.065625 0.706250
0 0.579688 0.462500 0.585938 0.450000 0.600000 0.435417 0.618750 0.418750 0.631250 0.406250 0.642188 0.393750 0.651563 0.385417 0.653125 0.368750 0.642188 0.360417 0.628125 0.350000 0.615625 0.356250 0.603125 0.368750 0.585938 0.379167 0.571875 0.385417 0.559375 0.393750 0.542188 0.404167 0.540625 0.412500 0.550000 0.429167 0.559375 0.437500 0.568750 0.447917 0.578125 0.456250
0 0.321875 0.462500 0.321875 0.475000 0.325000 0.487500 0.328125 0.500000 0.337500 0.504167 0.353125 0.506250 0.364063 0.506250 0.376563 0.506250 0.384375 0.506250 0.395313 0.504167 0.400000 0.491667 0.398438 0.472917 0.395313 0.460417 0.384375 0.456250 0.375000 0.456250 0.364063 0.450000 0.356250 0.443750 0.346875 0.437500 0.334375 0.443750 0.329688 0.454167 0.325000 0.462500 0.321875 0.475000
3 0.506250 0.350000 0.510938 0.335417 0.512500 0.318750 0.512500 0.293750 0.512500 0.281250 0.512500 0.268750 0.512500 0.250000 0.512500 0.237500 0.509375 0.235417 0.506250 0.225000 0.501563 0.216667 0.490625 0.218750 0.489063 0.231250 0.487500 0.247917 0.489063 0.262500 0.493750 0.285417 0.493750 0.300000 0.496875 0.318750 0.496875 0.337500 0.496875 0.354167 0.506250 0.356250 0.506250 0.343750
3 0.475000 0.175000 0.473438 0.175000 0.465625 0.179167 0.460938 0.187500 0.457813 0.193750 0.457813 0.206250 0.460938 0.222917 0.465625 0.235417 0.470313 0.243750 0.473438 0.254167 0.475000 0.266667 0.478125 0.272917 0.485938 0.268750 0.489063 0.256250 0.493750 0.243750 0.493750 0.229167 0.493750 0.218750 0.492188 0.206250 0.489063 0.197917 0.485938 0.187500 0.481250 0.181250 0.478125 0.175000
3 0.353125 0.241667 0.346875 0.243750 0.340625 0.247917 0.340625 0.254167 0.340625 0.262500 0.340625 0.275000 0.340625 0.291667 0.340625 0.300000 0.343750 0.312500 0.345313 0.325000 0.346875 0.331250 0.353125 0.343750 0.356250 0.347917 0.360938 0.331250 0.364063 0.318750 0.364063 0.300000 0.364063 0.287500 0.364063 0.275000 0.364063 0.266667 0.364063 0.254167 0.359375 0.241667 0.353125 0.237500
3 0.293750 0.312500 0.293750 0.325000 0.293750 0.337500 0.293750 0.356250 0.298438 0.375000 0.300000 0.391667 0.301563 0.404167 0.306250 0.416667 0.312500 0.425000 0.318750 0.429167 0.325000 0.412500 0.328125 0.397917 0.329688 0.385417 0.328125 0.368750 0.321875 0.354167 0.318750 0.341667 0.315625 0.325000 0.312500 0.312500 0.309375 0.300000 0.303125 0.300000 0.298438 0.306250 0.293750 0.318750
7 0.084375 0.611458 0.150000 0.077083
7 0.442969 0.405208 0.054688 0.052083
7 0.496875 0.405208 0.043750 0.043750
7 0.189062 0.622917 0.096875 0.050000
1 0.517188 0.793750 0.503125 0.785417 0.495312 0.783333 0.485938 0.779167 0.478125 0.775000 0.470313 0.768750 0.464062 0.764583 0.456250 0.766667 0.451562 0.775000 0.450000 0.783333 0.451562 0.793750 0.457813 0.800000 0.464062 0.804167 0.468750 0.810417 0.473438 0.816667 0.479687 0.822917 0.485938 0.827083 0.493750 0.822917 0.503125 0.814583 0.510938 0.808333 0.517188 0.802083 0.520312 0.795833
1 0.603125 0.843750 0.592187 0.856250 0.582812 0.864583 0.578125 0.875000 0.582812 0.887500 0.592187 0.893750 0.601562 0.902083 0.612500 0.906250 0.625000 0.912500 0.635938 0.918750 0.648438 0.920833 0.657813 0.914583 0.662500 0.900000 0.671875 0.889583 0.670312 0.875000 0.659375 0.868750 0.648438 0.866667 0.635938 0.862500 0.621875 0.856250 0.610938 0.847917 0.600000 0.839583
1 0.857812 0.989583 0.839063 0.975000 0.825000 0.968750 0.814063 0.962500 0.801562 0.960417 0.789062 0.956250 0.773438 0.952083 0.762500 0.947917 0.748437 0.947917 0.737500 0.952083 0.742188 0.966667 0.746875 0.981250 0.754687 0.987500 0.767188 0.987500 0.776563 0.991667 0.787500 0.995833 0.800000 0.997917 0.810937 1.000000 0.823438 1.000000 0.835938 0.997917 0.846875 0.993750 0.854688 0.985417
1 0.807813 0.666667 0.800000 0.662500 0.792188 0.662500 0.784375 0.658333 0.775000 0.654167 0.767188 0.654167 0.759375 0.652083 0.751563 0.652083 0.743750 0.654167 0.739062 0.658333 0.739062 0.666667 0.745313 0.670833 0.748437 0.677083 0.754687 0.681250 0.764062 0.683333 0.768750 0.687500 0.775000 0.691667 0.784375 0.691667 0.790625 0.689583 0.796875 0.687500 0.801562 0.679167 0.806250 0.670833
1 0.976562 0.710417 0.954688 0.708333 0.945312 0.706250 0.935937 0.706250 0.925000 0.704167 0.915625 0.702083 0.903125 0.702083 0.893750 0.702083 0.887500 0.706250 0.884375 0.714583 0.890625 0.720833 0.898438 0.722917 0.906250 0.729167 0.914062 0.733333 0.923438 0.737500 0.931250 0.743750 0.942187 0.745833 0.950000 0.743750 0.957812 0.739583 0.960938 0.731250 0.968750 0.722917 0.973437 0.712500
1 0.657813 0.620833 0.645312 0.616667 0.637500 0.616667 0.631250 0.614583 0.625000 0.610417 0.620313 0.608333 0.612500 0.608333 0.606250 0.608333 0.600000 0.610417 0.595313 0.614583 0.600000 0.616667 0.603125 0.618750 0.607812 0.625000 0.612500 0.629167 0.618750 0.633333 0.625000 0.635417 0.629687 0.637500 0.637500 0.637500 0.642188 0.633333 0.646875 0.633333 0.651563 0.629167 0.654687 0.622917
1 0.342187 0.810417 0.325000 0.825000 0.315625 0.831250 0.304688 0.837500 0.298438 0.843750 0.287500 0.856250 0.279687 0.864583 0.276562 0.868750 0.282813 0.875000 0.289062 0.879167 0.298438 0.877083 0.304688 0.875000 0.310937 0.868750 0.317188 0.862500 0.325000 0.856250 0.331250 0.847917 0.337500 0.841667 0.345313 0.835417 0.351562 0.831250 0.354687 0.822917 0.346875 0.818750 0.342187 0.814583
1 0.206250 0.925000 0.195312 0.937500 0.182812 0.947917 0.168750 0.952083 0.156250 0.958333 0.146875 0.964583 0.137500 0.970833 0.132812 0.981250 0.131250 0.989583 0.140625 0.993750 0.150000 0.993750 0.160938 0.993750 0.168750 0.989583 0.178125 0.983333 0.185938 0.977083 0.190625 0.968750 0.198437 0.962500 0.210938 0.958333 0.218750 0.954167 0.220312 0.941667 0.217188 0.931250 0.207813 0.925000
1 0.281250 0.706250 0.270313 0.706250 0.262500 0.712500 0.254688 0.718750 0.248438 0.725000 0.240625 0.727083 0.231250 0.731250 0.225000 0.735417 0.218750 0.741667 0.210938 0.745833 0.215625 0.752083 0.218750 0.762500 0.225000 0.758333 0.231250 0.752083 0.239063 0.745833 0.248438 0.739583 0.256250 0.735417 0.262500 0.731250 0.270313 0.729167 0.279687 0.722917 0.282813 0.714583
1 0.142187 0.800000 0.134375 0.808333 0.128125 0.814583 0.123438 0.818750 0.115625 0.825000 0.110937 0.831250 0.104688 0.835417 0.098437 0.841667 0.093750 0.847917 0.085938 0.852083 0.087500 0.858333 0.093750 0.862500 0.098437 0.858333 0.104688 0.852083 0.114062 0.847917 0.121875 0.843750 0.131250 0.837500 0.137500 0.831250 0.143750 0.822917 0.148438 0.814583 0.143750 0.808333 0.140625 0.802083
1 0.028125 0.908333 0.023438 0.908333 0.020313 0.908333 0.015625 0.910417 0.009375 0.912500 0.004687 0.914583 0.001563 0.918750 0.000000 0.920833 0.000000 0.925000 0.001563 0.929167 0.001563 0.935417 0.001563 0.941667 0.006250 0.939583 0.010937 0.939583 0.014063 0.935417 0.017188 0.931250 0.018750 0.925000 0.020313 0.920833 0.021875 0.916667 0.023438 0.912500 0.025000 0.908333
1 0.795312 0.504167 0.787500 0.504167 0.779687 0.504167 0.771875 0.502083 0.767188 0.500000 0.759375 0.495833 0.753125 0.493750 0.745313 0.491667 0.739062 0.489583 0.729688 0.491667 0.725000 0.497917 0.726562 0.504167 0.731250 0.510417 0.740625 0.510417 0.748437 0.512500 0.756250 0.512500 0.764062 0.512500 0.771875 0.512500 0.781250 0.514583 0.787500 0.516667 0.792188 0.512500 0.793750 0.504167
1 0.921875 0.533333 0.910937 0.525000 0.906250 0.520833 0.898438 0.516667 0.892188 0.516667 0.885938 0.516667 0.878125 0.516667 0.871875 0.516667 0.865625 0.516667 0.860938 0.520833 0.857812 0.529167 0.862500 0.531250 0.868750 0.533333 0.875000 0.537500 0.881250 0.537500 0.889062 0.541667 0.896875 0.543750 0.903125 0.545833 0.909375 0.545833 0.915625 0.545833 0.918750 0.539583 0.921875 0.535417
1 0.998437 0.535417 0.995313 0.535417 0.990625 0.535417 0.989062 0.537500 0.987500 0.537500 0.985938 0.541667 0.984375 0.543750 0.984375 0.550000 0.984375 0.554167 0.987500 0.554167 0.989062 0.558333 0.990625 0.560417 0.993750 0.562500 0.996875 0.562500 1.000000 0.562500 1.001562 0.558333 1.000000 0.556250 0.998437 0.554167 0.998437 0.550000 0.998437 0.543750 0.998437 0.541667
1 0.818750 0.431250 0.815625 0.429167 0.810937 0.425000 0.806250 0.425000 0.801562 0.425000 0.796875 0.425000 0.795312 0.431250 0.790625 0.431250 0.789062 0.435417 0.784375 0.437500 0.779687 0.439583 0.776563 0.443750 0.776563 0.447917 0.781250 0.447917 0.789062 0.447917 0.793750 0.447917 0.796875 0.447917 0.801562 0.443750 0.806250 0.439583 0.809375 0.433333 0.812500 0.431250
1 0.870313 0.362500 0.864062 0.364583 0.857812 0.368750 0.854688 0.375000 0.851562 0.375000 0.848437 0.379167 0.845313 0.381250 0.840625 0.383333 0.839063 0.387500 0.843750 0.391667 0.846875 0.395833 0.851562 0.397917 0.856250 0.395833 0.860938 0.391667 0.864062 0.389583 0.868750 0.387500 0.871875 0.383333 0.875000 0.381250 0.876563 0.375000 0.876563 0.368750 0.873437 0.364583 0.870313 0.362500
1 0.909375 0.318750 0.906250 0.322917 0.903125 0.327083 0.901563 0.331250 0.900000 0.333333 0.896875 0.335417 0.893750 0.335417 0.893750 0.335417 0.896875 0.339583 0.900000 0.341667 0.903125 0.343750 0.906250 0.345833 0.909375 0.345833 0.912500 0.343750 0.915625 0.341667 0.918750 0.339583 0.920312 0.335417 0.920312 0.331250 0.917188 0.329167 0.912500 0.329167 0.909375 0.327083 0.906250 0.322917
1 0.957812 0.279167 0.953125 0.279167 0.950000 0.283333 0.945312 0.285417 0.942187 0.285417 0.939063 0.289583 0.935937 0.291667 0.935937 0.293750 0.939063 0.295833 0.940625 0.300000 0.945312 0.304167 0.948438 0.308333 0.950000 0.308333 0.953125 0.308333 0.954688 0.304167 0.957812 0.302083 0.957812 0.295833 0.959375 0.293750 0.960938 0.289583 0.959375 0.285417 0.956250 0.283333 0.953125 0.279167
1 0.662500 0.408333 0.657813 0.410417 0.654687 0.412500 0.651563 0.416667 0.650000 0.420833 0.646875 0.420833 0.645312 0.425000 0.642188 0.429167 0.645312 0.425000 0.648438 0.429167 0.650000 0.431250 0.654687 0.433333 0.657813 0.431250 0.659375 0.429167 0.664062 0.425000 0.667188 0.420833 0.670312 0.416667 0.670312 0.412500 0.670312 0.408333 0.667188 0.408333 0.664062 0.408333
1 0.737500 0.354167 0.731250 0.358333 0.728125 0.360417 0.725000 0.362500 0.721875 0.364583 0.718750 0.366667 0.715625 0.368750 0.712500 0.375000 0.709375 0.379167 0.710938 0.379167 0.712500 0.381250 0.717187 0.383333 0.721875 0.383333 0.725000 0.383333 0.729688 0.383333 0.732812 0.381250 0.735938 0.377083 0.739062 0.375000 0.740625 0.372917 0.742188 0.368750 0.743750 0.364583 0.742188 0.362500 0.739062 0.360417 0.735938 0.358333
1 0.796875 0.312500 0.790625 0.316667 0.785937 0.318750 0.781250 0.322917 0.776563 0.327083 0.771875 0.329167 0.767188 0.331250 0.767188 0.331250 0.770312 0.335417 0.771875 0.339583 0.776563 0.341667 0.781250 0.341667 0.784375 0.339583 0.789062 0.337500 0.793750 0.335417 0.796875 0.331250 0.801562 0.331250 0.804688 0.327083 0.809375 0.325000 0.809375 0.318750 0.806250 0.318750 0.803125 0.314583 0.800000 0.314583 0.796875 0.310417
1 0.840625 0.275000 0.835938 0.275000 0.831250 0.279167 0.826562 0.281250 0.823438 0.283333 0.820312 0.285417 0.817187 0.287500 0.818750 0.291667 0.820312 0.295833 0.821875 0.300000 0.825000 0.304167 0.829688 0.302083 0.831250 0.300000 0.839063 0.295833 0.843750 0.291667 0.845313 0.291667 0.848437 0.287500 0.851562 0.285417 0.853125 0.283333 0.853125 0.279167 0.851562 0.277083 0.848437 0.275000 0.843750 0.275000 0.839063 0.275000
1 0.275000 0.429167 0.273438 0.429167 0.270313 0.431250 0.267188 0.431250 0.267188 0.431250 0.262500 0.431250 0.262500 0.433333 0.259375 0.433333 0.257812 0.437500 0.257812 0.439583 0.259375 0.439583 0.262500 0.439583 0.264062 0.439583 0.267188 0.441667 0.270313 0.443750 0.271875 0.443750 0.273438 0.439583 0.275000 0.437500 0.276562 0.437500 0.276562 0.433333 0.278125 0.431250 0.278125 0.429167 0.275000 0.429167 0.273438 0.429167
1 0.240625 0.427083 0.239063 0.429167 0.237500 0.429167 0.237500 0.429167 0.235937 0.431250 0.234375 0.431250 0.232813 0.431250 0.231250 0.433333 0.231250 0.433333 0.229687 0.435417 0.231250 0.435417 0.232813 0.433333 0.234375 0.433333 0.235937 0.433333 0.237500 0.433333 0.237500 0.431250 0.240625 0.431250 0.240625 0.429167 0.240625 0.429167 0.242188 0.427083 0.240625 0.425000
1 0.214062 0.422917 0.212500 0.425000 0.210938 0.425000 0.210938 0.425000 0.209375 0.425000 0.207813 0.427083 0.207813 0.429167 0.207813 0.431250 0.206250 0.431250 0.206250 0.433333 0.207813 0.433333 0.209375 0.433333 0.210938 0.433333 0.212500 0.433333 0.212500 0.431250 0.214062 0.431250 0.214062 0.429167 0.214062 0.427083 0.215625 0.425000 0.215625 0.425000 0.217188 0.425000 0.215625 0.425000 0.214062 0.425000
1 0.431250 0.456250 0.431250 0.464583 0.428125 0.468750 0.428125 0.475000 0.431250 0.477083 0.434375 0.477083 0.440625 0.477083 0.446875 0.477083 0.451562 0.477083 0.457813 0.477083 0.460938 0.477083 0.464062 0.468750 0.465625 0.464583 0.467187 0.460417 0.462500 0.456250 0.457813 0.456250 0.453125 0.456250 0.446875 0.456250 0.443750 0.456250 0.437500 0.456250
1 0.081250 0.739583 0.068750 0.743750 0.062500 0.747917 0.056250 0.752083 0.051562 0.758333 0.046875 0.766667 0.040625 0.770833 0.034375 0.777083 0.028125 0.779167 0.025000 0.787500 0.028125 0.791667 0.034375 0.789583 0.040625 0.785417 0.046875 0.781250 0.053125 0.777083 0.056250 0.770833 0.064062 0.764583 0.070312 0.758333 0.079687 0.745833 0.085938 0.739583 0.084375 0.737500
1 0.232813 0.602083 0.234375 0.606250 0.234375 0.610417 0.234375 0.614583 0.234375 0.618750 0.234375 0.622917 0.235937 0.625000 0.239063 0.625000 0.242188 0.625000 0.245312 0.625000 0.250000 0.625000 0.251563 0.625000 0.253125 0.620833 0.253125 0.616667 0.251563 0.614583 0.250000 0.610417 0.246875 0.610417 0.243750 0.608333 0.240625 0.606250 0.239063 0.602083 0.235937 0.602083 0.232813 0.600000
2 0.207813 0.418750 0.204687 0.418750 0.203125 0.418750 0.201563 0.418750 0.200000 0.418750 0.198437 0.418750 0.196875 0.418750 0.195312 0.418750 0.193750 0.418750 0.192188 0.420833 0.193750 0.420833 0.195312 0.420833 0.195312 0.425000 0.195312 0.425000 0.196875 0.427083 0.198437 0.429167 0.200000 0.429167 0.201563 0.427083 0.203125 0.425000 0.203125 0.425000 0.203125 0.422917 0.204687 0.420833 0.204687 0.420833 0.206250 0.420833 0.206250 0.418750
2 0.231250 0.425000 0.228125 0.425000 0.225000 0.425000 0.221875 0.425000 0.220312 0.425000 0.217188 0.425000 0.214062 0.425000 0.214062 0.425000 0.215625 0.429167 0.215625 0.431250 0.215625 0.435417 0.214062 0.437500 0.214062 0.439583 0.215625 0.439583 0.217188 0.437500 0.218750 0.437500 0.220312 0.433333 0.221875 0.433333 0.225000 0.431250 0.225000 0.429167 0.228125 0.429167 0.228125 0.429167 0.231250 0.425000 0.231250 0.425000
2 0.251563 0.425000 0.250000 0.427083 0.250000 0.429167 0.248438 0.429167 0.246875 0.431250 0.246875 0.431250 0.245312 0.433333 0.245312 0.435417 0.243750 0.435417 0.243750 0.435417 0.245312 0.435417 0.246875 0.435417 0.250000 0.435417 0.250000 0.435417 0.253125 0.435417 0.253125 0.435417 0.254688 0.433333 0.256250 0.433333 0.257812 0.433333 0.257812 0.431250 0.259375 0.431250 0.259375 0.429167 0.257812 0.429167 0.257812 0.429167 0.256250 0.429167 0.253125 0.429167 0.253125 0.429167 0.251563 0.427083 0.250000 0.427083
2 0.284375 0.435417 0.282813 0.435417 0.279687 0.437500 0.276562 0.437500 0.275000 0.437500 0.273438 0.439583 0.271875 0.439583 0.270313 0.439583 0.270313 0.439583 0.273438 0.439583 0.275000 0.439583 0.276562 0.439583 0.279687 0.439583 0.279687 0.439583 0.282813 0.439583 0.284375 0.439583 0.285938 0.439583 0.287500 0.439583 0.289062 0.439583 0.287500 0.439583 0.287500 0.437500 0.285938 0.437500 0.284375 0.437500 0.282813 0.435417 0.282813 0.433333
2 0.709375 0.304167 0.701562 0.308333 0.695312 0.312500 0.692187 0.314583 0.689063 0.314583 0.687500 0.318750 0.684375 0.318750 0.682813 0.318750 0.679688 0.322917 0.682813 0.322917 0.687500 0.322917 0.689063 0.325000 0.692187 0.325000 0.696875 0.325000 0.698438 0.322917 0.700000 0.320833 0.703125 0.318750 0.706250 0.314583 0.709375 0.312500 0.709375 0.308333 0.709375 0.308333 0.706250 0.304167 0.704688 0.300000 0.703125 0.300000
2 0.760938 0.333333 0.756250 0.335417 0.753125 0.341667 0.748437 0.343750 0.742188 0.347917 0.739062 0.350000 0.735938 0.352083 0.739062 0.356250 0.740625 0.360417 0.742188 0.364583 0.746875 0.364583 0.748437 0.364583 0.757812 0.358333 0.765625 0.352083 0.770312 0.350000 0.771875 0.347917 0.771875 0.341667 0.770312 0.333333 0.767188 0.327083 0.765625 0.325000 0.760938 0.325000
2 0.706250 0.379167 0.701562 0.381250 0.696875 0.383333 0.692187 0.385417 0.687500 0.387500 0.682813 0.389583 0.679688 0.391667 0.675000 0.391667 0.678125 0.395833 0.679688 0.402083 0.682813 0.404167 0.685937 0.404167 0.690625 0.404167 0.693750 0.404167 0.700000 0.404167 0.703125 0.404167 0.709375 0.400000 0.715625 0.395833 0.718750 0.391667 0.721875 0.391667 0.721875 0.385417 0.721875 0.381250 0.718750 0.377083 0.715625 0.375000
2 0.634375 0.420833 0.629687 0.425000 0.625000 0.431250 0.618750 0.433333 0.609375 0.439583 0.603125 0.443750 0.600000 0.447917 0.596875 0.454167 0.596875 0.466667 0.603125 0.466667 0.607812 0.464583 0.615625 0.460417 0.623437 0.456250 0.628125 0.454167 0.634375 0.452083 0.642188 0.445833 0.648438 0.443750 0.654687 0.439583 0.659375 0.433333 0.654687 0.431250 0.648438 0.431250 0.642188 0.427083 0.637500 0.422917
1 0.745313 0.275000 0.734375 0.279167 0.726562 0.283333 0.723437 0.285417 0.720313 0.287500 0.717187 0.291667 0.714063 0.293750 0.710938 0.297917 0.712500 0.304167 0.714063 0.308333 0.717187 0.308333 0.720313 0.308333 0.721875 0.306250 0.726562 0.302083 0.731250 0.300000 0.734375 0.297917 0.739062 0.295833 0.742188 0.293750 0.742188 0.291667 0.745313 0.285417 0.745313 0.279167 0.745313 0.275000 0.742188 0.275000
2 0.771875 0.447917 0.756250 0.466667 0.743750 0.479167 0.739062 0.481250 0.737500 0.485417 0.737500 0.487500 0.742188 0.489583 0.746875 0.493750 0.751563 0.493750 0.754687 0.491667 0.759375 0.487500 0.764062 0.481250 0.767188 0.479167 0.770312 0.477083 0.773438 0.472917 0.778125 0.470833 0.782813 0.464583 0.787500 0.460417 0.787500 0.454167 0.782813 0.454167 0.776563 0.454167 0.771875 0.452083 0.767188 0.447917
2 0.818750 0.293750 0.814063 0.295833 0.809375 0.295833 0.803125 0.295833 0.800000 0.297917 0.796875 0.302083 0.796875 0.308333 0.795312 0.312500 0.793750 0.314583 0.793750 0.318750 0.798438 0.318750 0.803125 0.318750 0.806250 0.318750 0.809375 0.318750 0.814063 0.314583 0.817187 0.314583 0.820312 0.308333 0.821875 0.304167 0.825000 0.302083 0.828125 0.300000 0.829688 0.295833 0.829688 0.291667 0.825000 0.291667 0.821875 0.291667
2 0.853125 0.387500 0.845313 0.387500 0.839063 0.387500 0.832812 0.391667 0.829688 0.393750 0.821875 0.400000 0.817187 0.404167 0.812500 0.408333 0.806250 0.410417 0.809375 0.416667 0.812500 0.420833 0.815625 0.425000 0.818750 0.429167 0.823438 0.429167 0.829688 0.425000 0.835938 0.420833 0.839063 0.412500 0.842187 0.406250 0.848437 0.404167 0.851562 0.400000 0.851562 0.391667 0.846875 0.387500
2 0.900000 0.339583 0.893750 0.341667 0.881250 0.347917 0.878125 0.350000 0.870313 0.352083 0.865625 0.354167 0.864062 0.360417 0.860938 0.364583 0.859375 0.375000 0.860938 0.379167 0.864062 0.379167 0.870313 0.379167 0.875000 0.377083 0.878125 0.372917 0.884375 0.368750 0.890625 0.364583 0.893750 0.360417 0.896875 0.356250 0.903125 0.354167 0.906250 0.350000 0.903125 0.345833
2 0.946875 0.300000 0.940625 0.302083 0.935937 0.308333 0.932813 0.310417 0.929688 0.314583 0.926562 0.318750 0.923438 0.322917 0.921875 0.325000 0.925000 0.327083 0.928125 0.331250 0.932813 0.331250 0.939063 0.329167 0.943750 0.327083 0.948438 0.322917 0.953125 0.320833 0.956250 0.318750 0.959375 0.314583 0.960938 0.310417 0.959375 0.306250 0.957812 0.302083 0.953125 0.300000 0.946875 0.300000
2 0.853125 0.516667 0.845313 0.516667 0.837500 0.516667 0.831250 0.516667 0.825000 0.512500 0.818750 0.510417 0.809375 0.508333 0.804688 0.504167 0.800000 0.508333 0.798438 0.516667 0.803125 0.520833 0.807813 0.520833 0.815625 0.525000 0.823438 0.527083 0.829688 0.527083 0.835938 0.529167 0.843750 0.533333 0.851562 0.533333 0.857812 0.529167 0.860938 0.520833 0.857812 0.516667
2 0.981250 0.541667 0.965625 0.539583 0.953125 0.537500 0.946875 0.537500 0.940625 0.537500 0.935937 0.537500 0.928125 0.537500 0.923438 0.535417 0.918750 0.537500 0.918750 0.545833 0.923438 0.550000 0.932813 0.547917 0.940625 0.547917 0.945312 0.550000 0.951562 0.550000 0.957812 0.552083 0.960938 0.554167 0.967187 0.556250 0.975000 0.558333 0.979688 0.554167 0.982812 0.550000 0.979688 0.543750
2 1.000000 0.718750 0.990625 0.718750 0.985938 0.718750 0.979688 0.718750 0.975000 0.722917 0.970313 0.725000 0.965625 0.733333 0.964063 0.739583 0.967187 0.745833 0.970313 0.750000 0.975000 0.752083 0.981250 0.754167 0.987500 0.756250 0.990625 0.758333 0.996875 0.760417 1.000000 0.756250 1.000000 0.747917 0.998437 0.739583 0.998437 0.733333 0.998437 0.722917 0.996875 0.718750 0.996875 0.712500
2 0.875000 0.689583 0.864062 0.685417 0.856250 0.681250 0.848437 0.679167 0.839063 0.675000 0.831250 0.670833 0.820312 0.670833 0.809375 0.670833 0.806250 0.679167 0.800000 0.689583 0.804688 0.693750 0.812500 0.697917 0.820312 0.702083 0.829688 0.706250 0.839063 0.708333 0.846875 0.712500 0.854688 0.714583 0.864062 0.716667 0.875000 0.716667 0.876563 0.706250 0.878125 0.693750
2 0.739062 0.652083 0.726562 0.645833 0.718750 0.641667 0.709375 0.637500 0.700000 0.633333 0.692187 0.629167 0.679688 0.625000 0.670312 0.625000 0.660937 0.625000 0.657813 0.633333 0.657813 0.643750 0.664062 0.650000 0.673438 0.654167 0.679688 0.658333 0.690625 0.662500 0.700000 0.666667 0.709375 0.668750 0.717187 0.672917 0.728125 0.672917 0.734375 0.668750 0.739062 0.658333
2 0.596875 0.839583 0.585938 0.833333 0.573438 0.825000 0.560937 0.818750 0.553125 0.810417 0.543750 0.804167 0.534375 0.804167 0.523438 0.804167 0.515625 0.808333 0.509375 0.814583 0.506250 0.820833 0.515625 0.829167 0.525000 0.835417 0.534375 0.841667 0.540625 0.845833 0.548438 0.852083 0.556250 0.856250 0.565625 0.860417 0.573438 0.860417 0.581250 0.852083 0.589063 0.843750 0.593750 0.839583
2 0.742188 0.933333 0.725000 0.918750 0.712500 0.910417 0.703125 0.904167 0.692187 0.897917 0.682813 0.893750 0.673438 0.891667 0.665625 0.893750 0.657813 0.897917 0.653125 0.908333 0.653125 0.920833 0.657813 0.929167 0.667188 0.935417 0.676562 0.941667 0.687500 0.947917 0.700000 0.956250 0.712500 0.960417 0.721875 0.964583 0.732812 0.960417 0.739062 0.952083 0.742188 0.939583
2 0.407813 0.764583 0.398438 0.764583 0.390625 0.766667 0.382812 0.770833 0.370312 0.775000 0.360938 0.779167 0.356250 0.785417 0.351562 0.793750 0.350000 0.804167 0.348438 0.814583 0.353125 0.818750 0.362500 0.818750 0.367188 0.814583 0.376563 0.808333 0.385937 0.804167 0.395313 0.797917 0.406250 0.791667 0.412500 0.787500 0.415625 0.779167 0.418750 0.770833 0.414062 0.764583 0.406250 0.762500
2 0.273438 0.868750 0.256250 0.875000 0.250000 0.879167 0.242188 0.885417 0.237500 0.893750 0.231250 0.902083 0.225000 0.908333 0.218750 0.912500 0.212500 0.920833 0.215625 0.925000 0.223438 0.933333 0.229687 0.937500 0.237500 0.933333 0.248438 0.925000 0.262500 0.914583 0.271875 0.908333 0.276562 0.902083 0.281250 0.895833 0.285938 0.883333 0.287500 0.875000 0.279687 0.875000 0.275000 0.866667
2 0.201563 0.756250 0.192188 0.758333 0.182812 0.760417 0.175000 0.762500 0.168750 0.768750 0.162500 0.775000 0.154688 0.779167 0.148438 0.783333 0.143750 0.789583 0.146875 0.802083 0.148438 0.812500 0.154688 0.808333 0.160938 0.804167 0.168750 0.800000 0.184375 0.791667 0.195312 0.787500 0.201563 0.785417 0.204687 0.779167 0.209375 0.772917 0.214062 0.766667 0.210938 0.762500 0.206250 0.754167
2 0.026562 0.791667 0.023438 0.791667 0.018750 0.791667 0.014063 0.791667 0.009375 0.791667 0.007812 0.795833 0.004687 0.795833 0.001563 0.800000 0.000000 0.804167 0.000000 0.808333 0.000000 0.814583 -0.001563 0.818750 0.000000 0.816667 0.001563 0.814583 0.004687 0.810417 0.007812 0.808333 0.010937 0.804167 0.014063 0.802083 0.017188 0.802083 0.018750 0.800000 0.021875 0.797917 0.023438 0.795833 0.023438 0.789583
2 0.240625 0.637500 0.235937 0.637500 0.228125 0.637500 0.225000 0.637500 0.218750 0.637500 0.214062 0.637500 0.210938 0.641667 0.207813 0.645833 0.204687 0.650000 0.203125 0.656250 0.204687 0.662500 0.209375 0.662500 0.214062 0.662500 0.218750 0.662500 0.225000 0.660417 0.229687 0.658333 0.232813 0.654167 0.234375 0.650000 0.237500 0.645833 0.240625 0.641667 0.240625 0.637500 0.243750 0.633333 0.239063 0.631250
2 0.082812 0.854167 0.068750 0.864583 0.062500 0.866667 0.057813 0.868750 0.054688 0.875000 0.050000 0.881250 0.043750 0.889583 0.039062 0.895833 0.034375 0.900000 0.031250 0.906250 0.034375 0.908333 0.040625 0.908333 0.051562 0.904167 0.057813 0.900000 0.064062 0.895833 0.078125 0.887500 0.085938 0.881250 0.089063 0.875000 0.095312 0.866667 0.098437 0.862500 0.093750 0.860417 0.089063 0.860417 0.084375 0.858333
2 0.031250 0.795833 0.026562 0.793750 0.023438 0.791667 0.020313 0.791667 0.017188 0.791667 0.014063 0.791667 0.009375 0.791667 0.006250 0.791667 0.004687 0.791667 0.001563 0.795833 0.001563 0.800000 0.001563 0.804167 0.001563 0.808333 0.001563 0.812500 0.001563 0.816667 0.001563 0.820833 0.004687 0.822917 0.012500 0.816667 0.020313 0.808333 0.023438 0.808333 0.026562 0.804167 0.026562 0.800000 0.026562 0.795833 0.026562 0.791667
2 0.143750 0.464583 0.145313 0.464583 0.146875 0.464583 0.148438 0.462500 0.148438 0.460417 0.148438 0.460417 0.146875 0.460417 0.143750 0.460417 0.143750 0.460417 0.140625 0.460417 0.140625 0.460417 0.137500 0.460417 0.135937 0.460417 0.134375 0.460417 0.132812 0.460417 0.131250 0.460417 0.131250 0.464583 0.132812 0.464583 0.134375 0.464583 0.135937 0.464583 0.137500 0.464583 0.140625 0.464583 0.140625 0.464583
2 0.178125 0.468750 0.176563 0.468750 0.173437 0.466667 0.171875 0.466667 0.168750 0.466667 0.165625 0.466667 0.164062 0.466667 0.160938 0.468750 0.159375 0.468750 0.157812 0.470833 0.156250 0.472917 0.156250 0.477083 0.154688 0.477083 0.156250 0.477083 0.159375 0.477083 0.160938 0.475000 0.162500 0.472917 0.164062 0.470833 0.165625 0.468750 0.168750 0.468750 0.168750 0.468750
2 0.207813 0.477083 0.204687 0.477083 0.201563 0.477083 0.198437 0.477083 0.195312 0.475000 0.192188 0.472917 0.189062 0.472917 0.185938 0.472917 0.182812 0.477083 0.182812 0.479167 0.182812 0.481250 0.185938 0.485417 0.189062 0.487500 0.192188 0.487500 0.195312 0.487500 0.198437 0.487500 0.201563 0.485417 0.203125 0.481250 0.204687 0.477083 0.207813 0.475000 0.207813 0.472917
2 0.237500 0.485417 0.235937 0.485417 0.232813 0.485417 0.231250 0.485417 0.228125 0.485417 0.225000 0.485417 0.223438 0.485417 0.221875 0.487500 0.220312 0.489583 0.218750 0.491667 0.218750 0.493750 0.220312 0.493750 0.223438 0.493750 0.225000 0.495833 0.228125 0.495833 0.229687 0.497917 0.231250 0.500000 0.234375 0.500000 0.234375 0.495833 0.234375 0.493750 0.235937 0.489583 0.237500 0.487500 0.237500 0.485417
2 0.279687 0.500000 0.275000 0.497917 0.273438 0.495833 0.270313 0.493750 0.267188 0.493750 0.262500 0.493750 0.262500 0.495833 0.259375 0.500000 0.257812 0.502083 0.256250 0.504167 0.254688 0.506250 0.256250 0.510417 0.257812 0.512500 0.259375 0.510417 0.262500 0.510417 0.265625 0.508333 0.267188 0.506250 0.270313 0.506250 0.273438 0.504167 0.275000 0.504167 0.276562 0.502083
1 0.356250 0.520833 0.353125 0.520833 0.350000 0.520833 0.346875 0.520833 0.345313 0.520833 0.343750 0.518750 0.340625 0.518750 0.337500 0.518750 0.335938 0.518750 0.334375 0.520833 0.335938 0.525000 0.335938 0.527083 0.337500 0.529167 0.339062 0.531250 0.342187 0.533333 0.345313 0.533333 0.346875 0.533333 0.350000 0.533333 0.350000 0.531250 0.353125 0.529167 0.354687 0.527083 0.353125 0.525000 0.353125 0.522917 0.350000 0.522917
1 0.293750 0.504167 0.290625 0.504167 0.289062 0.504167 0.287500 0.504167 0.284375 0.504167 0.282813 0.502083 0.279687 0.502083 0.276562 0.502083 0.276562 0.504167 0.275000 0.508333 0.275000 0.510417 0.276562 0.512500 0.276562 0.514583 0.279687 0.514583 0.282813 0.514583 0.284375 0.514583 0.287500 0.514583 0.290625 0.514583 0.293750 0.514583 0.296875 0.514583 0.298438 0.512500 0.298438 0.510417 0.296875 0.508333 0.295312 0.506250 0.295312 0.504167
1 0.257812 0.491667 0.253125 0.489583 0.251563 0.487500 0.248438 0.487500 0.245312 0.487500 0.242188 0.489583 0.239063 0.489583 0.237500 0.491667 0.234375 0.493750 0.232813 0.497917 0.235937 0.502083 0.237500 0.504167 0.240625 0.504167 0.243750 0.504167 0.246875 0.504167 0.250000 0.504167 0.253125 0.502083 0.256250 0.500000 0.257812 0.500000 0.262500 0.493750 0.262500 0.493750
1 0.220312 0.477083 0.217188 0.477083 0.214062 0.477083 0.210938 0.477083 0.209375 0.477083 0.207813 0.479167 0.206250 0.481250 0.204687 0.485417 0.203125 0.485417 0.201563 0.489583 0.203125 0.493750 0.203125 0.493750 0.204687 0.495833 0.207813 0.497917 0.210938 0.500000 0.212500 0.500000 0.214062 0.497917 0.215625 0.493750 0.217188 0.489583 0.218750 0.487500 0.218750 0.485417 0.220312 0.481250 0.220312 0.481250 0.221875 0.479167
1 0.182812 0.464583 0.179688 0.464583 0.176563 0.464583 0.173437 0.464583 0.171875 0.464583 0.168750 0.466667 0.167187 0.466667 0.165625 0.468750 0.165625 0.472917 0.165625 0.477083 0.168750 0.479167 0.170313 0.479167 0.173437 0.479167 0.176563 0.479167 0.178125 0.479167 0.181250 0.479167 0.182812 0.477083 0.184375 0.477083 0.185938 0.472917 0.185938 0.468750 0.185938 0.464583 0.182812 0.464583 0.182812 0.462500
1 0.164062 0.460417 0.160938 0.460417 0.159375 0.460417 0.156250 0.460417 0.153125 0.460417 0.150000 0.460417 0.148438 0.462500 0.148438 0.464583 0.148438 0.468750 0.148438 0.470833 0.150000 0.472917 0.150000 0.475000 0.153125 0.477083 0.153125 0.477083 0.154688 0.472917 0.156250 0.470833 0.156250 0.468750 0.156250 0.466667 0.157812 0.464583 0.160938 0.464583
6 0.875000 0.989583 0.826562 0.964583 0.784375 0.947917 0.725000 0.920833 0.664062 0.881250 0.628125 0.852083 0.606250 0.835417 0.560937 0.814583 0.518750 0.795833 0.482812 0.768750 0.448437 0.775000 0.470313 0.806250 0.515625 0.827083 0.553125 0.858333 0.585938 0.883333 0.625000 0.916667 0.678125 0.941667 0.720313 0.956250 0.757812 0.975000 0.817187 1.002083 0.870313 0.981250
6 0.418750 0.764583 0.362500 0.779167 0.334375 0.804167 0.315625 0.827083 0.292187 0.850000 0.271875 0.875000 0.250000 0.891667 0.210938 0.920833 0.187500 0.943750 0.162500 0.960417 0.135937 0.981250 0.145313 0.993750 0.168750 0.981250 0.198437 0.964583 0.226562 0.943750 0.262500 0.912500 0.307812 0.879167 0.337500 0.854167 0.360938 0.831250 0.406250 0.785417 0.421875 0.760417
6 0.276562 0.697917 0.229687 0.720833 0.207813 0.733333 0.185938 0.754167 0.165625 0.779167 0.146875 0.791667 0.121875 0.812500 0.098437 0.831250 0.068750 0.858333 0.031250 0.891667 0.007812 0.912500 -0.001563 0.927083 0.017188 0.927083 0.046875 0.906250 0.079687 0.879167 0.131250 0.835417 0.182812 0.795833 0.210938 0.768750 0.256250 0.735417 0.282813 0.716667 0.271875 0.697917
6 0.250000 0.610417 0.242188 0.620833 0.231250 0.629167 0.221875 0.633333 0.214062 0.639583 0.206250 0.645833 0.198437 0.654167 0.195312 0.662500 0.201563 0.662500 0.210938 0.662500 0.221875 0.662500 0.237500 0.652083 0.250000 0.639583 0.253125 0.633333 0.257812 0.627083 0.256250 0.620833 0.253125 0.612500 0.250000 0.606250 0.246875 0.600000 0.243750 0.595833 0.240625 0.600000 0.237500 0.606250 0.235937 0.616667
6 0.098437 0.722917 0.084375 0.733333 0.056250 0.747917 0.043750 0.754167 0.035937 0.762500 0.031250 0.770833 0.023438 0.777083 0.010937 0.789583 0.001563 0.795833 -0.001563 0.804167 -0.001563 0.814583 0.004687 0.814583 0.017188 0.806250 0.026562 0.797917 0.040625 0.783333 0.051562 0.775000 0.071875 0.762500 0.085938 0.752083 0.093750 0.745833 0.100000 0.739583 0.103125 0.735417 0.098437 0.722917
6 0.298438 0.502083 0.265625 0.491667 0.250000 0.487500 0.231250 0.481250 0.217188 0.472917 0.196875 0.466667 0.179688 0.460417 0.160938 0.454167 0.140625 0.454167 0.131250 0.460417 0.146875 0.470833 0.165625 0.472917 0.181250 0.477083 0.196875 0.487500 0.214062 0.491667 0.229687 0.495833 0.243750 0.504167 0.259375 0.510417 0.276562 0.518750 0.295312 0.520833 0.300000 0.508333
6 0.356250 0.520833 0.351562 0.516667 0.345313 0.512500 0.342187 0.510417 0.339062 0.508333 0.335938 0.508333 0.334375 0.508333 0.331250 0.508333 0.329688 0.510417 0.329688 0.516667 0.329688 0.520833 0.329688 0.525000 0.331250 0.525000 0.332813 0.527083 0.334375 0.531250 0.335938 0.533333 0.337500 0.537500 0.340625 0.537500 0.343750 0.537500 0.346875 0.535417 0.350000 0.533333 0.351562 0.533333 0.354687 0.529167 0.356250 0.525000 0.357812 0.522917 0.357812 0.520833 0.357812 0.516667
6 0.990625 0.712500 0.931250 0.702083 0.898438 0.691667 0.870313 0.683333 0.839063 0.670833 0.787500 0.656250 0.742188 0.639583 0.700000 0.618750 0.657813 0.608333 0.609375 0.602083 0.612500 0.629167 0.657813 0.650000 0.709375 0.660417 0.740625 0.677083 0.789062 0.695833 0.832812 0.712500 0.896875 0.727083 0.935937 0.735417 0.978125 0.745833 0.996875 0.729167 0.984375 0.710417
6 0.992188 0.535417 0.940625 0.527083 0.915625 0.520833 0.890625 0.516667 0.870313 0.510417 0.848437 0.510417 0.831250 0.508333 0.812500 0.506250 0.793750 0.500000 0.773438 0.493750 0.746875 0.485417 0.731250 0.491667 0.734375 0.512500 0.764062 0.514583 0.796875 0.527083 0.845313 0.541667 0.878125 0.550000 0.926562 0.560417 0.971875 0.566667 1.009375 0.564583 0.995313 0.537500
6 0.950000 0.297917 0.915625 0.325000 0.885938 0.347917 0.860938 0.368750 0.837500 0.385417 0.814063 0.408333 0.793750 0.425000 0.773438 0.447917 0.751563 0.464583 0.737500 0.487500 0.760938 0.489583 0.778125 0.464583 0.801562 0.441667 0.825000 0.416667 0.851562 0.400000 0.871875 0.387500 0.887500 0.375000 0.918750 0.350000 0.937500 0.333333 0.959375 0.316667 0.956250 0.297917
6 0.842187 0.266667 0.804688 0.297917 0.787500 0.314583 0.767188 0.331250 0.731250 0.360417 0.706250 0.379167 0.682813 0.395833 0.654687 0.410417 0.629687 0.431250 0.612500 0.441667 0.601562 0.460417 0.620313 0.464583 0.651563 0.437500 0.682813 0.412500 0.707812 0.391667 0.734375 0.372917 0.759375 0.354167 0.781250 0.341667 0.801562 0.327083 0.821875 0.310417 0.840625 0.291667
6 0.748437 0.270833 0.734375 0.279167 0.723437 0.285417 0.709375 0.295833 0.696875 0.314583 0.682813 0.331250 0.667188 0.347917 0.657813 0.356250 0.643750 0.366667 0.635938 0.375000 0.637500 0.375000 0.657813 0.366667 0.670312 0.360417 0.687500 0.350000 0.696875 0.339583 0.712500 0.327083 0.721875 0.322917 0.735938 0.312500 0.742188 0.302083 0.746875 0.295833 0.750000 0.285417 0.746875 0.275000
6 0.485938 0.460417 0.445312 0.445833 0.410938 0.435417 0.376563 0.420833 0.346875 0.418750 0.318750 0.412500 0.292187 0.404167 0.270313 0.393750 0.237500 0.387500 0.217188 0.381250 0.218750 0.395833 0.235937 0.408333 0.256250 0.412500 0.278125 0.414583 0.306250 0.420833 0.343750 0.425000 0.379688 0.439583 0.410938 0.447917 0.446875 0.450000 0.470313 0.454167 0.489063 0.458333
7 0.428125 0.650000 0.395313 0.675000 0.384375 0.683333 0.385937 0.700000 0.392188 0.710417 0.401562 0.718750 0.409375 0.727083 0.425000 0.735417 0.443750 0.750000 0.460938 0.762500 0.468750 0.772917 0.476562 0.775000 0.490625 0.758333 0.503125 0.752083 0.510938 0.739583 0.510938 0.725000 0.503125 0.710417 0.484375 0.693750 0.467187 0.679167 0.450000 0.666667 0.434375 0.662500 0.421875 0.654167
