1 0.179688 0.719792 0.100000 0.047917
1 0.437500 0.697917 0.109375 0.041667
1 0.675000 0.669792 0.128125 0.022917
1 0.868750 0.643750 0.100000 0.037500
1 0.995313 0.600000 0.987500 0.600000 0.981250 0.604167 0.975000 0.604167 0.975000 0.606250 0.975000 0.610417 0.975000 0.612500 0.975000 0.618750 0.975000 0.622917 0.975000 0.625000 0.975000 0.631250 0.975000 0.631250 0.978125 0.637500 0.978125 0.641667 0.981250 0.643750 0.984375 0.643750 0.987500 0.643750 0.990625 0.643750 0.995313 0.643750 0.996875 0.643750 1.000000 0.643750 1.003125 0.641667
1 0.071875 0.318750 0.065625 0.312500 0.062500 0.312500 0.056250 0.312500 0.053125 0.318750 0.048438 0.322917 0.043750 0.325000 0.043750 0.331250 0.040625 0.335417 0.037500 0.343750 0.037500 0.350000 0.040625 0.356250 0.046875 0.356250 0.050000 0.356250 0.056250 0.356250 0.059375 0.347917 0.062500 0.343750 0.068750 0.337500 0.068750 0.331250 0.071875 0.325000
1 0.003125 0.397917 0.001563 0.404167 0.000000 0.406250 -0.003125 0.412500 -0.003125 0.418750 -0.003125 0.425000 0.000000 0.431250 0.001563 0.437500 0.003125 0.443750 0.006250 0.437500 0.014063 0.431250 0.017188 0.425000 0.021875 0.422917 0.025000 0.418750 0.025000 0.412500 0.025000 0.406250 0.021875 0.404167 0.017188 0.400000 0.012500 0.397917 0.006250 0.397917
1 0.096875 0.237500 0.093750 0.243750 0.092188 0.250000 0.090625 0.254167 0.089063 0.260417 0.087500 0.266667 0.087500 0.268750 0.089063 0.275000 0.092188 0.275000 0.096875 0.275000 0.100000 0.272917 0.106250 0.268750 0.109375 0.268750 0.112500 0.266667 0.112500 0.262500 0.112500 0.254167 0.112500 0.254167 0.109375 0.250000 0.107813 0.243750 0.103125 0.243750 0.096875 0.243750 0.093750 0.243750 0.090625 0.243750
1 0.131250 0.200000 0.128125 0.200000 0.123438 0.200000 0.118750 0.204167 0.112500 0.206250 0.109375 0.206250 0.109375 0.212500 0.109375 0.218750 0.112500 0.218750 0.117188 0.222917 0.123438 0.222917 0.125000 0.222917 0.129688 0.225000 0.134375 0.225000 0.134375 0.218750 0.140625 0.218750 0.140625 0.212500 0.140625 0.206250 0.137500 0.204167 0.134375 0.200000 0.131250 0.200000
2 0.305469 0.712500 0.148438 0.037500
2 0.550000 0.694792 0.109375 0.047917
2 0.778125 0.657292 0.078125 0.031250
2 0.906250 0.618750 0.909375 0.641667 0.915625 0.650000 0.915625 0.656250 0.918750 0.660417 0.928125 0.656250 0.950000 0.650000 0.978125 0.637500 0.981250 0.631250 0.978125 0.625000 0.975000 0.618750 0.971875 0.612500 0.965625 0.606250 0.960938 0.606250 0.950000 0.604167 0.940625 0.604167 0.934375 0.604167 0.921875 0.610417 0.912500 0.610417 0.907813 0.612500 0.903125 0.616667
2 0.123438 0.231250 0.118750 0.231250 0.115625 0.229167 0.112500 0.229167 0.109375 0.225000 0.106250 0.225000 0.104688 0.225000 0.100000 0.229167 0.096875 0.231250 0.093750 0.235417 0.093750 0.237500 0.096875 0.241667 0.096875 0.243750 0.100000 0.243750 0.100000 0.247917 0.104688 0.250000 0.106250 0.250000 0.109375 0.250000 0.112500 0.250000 0.115625 0.250000 0.117188 0.243750 0.118750 0.241667 0.118750 0.237500 0.118750 0.231250
2 0.076563 0.275000 0.068750 0.281250 0.056250 0.291667 0.053125 0.293750 0.056250 0.300000 0.057813 0.304167 0.059375 0.306250 0.059375 0.312500 0.062500 0.318750 0.068750 0.318750 0.071875 0.322917 0.078125 0.322917 0.084375 0.322917 0.089063 0.318750 0.090625 0.312500 0.092188 0.306250 0.090625 0.300000 0.089063 0.293750 0.089063 0.285417 0.087500 0.279167 0.081250 0.275000 0.078125 0.275000
2 0.031250 0.356250 0.023438 0.368750 0.018750 0.372917 0.015625 0.375000 0.014063 0.381250 0.014063 0.391667 0.017188 0.393750 0.020313 0.400000 0.025000 0.400000 0.028125 0.404167 0.034375 0.404167 0.040625 0.400000 0.042188 0.393750 0.043750 0.387500 0.043750 0.381250 0.043750 0.375000 0.046875 0.366667 0.046875 0.360417 0.046875 0.350000 0.043750 0.347917 0.037500 0.347917
6 0.996875 0.579167 0.906250 0.600000 0.796875 0.604167 0.714063 0.610417 0.640625 0.625000 0.550000 0.637500 0.473438 0.641667 0.378125 0.643750 0.232813 0.637500 0.121875 0.668750 0.100000 0.731250 0.156250 0.768750 0.275000 0.762500 0.428125 0.750000 0.562500 0.731250 0.673438 0.710417 0.768750 0.693750 0.885938 0.691667 0.965625 0.668750 1.009375 0.625000 0.995313 0.579167
6 0.000000 0.468750 0.032813 0.435417 0.057813 0.406250 0.075000 0.381250 0.092188 0.356250 0.106250 0.322917 0.125000 0.281250 0.150000 0.231250 0.154688 0.193750 0.137500 0.187500 0.117188 0.193750 0.093750 0.218750 0.075000 0.241667 0.059375 0.266667 0.043750 0.293750 0.032813 0.318750 0.020313 0.341667 0.006250 0.362500 0.000000 0.387500 0.000000 0.412500 0.003125 0.443750
7 0.200000 0.950000 0.131250 0.912500 0.090625 0.897917 0.028125 0.893750 0.006250 0.893750 0.000000 0.912500 0.000000 0.931250 0.003125 0.943750 0.006250 0.960417 0.012500 0.975000 0.018750 0.991667 0.050000 1.000000 0.065625 1.000000 0.100000 1.000000 0.121875 1.000000 0.150000 1.006250 0.171875 1.006250 0.184375 1.000000 0.192188 0.981250 0.193750 0.966667 0.196875 0.943750
4 0.978125 0.137500 0.959375 0.137500 0.948438 0.137500 0.937500 0.137500 0.928125 0.137500 0.918750 0.141667 0.914062 0.145833 0.910937 0.154167 0.910937 0.160417 0.914062 0.170833 0.920312 0.177083 0.931250 0.183333 0.942187 0.185417 0.953125 0.185417 0.965625 0.183333 0.973437 0.183333 0.982812 0.181250 0.982812 0.170833 0.982812 0.162500 0.982812 0.147917 0.982812 0.139583 0.979688 0.131250
