7 0.293750 0.143750 0.279687 0.145833 0.267188 0.150000 0.264062 0.160417 0.262500 0.179167 0.262500 0.193750 0.262500 0.210417 0.264062 0.227083 0.267188 0.243750 0.271875 0.254167 0.282813 0.256250 0.290625 0.252083 0.295312 0.239583 0.295312 0.225000 0.290625 0.212500 0.281250 0.210417 0.275000 0.200000 0.282813 0.193750 0.290625 0.185417 0.290625 0.170833 0.290625 0.156250 0.289062 0.143750
7 0.267188 0.239583 0.251563 0.237500 0.240625 0.237500 0.226562 0.235417 0.214062 0.235417 0.203125 0.233333 0.192188 0.239583 0.187500 0.250000 0.190625 0.262500 0.195312 0.277083 0.201563 0.285417 0.212500 0.287500 0.217188 0.277083 0.221875 0.264583 0.231250 0.260417 0.235937 0.277083 0.246875 0.279167 0.257812 0.277083 0.262500 0.268750 0.265625 0.254167 0.265625 0.239583
7 0.320312 0.583333 0.307812 0.575000 0.298438 0.570833 0.293750 0.581250 0.289062 0.593750 0.287500 0.608333 0.284375 0.625000 0.284375 0.639583 0.284375 0.656250 0.284375 0.670833 0.290625 0.677083 0.303125 0.679167 0.312500 0.672917 0.318750 0.662500 0.317188 0.650000 0.314063 0.637500 0.307812 0.633333 0.300000 0.625000 0.304688 0.616667 0.315625 0.612500 0.320312 0.602083 0.320312 0.589583
7 0.573438 0.535417 0.568750 0.522917 0.559375 0.520833 0.548438 0.522917 0.542188 0.533333 0.539062 0.520833 0.531250 0.510417 0.520312 0.510417 0.510938 0.516667 0.510938 0.531250 0.510938 0.547917 0.514062 0.558333 0.523438 0.560417 0.531250 0.564583 0.543750 0.568750 0.556250 0.568750 0.567187 0.566667 0.575000 0.560417 0.579688 0.550000 0.576562 0.537500 0.570312 0.527083
7 0.168750 0.602083 0.150000 0.625000 0.120313 0.637500 0.092188 0.664583 0.059375 0.685417 0.040625 0.700000 0.034375 0.722917 0.040625 0.745833 0.054688 0.764583 0.064062 0.787500 0.079687 0.800000 0.100000 0.787500 0.126562 0.775000 0.148438 0.764583 0.176563 0.754167 0.200000 0.737500 0.221875 0.712500 0.214062 0.677083 0.196875 0.652083 0.181250 0.625000 0.165625 0.597917
7 0.229687 0.731250 0.206250 0.733333 0.185938 0.745833 0.168750 0.760417 0.148438 0.777083 0.132812 0.791667 0.125000 0.814583 0.134375 0.841667 0.148438 0.862500 0.164062 0.879167 0.181250 0.887500 0.198437 0.883333 0.217188 0.866667 0.231250 0.852083 0.248438 0.831250 0.267188 0.810417 0.270313 0.791667 0.259375 0.777083 0.246875 0.762500 0.231250 0.747917 0.221875 0.731250
7 0.290625 0.885417 0.270313 0.885417 0.250000 0.885417 0.231250 0.885417 0.214062 0.885417 0.198437 0.889583 0.200000 0.906250 0.200000 0.929167 0.200000 0.947917 0.203125 0.966667 0.207813 0.981250 0.220312 0.985417 0.235937 0.981250 0.250000 0.977083 0.262500 0.975000 0.279687 0.970833 0.295312 0.966667 0.300000 0.950000 0.300000 0.929167 0.296875 0.908333 0.292187 0.889583
4 0.439063 0.214583 0.425000 0.216667 0.409375 0.216667 0.393750 0.216667 0.376563 0.216667 0.373437 0.229167 0.371875 0.250000 0.370312 0.264583 0.370312 0.283333 0.370312 0.302083 0.370312 0.318750 0.379688 0.314583 0.392188 0.312500 0.404687 0.312500 0.417187 0.312500 0.429688 0.310417 0.439063 0.304167 0.442188 0.287500 0.442188 0.270833 0.442188 0.254167 0.442188 0.237500 0.439063 0.225000
4 0.571875 0.331250 0.556250 0.331250 0.543750 0.331250 0.531250 0.335417 0.520312 0.345833 0.515625 0.354167 0.515625 0.372917 0.517188 0.389583 0.520312 0.408333 0.523438 0.420833 0.529687 0.427083 0.540625 0.422917 0.553125 0.422917 0.564063 0.418750 0.575000 0.414583 0.584375 0.410417 0.585938 0.395833 0.581250 0.381250 0.576562 0.366667 0.575000 0.347917 0.571875 0.333333
4 0.462500 0.466667 0.448437 0.466667 0.434375 0.466667 0.417187 0.468750 0.404687 0.470833 0.392188 0.479167 0.393750 0.493750 0.395313 0.506250 0.396875 0.522917 0.398438 0.539583 0.398438 0.554167 0.403125 0.564583 0.417187 0.564583 0.428125 0.564583 0.440625 0.558333 0.451562 0.558333 0.465625 0.554167 0.465625 0.537500 0.462500 0.518750 0.459375 0.500000 0.459375 0.481250 0.459375 0.464583
4 0.353125 0.318750 0.340625 0.318750 0.323437 0.318750 0.309375 0.318750 0.295312 0.322917 0.292187 0.331250 0.292187 0.352083 0.289062 0.368750 0.289062 0.389583 0.289062 0.408333 0.298438 0.418750 0.310937 0.420833 0.328125 0.420833 0.342187 0.420833 0.356250 0.420833 0.367188 0.412500 0.364063 0.395833 0.362500 0.379167 0.360938 0.362500 0.360938 0.343750 0.360938 0.325000 0.348438 0.318750
8 0.250000 0.333333 0.231250 0.333333 0.215625 0.331250 0.198437 0.331250 0.181250 0.331250 0.162500 0.331250 0.145313 0.331250 0.140625 0.345833 0.137500 0.362500 0.137500 0.385417 0.148438 0.395833 0.165625 0.395833 0.181250 0.395833 0.198437 0.395833 0.214062 0.400000 0.231250 0.400000 0.248438 0.400000 0.257812 0.387500 0.259375 0.366667 0.259375 0.341667 0.250000 0.331250
