7 0.095312 0.579167 0.071875 0.587500 0.046875 0.600000 0.023438 0.612500 0.018750 0.637500 0.014063 0.656250 0.028125 0.679167 0.042188 0.693750 0.051562 0.720833 0.070312 0.725000 0.092188 0.712500 0.112500 0.702083 0.135937 0.689583 0.157812 0.677083 0.173437 0.654167 0.171875 0.625000 0.159375 0.589583 0.145313 0.558333 0.123438 0.554167 0.103125 0.564583 0.087500 0.583333
7 0.187500 0.662500 0.170313 0.666667 0.150000 0.679167 0.132812 0.700000 0.115625 0.716667 0.100000 0.731250 0.092188 0.745833 0.100000 0.764583 0.107813 0.789583 0.118750 0.808333 0.129688 0.818750 0.146875 0.822917 0.162500 0.812500 0.178125 0.791667 0.196875 0.770833 0.214062 0.750000 0.229687 0.727083 0.223438 0.714583 0.210938 0.697917 0.196875 0.679167 0.185938 0.662500
7 0.246875 0.825000 0.228125 0.825000 0.214062 0.825000 0.196875 0.825000 0.181250 0.825000 0.170313 0.829167 0.165625 0.841667 0.164062 0.858333 0.164062 0.875000 0.164062 0.891667 0.167187 0.906250 0.179688 0.908333 0.192188 0.908333 0.206250 0.906250 0.221875 0.902083 0.240625 0.900000 0.254688 0.895833 0.259375 0.883333 0.257812 0.864583 0.254688 0.847917 0.250000 0.835417
7 0.525000 0.466667 0.510938 0.466667 0.498437 0.466667 0.493750 0.477083 0.487500 0.466667 0.479687 0.456250 0.467187 0.456250 0.454688 0.456250 0.450000 0.468750 0.448437 0.483333 0.448437 0.500000 0.457813 0.504167 0.467187 0.510417 0.475000 0.518750 0.485938 0.516667 0.492188 0.508333 0.503125 0.504167 0.515625 0.504167 0.521875 0.493750 0.521875 0.477083 0.520312 0.462500
7 0.235937 0.131250 0.226562 0.131250 0.217188 0.135417 0.217188 0.150000 0.215625 0.160417 0.214062 0.172917 0.214062 0.185417 0.214062 0.200000 0.215625 0.212500 0.221875 0.220833 0.232813 0.216667 0.243750 0.216667 0.248438 0.206250 0.246875 0.191667 0.242188 0.185417 0.234375 0.179167 0.231250 0.168750 0.240625 0.166667 0.245312 0.156250 0.245312 0.143750 0.240625 0.131250
7 0.198437 0.204167 0.189062 0.204167 0.178125 0.204167 0.168750 0.204167 0.159375 0.204167 0.150000 0.206250 0.148438 0.216667 0.150000 0.229167 0.154688 0.237500 0.162500 0.243750 0.173437 0.243750 0.176563 0.233333 0.185938 0.233333 0.190625 0.239583 0.196875 0.245833 0.206250 0.245833 0.215625 0.243750 0.220312 0.233333 0.220312 0.220833 0.214062 0.212500 0.206250 0.208333 0.196875 0.206250
4 0.346875 0.166667 0.335938 0.166667 0.323437 0.166667 0.310937 0.166667 0.298438 0.166667 0.289062 0.172917 0.285938 0.185417 0.284375 0.200000 0.282813 0.216667 0.281250 0.235417 0.282813 0.250000 0.295312 0.250000 0.307812 0.250000 0.321875 0.245833 0.335938 0.245833 0.348438 0.243750 0.351562 0.231250 0.350000 0.216667 0.348438 0.200000 0.348438 0.183333 0.346875 0.170833
4 0.479687 0.264583 0.462500 0.268750 0.450000 0.270833 0.437500 0.275000 0.426563 0.277083 0.425000 0.289583 0.425000 0.306250 0.425000 0.322917 0.428125 0.337500 0.434375 0.347917 0.439063 0.356250 0.453125 0.358333 0.462500 0.352083 0.470313 0.347917 0.482812 0.345833 0.492188 0.341667 0.495312 0.331250 0.493750 0.314583 0.490625 0.300000 0.485938 0.281250 0.482812 0.266667
4 0.275000 0.264583 0.262500 0.264583 0.248438 0.264583 0.234375 0.266667 0.221875 0.270833 0.214062 0.275000 0.214062 0.289583 0.214062 0.306250 0.210938 0.325000 0.210938 0.341667 0.214062 0.352083 0.229687 0.354167 0.242188 0.354167 0.256250 0.354167 0.267188 0.356250 0.275000 0.345833 0.275000 0.331250 0.275000 0.314583 0.275000 0.297917 0.275000 0.281250 0.275000 0.264583
4 0.373437 0.402083 0.362500 0.400000 0.351562 0.400000 0.339062 0.400000 0.328125 0.400000 0.317188 0.400000 0.315625 0.406250 0.315625 0.422917 0.315625 0.439583 0.314063 0.452083 0.314063 0.466667 0.317188 0.479167 0.328125 0.479167 0.340625 0.479167 0.353125 0.479167 0.367188 0.479167 0.373437 0.475000 0.373437 0.458333 0.373437 0.441667 0.371875 0.427083 0.371875 0.412500 0.370312 0.402083
8 0.123438 0.264583 0.120313 0.281250 0.120313 0.300000 0.120313 0.318750 0.128125 0.327083 0.140625 0.327083 0.157812 0.331250 0.170313 0.333333 0.185938 0.335417 0.201563 0.335417 0.214062 0.333333 0.217188 0.316667 0.217188 0.297917 0.217188 0.277083 0.204687 0.275000 0.190625 0.275000 0.178125 0.270833 0.165625 0.270833 0.150000 0.264583 0.132812 0.264583 0.121875 0.266667
8 0.320312 0.554167 0.303125 0.550000 0.289062 0.547917 0.282813 0.564583 0.282813 0.587500 0.282813 0.608333 0.281250 0.631250 0.279687 0.652083 0.279687 0.672917 0.285938 0.689583 0.301563 0.691667 0.317188 0.691667 0.332813 0.689583 0.332813 0.666667 0.332813 0.645833 0.332813 0.625000 0.332813 0.602083 0.331250 0.577083 0.328125 0.558333 0.318750 0.547917 0.303125 0.547917
7 0.270313 0.510417 0.259375 0.510417 0.250000 0.510417 0.242188 0.514583 0.240625 0.520833 0.239063 0.537500 0.235937 0.554167 0.234375 0.564583 0.234375 0.577083 0.234375 0.591667 0.234375 0.602083 0.239063 0.608333 0.246875 0.608333 0.254688 0.608333 0.262500 0.606250 0.262500 0.595833 0.262500 0.583333 0.259375 0.575000 0.254688 0.570833 0.254688 0.558333 0.257812 0.554167 0.265625 0.554167
