2 0.460938 0.262500 0.450000 0.262500 0.442188 0.262500 0.437500 0.268750 0.437500 0.279167 0.434375 0.287500 0.434375 0.293750 0.434375 0.306250 0.434375 0.318750 0.434375 0.325000 0.434375 0.335417 0.440625 0.337500 0.446875 0.337500 0.456250 0.337500 0.459375 0.335417 0.459375 0.325000 0.460938 0.312500 0.460938 0.304167 0.460938 0.293750 0.460938 0.285417 0.459375 0.275000 0.459375 0.266667 0.460938 0.260417
2 0.454688 0.437500 0.443750 0.443750 0.434375 0.443750 0.431250 0.454167 0.431250 0.468750 0.431250 0.475000 0.431250 0.487500 0.431250 0.500000 0.431250 0.506250 0.431250 0.518750 0.437500 0.518750 0.443750 0.525000 0.450000 0.525000 0.456250 0.518750 0.456250 0.510417 0.456250 0.500000 0.456250 0.487500 0.456250 0.479167 0.456250 0.468750 0.456250 0.456250 0.456250 0.443750 0.454688 0.435417
2 0.450000 0.622917 0.437500 0.622917 0.423438 0.622917 0.418750 0.647917 0.418750 0.687500 0.418750 0.725000 0.418750 0.756250 0.418750 0.779167 0.418750 0.800000 0.418750 0.800000 0.418750 0.779167 0.418750 0.756250 0.418750 0.735417 0.418750 0.718750 0.431250 0.725000 0.443750 0.725000 0.450000 0.712500 0.450000 0.693750 0.453125 0.668750 0.454688 0.647917 0.454688 0.629167
2 0.439063 0.806250 0.428125 0.806250 0.418750 0.806250 0.412500 0.812500 0.410938 0.825000 0.410938 0.837500 0.410938 0.850000 0.410938 0.866667 0.412500 0.875000 0.418750 0.881250 0.421875 0.891667 0.429688 0.893750 0.437500 0.897917 0.440625 0.887500 0.442188 0.868750 0.442188 0.850000 0.442188 0.837500 0.443750 0.812500 0.443750 0.781250 0.439063 0.787500 0.439063 0.800000 0.437500 0.810417
1 0.462500 0.200000 0.456250 0.200000 0.446875 0.200000 0.443750 0.204167 0.440625 0.206250 0.440625 0.218750 0.440625 0.225000 0.440625 0.235417 0.440625 0.243750 0.440625 0.250000 0.440625 0.254167 0.443750 0.262500 0.446875 0.262500 0.454688 0.262500 0.459375 0.260417 0.462500 0.254167 0.462500 0.250000 0.462500 0.243750 0.462500 0.235417 0.462500 0.229167 0.462500 0.218750 0.462500 0.212500 0.462500 0.204167
1 0.460938 0.341667 0.450000 0.341667 0.443750 0.341667 0.434375 0.341667 0.434375 0.354167 0.434375 0.366667 0.434375 0.379167 0.434375 0.393750 0.434375 0.404167 0.434375 0.412500 0.431250 0.425000 0.434375 0.437500 0.442188 0.437500 0.450000 0.431250 0.457813 0.431250 0.460938 0.418750 0.460938 0.406250 0.460938 0.393750 0.460938 0.379167 0.460938 0.362500 0.460938 0.350000 0.460938 0.341667
1 0.450000 0.531250 0.443750 0.531250 0.434375 0.531250 0.429688 0.537500 0.426563 0.550000 0.425000 0.562500 0.425000 0.572917 0.423438 0.585417 0.423438 0.600000 0.423438 0.612500 0.431250 0.618750 0.439063 0.616667 0.446875 0.616667 0.456250 0.612500 0.454688 0.600000 0.453125 0.587500 0.453125 0.572917 0.453125 0.560417 0.450000 0.543750 0.446875 0.531250 0.443750 0.525000
1 0.443750 0.722917 0.434375 0.722917 0.425000 0.725000 0.418750 0.725000 0.418750 0.741667 0.418750 0.756250 0.415625 0.768750 0.415625 0.779167 0.412500 0.791667 0.412500 0.800000 0.418750 0.800000 0.426563 0.804167 0.434375 0.804167 0.440625 0.804167 0.450000 0.800000 0.450000 0.791667 0.450000 0.781250 0.446875 0.775000 0.443750 0.762500 0.443750 0.750000 0.443750 0.737500 0.443750 0.722917
3 0.270313 0.797917 0.278125 0.797917 0.293750 0.804167 0.304688 0.806250 0.312500 0.806250 0.317188 0.806250 0.321875 0.793750 0.321875 0.775000 0.325000 0.754167 0.328125 0.741667 0.329688 0.731250 0.331250 0.718750 0.331250 0.710417 0.332813 0.700000 0.334375 0.693750 0.334375 0.687500 0.337500 0.679167 0.340625 0.672917 0.340625 0.666667 0.335938 0.662500 0.329688 0.662500 0.321875 0.662500 0.312500 0.656250
3 0.312500 0.656250 0.312500 0.656250 0.309375 0.656250 0.309375 0.656250 0.306250 0.656250 0.306250 0.656250 0.306250 0.656250 0.306250 0.656250 0.306250 0.654167 0.304688 0.654167 0.304688 0.654167 0.304688 0.654167 0.301563 0.650000 0.301563 0.650000 0.301563 0.650000 0.301563 0.656250 0.301563 0.656250 0.301563 0.662500 0.301563 0.666667 0.301563 0.666667 0.301563 0.668750 0.301563 0.672917 0.301563 0.675000 0.301563 0.675000 0.301563 0.675000 0.301563 0.679167 0.301563 0.679167 0.301563 0.679167 0.301563 0.681250 0.301563 0.681250 0.300000 0.681250 0.300000 0.681250 0.300000 0.681250 0.300000 0.687500 0.300000 0.687500 0.300000 0.687500 0.300000 0.687500 0.300000 0.687500
6 0.470313 0.200000 0.429688 0.197917 0.431250 0.262500 0.434375 0.327083 0.431250 0.395833 0.428125 0.472917 0.425000 0.541667 0.420312 0.602083 0.418750 0.670833 0.418750 0.758333 0.409375 0.835417 0.418750 0.891667 0.448437 0.860417 0.448437 0.787500 0.451562 0.706250 0.457813 0.629167 0.459375 0.562500 0.460938 0.450000 0.460938 0.368750 0.467187 0.283333 0.471875 0.195833
7 0.228125 0.929167 0.204687 0.920833 0.190625 0.910417 0.179688 0.904167 0.165625 0.902083 0.153125 0.908333 0.142187 0.912500 0.134375 0.920833 0.131250 0.937500 0.131250 0.954167 0.137500 0.966667 0.148438 0.975000 0.162500 0.977083 0.176563 0.977083 0.187500 0.979167 0.200000 0.983333 0.212500 0.987500 0.221875 0.977083 0.228125 0.962500 0.228125 0.937500 0.221875 0.925000
7 0.279687 0.739583 0.257812 0.758333 0.246875 0.764583 0.245312 0.777083 0.245312 0.791667 0.246875 0.804167 0.250000 0.818750 0.251563 0.831250 0.256250 0.841667 0.260937 0.852083 0.264062 0.866667 0.267188 0.864583 0.276562 0.847917 0.282813 0.835417 0.287500 0.825000 0.287500 0.814583 0.285938 0.789583 0.282813 0.777083 0.279687 0.762500 0.278125 0.752083 0.275000 0.743750
