3 0.695312 0.410417 0.068750 0.187500
3 0.506250 0.326042 0.071875 0.122917
3 0.460938 0.339583 0.050000 0.162500
3 0.609375 0.400000 0.040625 0.154167
0 0.506250 0.518750 0.090625 0.125000
7 0.883594 0.700000 0.154688 0.087500
7 0.362500 0.757292 0.171875 0.122917
7 0.471875 0.807292 0.106250 0.193750
7 0.622656 0.526042 0.089063 0.081250
0 0.639062 0.785417 0.600000 0.793750 0.562500 0.800000 0.540625 0.820833 0.545312 0.845833 0.567187 0.868750 0.578125 0.908333 0.596875 0.941667 0.614062 0.966667 0.634375 0.991667 0.664062 0.993750 0.693750 0.995833 0.729688 0.985417 0.759375 0.970833 0.764062 0.933333 0.756250 0.895833 0.739062 0.872917 0.704688 0.852083 0.679688 0.829167 0.659375 0.802083 0.635938 0.785417
0 0.339062 0.643750 0.304688 0.643750 0.275000 0.641667 0.239063 0.633333 0.204687 0.627083 0.184375 0.627083 0.170313 0.637500 0.165625 0.666667 0.162500 0.693750 0.162500 0.718750 0.176563 0.739583 0.204687 0.745833 0.226562 0.741667 0.246875 0.729167 0.268750 0.716667 0.281250 0.706250 0.303125 0.700000 0.331250 0.697917 0.351562 0.689583 0.368750 0.679167 0.346875 0.641667
0 0.125000 0.672917 0.089063 0.662500 0.064062 0.662500 0.045312 0.662500 0.025000 0.658333 0.012500 0.656250 0.003125 0.660417 0.001563 0.681250 0.000000 0.708333 -0.003125 0.729167 0.000000 0.745833 0.021875 0.745833 0.050000 0.745833 0.067187 0.745833 0.085938 0.747917 0.103125 0.750000 0.118750 0.750000 0.126562 0.741667 0.126562 0.714583 0.125000 0.689583 0.123438 0.666667
0 0.906250 0.616667 0.882812 0.616667 0.857812 0.620833 0.834375 0.627083 0.818750 0.633333 0.796875 0.639583 0.787500 0.656250 0.792188 0.679167 0.804688 0.687500 0.817187 0.666667 0.829688 0.656250 0.848437 0.643750 0.867188 0.639583 0.887500 0.639583 0.901563 0.643750 0.912500 0.658333 0.918750 0.681250 0.934375 0.681250 0.931250 0.656250 0.923438 0.627083 0.906250 0.618750
