0 0.452344 0.345833 0.092188 0.108333
0 0.488281 0.536458 0.173437 0.143750
0 0.451562 0.796875 0.259375 0.385417
0 0.162500 0.377083 0.162500 0.120833
0 0.984375 0.404167 0.967187 0.397917 0.957812 0.408333 0.948438 0.412500 0.934375 0.408333 0.939063 0.408333 0.948438 0.416667 0.962500 0.420833 0.971875 0.433333 0.971875 0.452083 0.970313 0.468750 0.971875 0.481250 0.979688 0.495833 0.985938 0.483333 0.990625 0.472917 1.003125 0.460417 1.006250 0.443750 1.006250 0.429167 1.000000 0.412500 0.989062 0.410417 0.978125 0.395833
7 -0.003125 0.622917 0.014063 0.577083 0.040625 0.558333 0.056250 0.541667 0.067187 0.516667 0.059375 0.493750 0.051562 0.468750 0.051562 0.427083 0.046875 0.391667 0.039062 0.364583 0.025000 0.337500 0.014063 0.308333 0.001563 0.304167 -0.009375 0.352083 -0.009375 0.387500 -0.004687 0.420833 0.000000 0.466667 0.000000 0.504167 0.000000 0.550000 0.000000 0.581250 0.000000 0.606250
7 0.289844 0.310417 0.114062 0.087500
7 0.899219 0.447917 0.170313 0.175000
7 0.331250 0.448958 0.106250 0.147917
7 0.365625 0.327083 0.040625 0.087500
