4 0.900000 0.072917 0.875000 0.062500 0.857812 0.062500 0.839063 0.064583 0.818750 0.068750 0.801562 0.070833 0.790625 0.072917 0.801562 0.091667 0.809375 0.114583 0.814063 0.139583 0.820312 0.158333 0.837500 0.162500 0.865625 0.166667 0.889062 0.168750 0.909375 0.170833 0.925000 0.166667 0.929688 0.156250 0.918750 0.131250 0.914062 0.108333 0.906250 0.085417 0.900000 0.068750
4 0.679688 0.206250 0.660937 0.204167 0.637500 0.197917 0.618750 0.193750 0.595313 0.191667 0.576562 0.191667 0.560937 0.195833 0.553125 0.220833 0.551562 0.245833 0.548438 0.277083 0.559375 0.285417 0.576562 0.289583 0.593750 0.295833 0.612500 0.300000 0.631250 0.302083 0.654687 0.306250 0.675000 0.306250 0.684375 0.289583 0.685937 0.264583 0.685937 0.233333 0.685937 0.204167
3 0.875000 0.166667 0.854688 0.166667 0.832812 0.164583 0.814063 0.166667 0.804688 0.185417 0.804688 0.212500 0.810937 0.233333 0.820312 0.254167 0.809375 0.268750 0.796875 0.281250 0.789062 0.306250 0.790625 0.331250 0.801562 0.341667 0.814063 0.329167 0.831250 0.325000 0.832812 0.297917 0.829688 0.277083 0.837500 0.256250 0.851562 0.241667 0.859375 0.218750 0.865625 0.193750
3 0.625000 0.000000 0.604688 -0.002083 0.589063 0.000000 0.590625 0.031250 0.596875 0.054167 0.600000 0.077083 0.592187 0.093750 0.596875 0.112500 0.601562 0.137500 0.606250 0.156250 0.617188 0.166667 0.626563 0.156250 0.625000 0.127083 0.642188 0.118750 0.640625 0.097917 0.625000 0.081250 0.625000 0.058333 0.632812 0.039583 0.629687 0.016667 0.617188 0.000000 0.601562 -0.004167
4 0.515625 0.004167 0.498437 0.004167 0.482812 0.006250 0.462500 0.006250 0.445312 0.006250 0.428125 0.004167 0.409375 0.006250 0.398438 0.029167 0.390625 0.045833 0.389062 0.066667 0.398438 0.079167 0.417187 0.083333 0.434375 0.083333 0.454688 0.085417 0.470313 0.085417 0.489063 0.089583 0.503125 0.089583 0.510938 0.072917 0.517188 0.047917 0.520312 0.027083 0.520312 0.004167
3 0.485938 0.085417 0.470313 0.085417 0.457813 0.083333 0.448437 0.083333 0.440625 0.091667 0.442188 0.110417 0.443750 0.125000 0.443750 0.145833 0.443750 0.170833 0.446875 0.189583 0.448437 0.208333 0.454688 0.216667 0.460938 0.214583 0.467187 0.206250 0.476562 0.195833 0.484375 0.189583 0.489063 0.179167 0.489063 0.160417 0.489063 0.143750 0.489063 0.127083 0.487500 0.108333 0.485938 0.095833
7 0.432812 0.127083 0.404687 0.131250 0.385937 0.131250 0.368750 0.131250 0.353125 0.129167 0.337500 0.125000 0.326562 0.127083 0.323437 0.150000 0.323437 0.168750 0.332813 0.183333 0.340625 0.197917 0.356250 0.202083 0.365625 0.191667 0.378125 0.183333 0.389062 0.197917 0.401562 0.208333 0.417187 0.210417 0.429688 0.206250 0.434375 0.187500 0.434375 0.166667 0.434375 0.143750 0.432812 0.125000
7 0.956250 0.652083 0.934375 0.641667 0.931250 0.612500 0.909375 0.614583 0.885938 0.618750 0.873437 0.602083 0.857812 0.583333 0.837500 0.583333 0.817187 0.604167 0.817187 0.631250 0.806250 0.662500 0.829688 0.672917 0.845313 0.691667 0.845313 0.720833 0.862500 0.737500 0.878125 0.720833 0.890625 0.700000 0.906250 0.714583 0.925000 0.720833 0.939063 0.693750 0.950000 0.662500
7 0.418750 0.612500 0.396875 0.602083 0.392188 0.581250 0.376563 0.585417 0.360938 0.614583 0.348438 0.643750 0.332813 0.677083 0.325000 0.704167 0.323437 0.733333 0.337500 0.743750 0.359375 0.758333 0.373437 0.752083 0.384375 0.731250 0.384375 0.702083 0.368750 0.693750 0.367188 0.679167 0.381250 0.662500 0.395313 0.666667 0.410938 0.668750 0.417187 0.650000 0.420312 0.625000
7 0.178125 0.612500 0.146875 0.620833 0.118750 0.625000 0.068750 0.633333 -0.012500 0.629167 -0.043750 0.629167 -0.065625 0.639583 -0.059375 0.716667 -0.032813 0.800000 -0.023438 0.862500 0.014063 0.866667 0.045312 0.850000 0.078125 0.843750 0.110937 0.845833 0.151562 0.839583 0.173437 0.827083 0.181250 0.789583 0.176563 0.739583 0.173437 0.685417 0.173437 0.650000
7 0.184375 0.839583 0.159375 0.831250 0.112500 0.841667 0.082812 0.847917 0.039062 0.872917 0.018750 0.889583 0.001563 0.914583 -0.009375 0.939583 -0.003125 0.977083 0.006250 1.002083 0.026562 1.014583 0.065625 1.010417 0.107813 1.010417 0.154688 1.004167 0.185938 1.002083 0.209375 1.002083 0.226562 0.993750 0.215625 0.954167 0.204687 0.902083 0.189062 0.856250 0.176563 0.814583
8 0.582812 0.054167 0.564063 0.054167 0.543750 0.056250 0.531250 0.070833 0.525000 0.091667 0.520312 0.118750 0.515625 0.147917 0.510938 0.172917 0.515625 0.193750 0.531250 0.206250 0.550000 0.210417 0.564063 0.202083 0.576562 0.193750 0.593750 0.189583 0.593750 0.166667 0.593750 0.141667 0.595313 0.118750 0.596875 0.095833 0.595313 0.075000 0.589063 0.058333
8 0.520312 0.616667 0.498437 0.602083 0.464062 0.602083 0.442188 0.618750 0.434375 0.660417 0.426563 0.700000 0.421875 0.739583 0.414062 0.775000 0.407813 0.814583 0.401562 0.856250 0.417187 0.881250 0.450000 0.889583 0.479687 0.891667 0.507812 0.895833 0.517188 0.868750 0.520312 0.831250 0.528125 0.791667 0.529687 0.745833 0.531250 0.691667 0.531250 0.645833 0.523438 0.606250
