3 0.342969 0.425000 0.035937 0.066667
3 0.444531 0.505208 0.039062 0.081250
3 0.360938 0.598958 0.050000 0.064583
3 0.288281 0.502083 0.023438 0.079167
7 0.127344 0.818750 0.167187 0.241667
7 0.226562 0.991667 0.100000 0.045833
7 0.274219 0.720833 0.035937 0.079167
7 0.485156 0.661458 0.076563 0.047917
7 0.221875 0.459375 0.053125 0.064583
7 0.259375 0.417708 0.037500 0.064583
0 0.171875 0.526042 0.084375 0.064583
0 0.078906 0.520833 0.089063 0.054167
0 0.332813 0.762500 0.059375 0.120833
0 0.332813 0.889583 0.075000 0.120833
0 0.309375 0.379167 0.059375 0.104167
0 0.516406 0.597917 0.104688 0.058333
