7 0.100000 0.727083 0.206250 0.379167
7 0.311719 0.642708 0.079687 0.231250
7 0.276562 0.197917 0.109375 0.087500
7 0.329688 0.165625 0.050000 0.118750
7 0.650781 0.560417 0.107813 0.120833
0 0.842187 0.485417 0.156250 0.125000
0 0.696875 0.488542 0.150000 0.118750
0 0.219531 0.307292 0.135937 0.118750
0 0.107813 0.300000 0.140625 0.120833
0 0.408594 0.118750 0.060937 0.158333
3 0.457031 0.145833 0.045312 0.129167
3 0.357812 0.246875 0.040625 0.102083
3 0.620313 0.225000 0.607812 0.218750 0.600000 0.218750 0.589063 0.225000 0.579688 0.235417 0.573438 0.247917 0.573438 0.262500 0.571875 0.270833 0.571875 0.283333 0.571875 0.295833 0.576562 0.308333 0.582812 0.314583 0.595313 0.314583 0.607812 0.310417 0.615625 0.302083 0.618750 0.291667 0.621875 0.281250 0.625000 0.268750 0.625000 0.258333 0.625000 0.250000 0.621875 0.243750 0.620313 0.235417
3 0.473438 0.347917 0.464062 0.335417 0.457813 0.331250 0.450000 0.339583 0.445312 0.347917 0.442188 0.358333 0.437500 0.370833 0.434375 0.383333 0.431250 0.400000 0.429688 0.416667 0.428125 0.431250 0.437500 0.435417 0.446875 0.435417 0.464062 0.431250 0.473438 0.418750 0.481250 0.404167 0.482812 0.387500 0.484375 0.375000 0.484375 0.364583 0.484375 0.352083 0.482812 0.341667 0.476562 0.335417
0 0.385156 0.700000 0.064062 0.220833
