7 0.207813 0.489583 0.221875 0.489583 0.235937 0.489583 0.251563 0.466667 0.259375 0.433333 0.262500 0.408333 0.262500 0.391667 0.246875 0.379167 0.228125 0.377083 0.207813 0.375000 0.185938 0.375000 0.131250 0.375000 0.110937 0.377083 0.107813 0.400000 0.106250 0.420833 0.104688 0.437500 0.104688 0.456250 0.114062 0.470833 0.153125 0.472917 0.185938 0.477083 0.204687 0.481250
7 0.190625 0.641667 0.153125 0.633333 0.146875 0.639583 0.146875 0.656250 0.148438 0.666667 0.150000 0.677083 0.150000 0.693750 0.150000 0.706250 0.168750 0.714583 0.193750 0.722917 0.201563 0.727083 0.210938 0.731250 0.221875 0.737500 0.239063 0.735417 0.240625 0.722917 0.246875 0.702083 0.256250 0.679167 0.232813 0.672917 0.204687 0.666667 0.198437 0.654167 0.193750 0.641667
7 0.304688 0.072917 0.276562 0.072917 0.275000 0.087500 0.273438 0.102083 0.281250 0.106250 0.293750 0.110417 0.301563 0.116667 0.318750 0.114583 0.321875 0.102083 0.328125 0.091667 0.339062 0.085417 0.346875 0.075000 0.350000 0.056250 0.350000 0.041667 0.350000 0.027083 0.335938 0.027083 0.325000 0.033333 0.323437 0.054167 0.315625 0.064583 0.298438 0.064583 0.282813 0.064583
3 0.531250 0.164583 0.532813 0.158333 0.532813 0.150000 0.529687 0.139583 0.521875 0.141667 0.515625 0.150000 0.515625 0.156250 0.512500 0.164583 0.507812 0.175000 0.504687 0.183333 0.503125 0.195833 0.500000 0.206250 0.500000 0.218750 0.509375 0.218750 0.518750 0.206250 0.525000 0.195833 0.528125 0.183333 0.531250 0.170833 0.532813 0.162500 0.534375 0.152083
3 0.359375 0.145833 0.360938 0.133333 0.360938 0.129167 0.354687 0.127083 0.346875 0.127083 0.342187 0.129167 0.340625 0.139583 0.342187 0.150000 0.343750 0.160417 0.346875 0.166667 0.348438 0.175000 0.348438 0.183333 0.350000 0.191667 0.353125 0.197917 0.356250 0.195833 0.360938 0.175000 0.364063 0.162500 0.367188 0.147917 0.367188 0.137500 0.367188 0.129167 0.364063 0.122917 0.356250 0.125000
3 0.426563 0.085417 0.431250 0.083333 0.431250 0.077083 0.431250 0.068750 0.431250 0.062500 0.431250 0.054167 0.425000 0.054167 0.421875 0.054167 0.415625 0.060417 0.414062 0.066667 0.414062 0.075000 0.412500 0.083333 0.412500 0.089583 0.412500 0.100000 0.412500 0.106250 0.418750 0.106250 0.425000 0.104167 0.431250 0.097917 0.432812 0.087500 0.434375 0.079167 0.434375 0.066667
3 0.428125 0.241667 0.431250 0.237500 0.432812 0.229167 0.431250 0.222917 0.425000 0.222917 0.421875 0.222917 0.418750 0.225000 0.414062 0.231250 0.412500 0.237500 0.410938 0.243750 0.410938 0.250000 0.410938 0.256250 0.410938 0.262500 0.414062 0.266667 0.417187 0.270833 0.418750 0.279167 0.421875 0.275000 0.426563 0.262500 0.428125 0.258333 0.428125 0.250000 0.431250 0.243750 0.431250 0.237500 0.431250 0.231250 0.431250 0.227083
7 0.581250 0.341667 0.585938 0.343750 0.592187 0.343750 0.595313 0.337500 0.595313 0.331250 0.579688 0.322917 0.570312 0.318750 0.551562 0.318750 0.540625 0.318750 0.531250 0.318750 0.525000 0.318750 0.518750 0.322917 0.514062 0.325000 0.512500 0.331250 0.512500 0.337500 0.518750 0.343750 0.528125 0.347917 0.539062 0.347917 0.550000 0.347917 0.557813 0.347917 0.567187 0.347917 0.573438 0.347917 0.579688 0.347917
1 0.543750 0.714583 0.540625 0.712500 0.532813 0.712500 0.528125 0.712500 0.525000 0.712500 0.523438 0.716667 0.525000 0.722917 0.525000 0.729167 0.528125 0.735417 0.528125 0.739583 0.528125 0.739583 0.528125 0.745833 0.528125 0.750000 0.528125 0.752083 0.528125 0.754167 0.528125 0.758333 0.529687 0.758333 0.529687 0.762500 0.529687 0.764583 0.531250 0.766667 0.534375 0.766667 0.537500 0.758333 0.543750 0.750000 0.543750 0.745833
1 0.435937 0.689583 0.431250 0.689583 0.426563 0.689583 0.421875 0.689583 0.417187 0.693750 0.417187 0.702083 0.417187 0.710417 0.417187 0.718750 0.417187 0.722917 0.417187 0.725000 0.417187 0.731250 0.418750 0.733333 0.418750 0.737500 0.418750 0.739583 0.421875 0.741667 0.426563 0.743750 0.432812 0.743750 0.434375 0.745833 0.434375 0.733333 0.434375 0.722917 0.434375 0.712500 0.434375 0.708333 0.434375 0.706250 0.434375 0.702083 0.434375 0.695833 0.434375 0.691667
1 0.329688 0.697917 0.328125 0.697917 0.321875 0.700000 0.321875 0.710417 0.321875 0.720833 0.321875 0.729167 0.321875 0.735417 0.321875 0.741667 0.321875 0.745833 0.321875 0.752083 0.321875 0.758333 0.321875 0.760417 0.321875 0.766667 0.325000 0.766667 0.329688 0.766667 0.331250 0.758333 0.331250 0.745833 0.331250 0.735417 0.331250 0.729167 0.329688 0.722917 0.329688 0.714583 0.329688 0.708333 0.329688 0.704167 0.329688 0.702083
1 0.329688 0.589583 0.326562 0.589583 0.325000 0.589583 0.321875 0.587500 0.321875 0.593750 0.320312 0.597917 0.318750 0.602083 0.318750 0.606250 0.318750 0.610417 0.318750 0.614583 0.318750 0.616667 0.318750 0.622917 0.318750 0.627083 0.320312 0.629167 0.321875 0.629167 0.326562 0.629167 0.331250 0.629167 0.334375 0.629167 0.335938 0.625000 0.335938 0.614583 0.337500 0.606250 0.337500 0.604167 0.337500 0.600000 0.337500 0.597917 0.337500 0.593750
1 0.428125 0.585417 0.421875 0.593750 0.418750 0.597917 0.418750 0.604167 0.418750 0.608333 0.418750 0.612500 0.418750 0.618750 0.418750 0.622917 0.420312 0.629167 0.421875 0.633333 0.421875 0.639583 0.425000 0.645833 0.428125 0.645833 0.432812 0.645833 0.434375 0.639583 0.432812 0.633333 0.431250 0.629167 0.431250 0.620833 0.431250 0.614583 0.428125 0.608333 0.428125 0.604167 0.428125 0.597917 0.428125 0.589583 0.426563 0.585417
1 0.531250 0.604167 0.525000 0.606250 0.521875 0.612500 0.523438 0.625000 0.523438 0.633333 0.525000 0.639583 0.528125 0.647917 0.528125 0.656250 0.529687 0.662500 0.529687 0.670833 0.537500 0.670833 0.543750 0.668750 0.543750 0.656250 0.543750 0.645833 0.543750 0.635417 0.543750 0.629167 0.542188 0.620833 0.540625 0.612500 0.539062 0.606250 0.535937 0.597917 0.521875 0.606250
1 0.529687 0.500000 0.528125 0.506250 0.528125 0.516667 0.528125 0.520833 0.528125 0.525000 0.528125 0.529167 0.528125 0.537500 0.528125 0.543750 0.528125 0.550000 0.528125 0.554167 0.528125 0.558333 0.531250 0.560417 0.535937 0.560417 0.539062 0.558333 0.540625 0.537500 0.540625 0.527083 0.540625 0.520833 0.540625 0.516667 0.540625 0.512500 0.542188 0.506250 0.542188 0.502083 0.531250 0.502083 0.525000 0.504167
1 0.521875 0.410417 0.521875 0.416667 0.521875 0.427083 0.521875 0.435417 0.521875 0.443750 0.521875 0.450000 0.521875 0.454167 0.521875 0.460417 0.521875 0.466667 0.528125 0.466667 0.531250 0.466667 0.537500 0.466667 0.540625 0.464583 0.540625 0.454167 0.540625 0.447917 0.540625 0.441667 0.539062 0.435417 0.537500 0.429167 0.537500 0.425000 0.537500 0.418750 0.537500 0.414583 0.535937 0.408333
1 0.420312 0.383333 0.420312 0.391667 0.418750 0.400000 0.418750 0.408333 0.418750 0.412500 0.418750 0.416667 0.418750 0.420833 0.418750 0.427083 0.420312 0.433333 0.420312 0.437500 0.426563 0.439583 0.435937 0.437500 0.443750 0.433333 0.443750 0.429167 0.443750 0.420833 0.443750 0.412500 0.443750 0.404167 0.443750 0.400000 0.442188 0.397917 0.439063 0.391667 0.437500 0.387500 0.434375 0.385417 0.428125 0.385417 0.425000 0.385417 0.421875 0.385417
1 0.421875 0.485417 0.421875 0.489583 0.421875 0.497917 0.421875 0.504167 0.420312 0.508333 0.420312 0.512500 0.420312 0.520833 0.420312 0.529167 0.420312 0.535417 0.420312 0.541667 0.421875 0.545833 0.428125 0.545833 0.434375 0.545833 0.437500 0.543750 0.437500 0.533333 0.435937 0.525000 0.435937 0.516667 0.435937 0.510417 0.435937 0.504167 0.434375 0.493750 0.434375 0.487500 0.426563 0.487500 0.421875 0.487500
1 0.325000 0.487500 0.325000 0.493750 0.325000 0.504167 0.325000 0.510417 0.325000 0.516667 0.325000 0.522917 0.325000 0.529167 0.325000 0.535417 0.325000 0.541667 0.325000 0.550000 0.329688 0.554167 0.337500 0.554167 0.337500 0.543750 0.337500 0.533333 0.337500 0.527083 0.337500 0.520833 0.337500 0.512500 0.337500 0.504167 0.337500 0.493750 0.337500 0.489583 0.334375 0.489583 0.329688 0.487500
1 0.325000 0.420833 0.325000 0.427083 0.323437 0.433333 0.325000 0.437500 0.325000 0.443750 0.326562 0.443750 0.329688 0.443750 0.331250 0.443750 0.334375 0.443750 0.337500 0.443750 0.337500 0.439583 0.334375 0.435417 0.334375 0.431250 0.334375 0.429167 0.334375 0.420833 0.334375 0.418750 0.332813 0.416667 0.329688 0.416667 0.328125 0.416667 0.325000 0.416667 0.323437 0.416667
1 0.565625 0.345833 0.567187 0.347917 0.567187 0.350000 0.567187 0.354167 0.567187 0.358333 0.567187 0.362500 0.567187 0.364583 0.567187 0.368750 0.567187 0.368750 0.570312 0.368750 0.570312 0.368750 0.573438 0.368750 0.578125 0.368750 0.587500 0.368750 0.592187 0.368750 0.596875 0.368750 0.596875 0.364583 0.596875 0.360417 0.596875 0.354167 0.596875 0.352083 0.595313 0.350000 0.595313 0.347917 0.595313 0.345833 0.595313 0.343750
1 0.621875 0.347917 0.621875 0.347917 0.621875 0.347917
1 0.629687 0.350000 0.631250 0.356250 0.631250 0.360417 0.629687 0.364583 0.629687 0.368750 0.629687 0.372917 0.631250 0.375000 0.635938 0.375000 0.642188 0.375000 0.645312 0.375000 0.646875 0.375000 0.651563 0.375000 0.654687 0.375000 0.657813 0.375000 0.662500 0.375000 0.664062 0.375000 0.667188 0.375000 0.667188 0.364583 0.667188 0.358333 0.667188 0.352083 0.667188 0.350000 0.667188 0.347917 0.665625 0.347917
1 0.698438 0.352083 0.696875 0.356250 0.696875 0.358333 0.696875 0.362500 0.696875 0.364583 0.700000 0.368750 0.700000 0.372917 0.703125 0.375000 0.704688 0.375000 0.712500 0.375000 0.720313 0.375000 0.721875 0.375000 0.725000 0.375000 0.728125 0.375000 0.732812 0.375000 0.732812 0.368750 0.732812 0.364583 0.732812 0.360417 0.732812 0.358333 0.731250 0.352083 0.729688 0.352083 0.729688 0.350000
1 0.776563 0.362500 0.776563 0.364583 0.776563 0.366667 0.776563 0.368750 0.776563 0.368750 0.776563 0.370833 0.776563 0.375000 0.776563 0.375000 0.776563 0.375000 0.776563 0.377083 0.776563 0.377083 0.779687 0.377083 0.784375 0.377083 0.785937 0.377083 0.789062 0.377083 0.790625 0.377083 0.793750 0.377083 0.795312 0.377083 0.796875 0.377083 0.796875 0.377083 0.798438 0.377083 0.800000 0.377083 0.800000 0.377083 0.801562 0.377083 0.803125 0.377083 0.803125 0.377083 0.804688 0.377083 0.806250 0.377083 0.806250 0.377083 0.806250 0.375000 0.806250 0.368750 0.806250 0.368750 0.806250 0.364583 0.806250 0.364583 0.804688 0.362500 0.804688 0.362500
1 0.831250 0.375000 0.831250 0.375000 0.831250 0.379167 0.831250 0.379167 0.831250 0.383333 0.831250 0.385417 0.831250 0.387500 0.831250 0.387500 0.831250 0.389583 0.831250 0.391667 0.831250 0.391667 0.832812 0.391667 0.834375 0.391667 0.843750 0.391667 0.845313 0.391667 0.845313 0.391667 0.848437 0.391667 0.850000 0.391667 0.851562 0.391667 0.851562 0.391667 0.854688 0.389583 0.856250 0.387500 0.862500 0.387500 0.865625 0.387500 0.867188 0.387500 0.867188 0.387500 0.867188 0.383333 0.867188 0.383333 0.867188 0.381250 0.865625 0.379167 0.865625 0.379167 0.865625 0.377083 0.864062 0.375000 0.864062 0.375000 0.864062 0.375000 0.864062 0.372917 0.864062 0.370833 0.864062 0.370833
1 0.887500 0.375000 0.889062 0.375000 0.890625 0.379167 0.890625 0.383333 0.890625 0.387500 0.890625 0.389583 0.893750 0.391667 0.896875 0.391667 0.901563 0.391667 0.903125 0.391667 0.909375 0.389583 0.918750 0.389583 0.923438 0.389583 0.925000 0.387500 0.923438 0.381250 0.920312 0.379167 0.920312 0.377083 0.920312 0.375000 0.920312 0.370833 0.920312 0.368750 0.920312 0.364583
1 0.946875 0.379167 0.946875 0.381250 0.946875 0.383333 0.946875 0.387500 0.946875 0.387500 0.946875 0.391667 0.948438 0.391667 0.948438 0.393750 0.950000 0.395833 0.951562 0.397917 0.957812 0.397917 0.960938 0.397917 0.965625 0.395833 0.965625 0.393750 0.970313 0.389583 0.971875 0.387500 0.975000 0.383333 0.975000 0.381250 0.975000 0.379167 0.975000 0.375000 0.973437 0.370833 0.970313 0.366667 0.968750 0.364583 0.967187 0.368750
1 0.332813 0.325000 0.328125 0.325000 0.321875 0.325000 0.315625 0.327083 0.312500 0.327083 0.307812 0.329167 0.301563 0.331250 0.298438 0.335417 0.293750 0.337500 0.292187 0.341667 0.295312 0.347917 0.298438 0.350000 0.304688 0.350000 0.307812 0.352083 0.314063 0.352083 0.318750 0.352083 0.325000 0.352083 0.329688 0.352083 0.332813 0.347917 0.334375 0.339583 0.334375 0.331250 0.334375 0.327083 0.328125 0.327083 0.321875 0.325000
1 0.245312 0.327083 0.240625 0.327083 0.234375 0.327083 0.231250 0.327083 0.226562 0.327083 0.221875 0.329167 0.215625 0.333333 0.212500 0.335417 0.212500 0.343750 0.220312 0.347917 0.228125 0.350000 0.234375 0.350000 0.240625 0.350000 0.243750 0.347917 0.246875 0.345833 0.250000 0.339583 0.250000 0.335417 0.250000 0.331250 0.248438 0.325000 0.243750 0.325000 0.240625 0.325000
1 0.906250 0.245833 0.906250 0.250000 0.906250 0.254167 0.906250 0.258333 0.906250 0.260417 0.906250 0.266667 0.906250 0.268750 0.915625 0.268750 0.918750 0.268750 0.923438 0.268750 0.925000 0.268750 0.928125 0.268750 0.931250 0.268750 0.932813 0.268750 0.935937 0.268750 0.939063 0.268750 0.939063 0.266667 0.939063 0.262500 0.939063 0.258333 0.940625 0.256250 0.940625 0.252083 0.942187 0.250000 0.942187 0.245833
1 0.937500 0.145833 0.937500 0.145833 0.937500 0.150000 0.937500 0.152083 0.937500 0.154167 0.937500 0.156250 0.937500 0.158333 0.937500 0.162500 0.939063 0.162500 0.948438 0.166667 0.951562 0.166667 0.954688 0.166667 0.956250 0.166667 0.957812 0.166667 0.960938 0.166667 0.960938 0.166667 0.962500 0.162500 0.962500 0.156250 0.962500 0.152083 0.962500 0.145833 0.962500 0.145833 0.960938 0.143750 0.959375 0.143750 0.957812 0.143750
1 0.879687 0.125000 0.879687 0.129167 0.879687 0.133333 0.879687 0.137500 0.879687 0.139583 0.879687 0.141667 0.879687 0.143750 0.879687 0.145833 0.879687 0.150000 0.881250 0.150000 0.885938 0.150000 0.890625 0.154167 0.892188 0.154167 0.893750 0.154167 0.893750 0.154167 0.896875 0.154167 0.900000 0.154167 0.901563 0.154167 0.903125 0.154167 0.903125 0.150000 0.906250 0.145833 0.906250 0.143750 0.906250 0.141667 0.906250 0.139583 0.906250 0.135417
1 0.821875 0.118750 0.820312 0.118750 0.820312 0.122917 0.820312 0.125000 0.820312 0.129167 0.820312 0.133333 0.820312 0.135417 0.821875 0.137500 0.823438 0.137500 0.825000 0.137500 0.828125 0.137500 0.829688 0.139583 0.832812 0.139583 0.835938 0.141667 0.839063 0.141667 0.839063 0.141667 0.842187 0.141667 0.845313 0.145833 0.846875 0.145833 0.848437 0.145833 0.851562 0.145833 0.851562 0.141667 0.851562 0.137500 0.851562 0.133333 0.851562 0.131250 0.851562 0.129167 0.851562 0.125000 0.851562 0.122917 0.851562 0.120833 0.851562 0.118750
1 0.760938 0.106250 0.759375 0.106250 0.759375 0.110417 0.760938 0.114583 0.760938 0.116667 0.760938 0.118750 0.762500 0.122917 0.762500 0.125000 0.762500 0.129167 0.764062 0.129167 0.767188 0.129167 0.768750 0.129167 0.770312 0.129167 0.773438 0.129167 0.775000 0.129167 0.776563 0.129167 0.778125 0.129167 0.781250 0.129167 0.784375 0.129167 0.784375 0.129167 0.785937 0.129167 0.787500 0.122917 0.787500 0.118750 0.787500 0.116667 0.789062 0.110417 0.789062 0.108333 0.789062 0.106250 0.789062 0.104167
1 0.687500 0.104167 0.687500 0.102083 0.687500 0.106250 0.687500 0.110417 0.687500 0.112500 0.687500 0.116667 0.689063 0.120833 0.692187 0.122917 0.695312 0.122917 0.696875 0.122917 0.700000 0.122917 0.703125 0.122917 0.706250 0.125000 0.710938 0.127083 0.714063 0.129167 0.718750 0.129167 0.721875 0.125000 0.720313 0.114583 0.720313 0.110417 0.720313 0.106250 0.718750 0.097917
1 0.625000 0.093750 0.625000 0.097917 0.625000 0.100000 0.625000 0.102083 0.625000 0.106250 0.625000 0.108333 0.625000 0.110417 0.625000 0.114583 0.628125 0.114583 0.632812 0.114583 0.635938 0.114583 0.640625 0.114583 0.642188 0.114583 0.645312 0.114583 0.645312 0.114583 0.648438 0.114583 0.650000 0.114583 0.650000 0.110417 0.651563 0.110417 0.653125 0.106250 0.654687 0.102083 0.654687 0.100000 0.654687 0.097917 0.654687 0.093750 0.654687 0.093750
1 0.543750 0.085417 0.543750 0.087500 0.543750 0.089583 0.542188 0.093750 0.540625 0.097917 0.542188 0.097917 0.546875 0.100000 0.550000 0.100000 0.553125 0.102083 0.556250 0.102083 0.557813 0.102083 0.560937 0.102083 0.562500 0.102083 0.564063 0.102083 0.565625 0.102083 0.567187 0.102083 0.570312 0.104167 0.573438 0.106250 0.573438 0.106250 0.576562 0.106250 0.578125 0.106250 0.579688 0.102083 0.579688 0.100000 0.579688 0.097917 0.579688 0.093750 0.579688 0.093750 0.579688 0.089583 0.579688 0.087500 0.582812 0.085417
1 0.535937 0.012500 0.535937 0.020833 0.535937 0.025000 0.535937 0.033333 0.535937 0.039583 0.535937 0.047917 0.539062 0.050000 0.543750 0.050000 0.548438 0.050000 0.554688 0.054167 0.557813 0.045833 0.559375 0.035417 0.560937 0.027083 0.560937 0.020833 0.560937 0.016667 0.560937 0.008333 0.560937 0.004167 0.556250 0.004167 0.551562 0.004167 0.545312 0.004167 0.540625 0.004167
1 0.848437 0.235417 0.848437 0.239583 0.848437 0.243750 0.850000 0.252083 0.850000 0.256250 0.850000 0.260417 0.851562 0.262500 0.853125 0.262500 0.854688 0.262500 0.857812 0.262500 0.860938 0.264583 0.864062 0.264583 0.867188 0.264583 0.868750 0.264583 0.870313 0.264583 0.871875 0.266667 0.875000 0.266667 0.876563 0.266667 0.876563 0.262500 0.876563 0.258333 0.876563 0.254167 0.876563 0.250000 0.876563 0.247917 0.876563 0.245833 0.876563 0.243750 0.878125 0.239583 0.878125 0.237500 0.878125 0.235417 0.878125 0.233333
1 0.803125 0.231250 0.803125 0.231250 0.803125 0.235417 0.803125 0.235417 0.803125 0.235417 0.803125 0.237500 0.803125 0.239583 0.803125 0.239583 0.803125 0.241667 0.804688 0.243750 0.806250 0.243750 0.806250 0.245833 0.807813 0.245833 0.809375 0.245833 0.809375 0.245833 0.810937 0.245833 0.810937 0.247917 0.812500 0.247917 0.812500 0.247917 0.814063 0.247917 0.815625 0.247917 0.815625 0.245833 0.815625 0.245833 0.815625 0.243750 0.815625 0.243750 0.815625 0.241667 0.815625 0.239583 0.815625 0.239583 0.815625 0.239583 0.815625 0.237500 0.815625 0.235417 0.817187 0.235417 0.817187 0.235417 0.817187 0.233333 0.817187 0.231250 0.818750 0.231250 0.818750 0.231250 0.818750 0.231250
1 0.754687 0.231250 0.753125 0.231250 0.753125 0.235417 0.753125 0.237500 0.753125 0.239583 0.753125 0.239583 0.753125 0.243750 0.753125 0.245833 0.753125 0.245833 0.753125 0.247917 0.754687 0.247917 0.759375 0.247917 0.764062 0.247917 0.767188 0.247917 0.771875 0.247917 0.775000 0.247917 0.776563 0.247917 0.776563 0.247917 0.776563 0.247917 0.778125 0.247917 0.779687 0.247917 0.781250 0.245833 0.781250 0.245833 0.781250 0.243750 0.781250 0.239583 0.782813 0.239583 0.782813 0.235417 0.784375 0.235417 0.784375 0.231250 0.784375 0.231250 0.784375 0.229167 0.784375 0.229167
1 0.682813 0.222917 0.682813 0.225000 0.682813 0.231250 0.682813 0.235417 0.682813 0.239583 0.687500 0.239583 0.696875 0.235417 0.706250 0.233333 0.709375 0.233333 0.712500 0.233333 0.715625 0.233333 0.717187 0.233333 0.721875 0.233333 0.721875 0.233333 0.725000 0.233333 0.725000 0.233333 0.726562 0.231250 0.728125 0.231250 0.728125 0.227083 0.728125 0.222917 0.728125 0.222917 0.728125 0.218750
1 0.615625 0.218750 0.615625 0.222917 0.615625 0.229167 0.615625 0.233333 0.621875 0.235417 0.625000 0.235417 0.628125 0.235417 0.632812 0.235417 0.637500 0.235417 0.640625 0.235417 0.643750 0.237500 0.648438 0.237500 0.653125 0.239583 0.654687 0.229167 0.654687 0.218750 0.654687 0.212500 0.651563 0.212500 0.646875 0.210417 0.643750 0.210417 0.639062 0.210417 0.635938 0.210417 0.631250 0.210417 0.628125 0.210417 0.625000 0.212500
1 0.531250 0.212500 0.531250 0.222917 0.531250 0.229167 0.531250 0.231250 0.531250 0.235417 0.531250 0.237500 0.535937 0.237500 0.545312 0.237500 0.556250 0.237500 0.564063 0.235417 0.565625 0.235417 0.570312 0.233333 0.571875 0.229167 0.573438 0.225000 0.573438 0.222917 0.575000 0.218750 0.573438 0.214583 0.570312 0.214583 0.565625 0.212500 0.560937 0.212500 0.557813 0.212500 0.553125 0.210417 0.548438 0.210417 0.543750 0.210417 0.539062 0.210417 0.535937 0.210417
1 0.278125 0.206250 0.279687 0.210417 0.279687 0.214583 0.279687 0.218750 0.276562 0.227083 0.278125 0.229167 0.292187 0.229167 0.301563 0.229167 0.310937 0.229167 0.315625 0.229167 0.315625 0.222917 0.317188 0.216667 0.317188 0.210417 0.317188 0.206250 0.312500 0.206250 0.307812 0.206250 0.303125 0.206250 0.298438 0.206250 0.292187 0.206250 0.287500 0.206250 0.285938 0.206250
1 0.312500 0.114583 0.310937 0.118750 0.307812 0.129167 0.307812 0.135417 0.309375 0.137500 0.321875 0.137500 0.328125 0.137500 0.334375 0.137500 0.337500 0.137500 0.342187 0.137500 0.345313 0.135417 0.346875 0.129167 0.348438 0.122917 0.350000 0.114583 0.343750 0.112500 0.332813 0.112500 0.325000 0.112500 0.321875 0.112500 0.318750 0.110417 0.315625 0.110417
1 0.240625 0.108333 0.239063 0.110417 0.237500 0.114583 0.237500 0.118750 0.235937 0.125000 0.234375 0.129167 0.237500 0.129167 0.245312 0.129167 0.250000 0.129167 0.257812 0.129167 0.262500 0.129167 0.265625 0.129167 0.265625 0.122917 0.267188 0.118750 0.268750 0.114583 0.270313 0.106250 0.262500 0.106250 0.253125 0.106250 0.246875 0.106250 0.243750 0.106250 0.240625 0.106250
1 0.170313 0.116667 0.168750 0.122917 0.165625 0.129167 0.165625 0.133333 0.165625 0.137500 0.178125 0.137500 0.190625 0.137500 0.200000 0.133333 0.203125 0.129167 0.203125 0.125000 0.200000 0.118750 0.198437 0.112500 0.195312 0.110417 0.187500 0.110417 0.184375 0.110417 0.181250 0.110417 0.176563 0.110417 0.175000 0.112500 0.173437 0.116667 0.171875 0.118750 0.168750 0.122917
1 0.131250 0.122917 0.129688 0.118750 0.128125 0.116667 0.123438 0.114583 0.121875 0.114583 0.118750 0.114583 0.114062 0.114583 0.110937 0.114583 0.106250 0.118750 0.104688 0.120833 0.101562 0.122917 0.101562 0.125000 0.098437 0.129167 0.098437 0.133333 0.098437 0.135417 0.101562 0.139583 0.106250 0.139583 0.107813 0.141667 0.112500 0.141667 0.117188 0.141667 0.118750 0.139583 0.120313 0.137500 0.121875 0.133333 0.123438 0.129167 0.125000 0.125000 0.118750 0.122917
1 0.071875 0.118750 0.062500 0.122917 0.054688 0.129167 0.050000 0.129167 0.046875 0.131250 0.043750 0.133333 0.042188 0.137500 0.039062 0.139583 0.037500 0.143750 0.037500 0.145833 0.039062 0.150000 0.046875 0.150000 0.051562 0.150000 0.054688 0.150000 0.057813 0.150000 0.059375 0.145833 0.062500 0.145833 0.064062 0.141667 0.065625 0.137500 0.068750 0.133333 0.068750 0.127083 0.068750 0.122917 0.065625 0.118750 0.062500 0.118750 0.059375 0.118750
1 0.071875 0.212500 0.071875 0.214583 0.068750 0.218750 0.068750 0.222917 0.070312 0.227083 0.071875 0.229167 0.075000 0.231250 0.076563 0.233333 0.079687 0.235417 0.084375 0.235417 0.089063 0.235417 0.092188 0.235417 0.093750 0.231250 0.095312 0.227083 0.095312 0.222917 0.096875 0.218750 0.096875 0.212500 0.096875 0.208333 0.096875 0.206250 0.093750 0.202083 0.089063 0.202083 0.082812 0.202083 0.078125 0.202083 0.075000 0.202083
1 0.146875 0.210417 0.143750 0.212500 0.140625 0.218750 0.137500 0.218750 0.135937 0.222917 0.132812 0.227083 0.132812 0.233333 0.132812 0.235417 0.132812 0.239583 0.140625 0.239583 0.145313 0.239583 0.148438 0.239583 0.150000 0.239583 0.153125 0.237500 0.156250 0.235417 0.159375 0.231250 0.160938 0.229167 0.162500 0.222917 0.164062 0.218750 0.164062 0.214583 0.160938 0.210417 0.157812 0.206250 0.154688 0.206250 0.148438 0.206250 0.143750 0.206250
1 0.221875 0.202083 0.214062 0.202083 0.207813 0.202083 0.201563 0.206250 0.195312 0.208333 0.189062 0.214583 0.187500 0.218750 0.187500 0.222917 0.190625 0.231250 0.198437 0.235417 0.204687 0.235417 0.210938 0.235417 0.214062 0.235417 0.218750 0.229167 0.223438 0.227083 0.225000 0.220833 0.225000 0.214583 0.223438 0.208333 0.220312 0.206250 0.214062 0.204167
1 0.040625 0.304167 0.032813 0.312500 0.028125 0.314583 0.026562 0.318750 0.023438 0.320833 0.023438 0.325000 0.023438 0.327083 0.023438 0.331250 0.023438 0.335417 0.026562 0.339583 0.031250 0.339583 0.037500 0.339583 0.042188 0.335417 0.045312 0.335417 0.046875 0.331250 0.048438 0.331250 0.050000 0.327083 0.050000 0.318750 0.050000 0.314583 0.050000 0.312500 0.046875 0.308333 0.043750 0.308333 0.035937 0.310417 0.034375 0.312500 0.040625 0.312500
1 0.104688 0.322917 0.101562 0.322917 0.100000 0.322917 0.096875 0.322917 0.093750 0.325000 0.090625 0.327083 0.089063 0.331250 0.089063 0.335417 0.089063 0.339583 0.089063 0.343750 0.090625 0.345833 0.093750 0.345833 0.098437 0.345833 0.101562 0.345833 0.103125 0.345833 0.106250 0.341667 0.107813 0.337500 0.110937 0.335417 0.110937 0.331250 0.110937 0.325000 0.107813 0.322917 0.106250 0.322917 0.101562 0.322917 0.098437 0.322917 0.095312 0.322917 0.092188 0.325000
1 0.168750 0.318750 0.168750 0.322917 0.168750 0.327083 0.168750 0.331250 0.168750 0.335417 0.168750 0.337500 0.171875 0.339583 0.173437 0.341667 0.176563 0.341667 0.179688 0.341667 0.182812 0.339583 0.184375 0.335417 0.185938 0.331250 0.185938 0.329167 0.185938 0.325000 0.182812 0.322917 0.178125 0.318750 0.173437 0.318750 0.168750 0.318750 0.165625 0.318750 0.159375 0.320833 0.156250 0.322917
1 0.004687 0.122917 0.001563 0.122917 0.001563 0.125000 0.000000 0.127083 -0.001563 0.129167 -0.003125 0.133333 -0.006250 0.137500 -0.006250 0.139583 -0.006250 0.141667 -0.007812 0.145833 -0.009375 0.150000 -0.007812 0.150000 -0.004687 0.150000 -0.001563 0.154167 0.000000 0.154167 0.001563 0.154167 0.003125 0.154167 0.004687 0.154167 0.004687 0.152083 0.004687 0.150000 0.004687 0.145833 0.004687 0.143750 0.004687 0.141667 0.004687 0.137500 0.003125 0.133333 0.001563 0.131250 0.001563 0.129167 0.001563 0.129167 0.000000 0.129167 0.000000 0.129167
1 0.007812 0.235417 0.007812 0.231250 0.007812 0.225000 0.004687 0.218750 0.003125 0.216667 0.001563 0.214583 -0.001563 0.220833 -0.003125 0.222917 -0.006250 0.229167 -0.006250 0.235417 -0.003125 0.239583 0.000000 0.241667 0.001563 0.241667 0.004687 0.241667 0.006250 0.239583 0.009375 0.235417 0.009375 0.231250 0.010937 0.227083 0.010937 0.222917 0.010937 0.220833
1 0.440625 0.004167 0.434375 0.004167 0.429688 0.010417 0.425000 0.016667 0.421875 0.020833 0.421875 0.027083 0.421875 0.035417 0.421875 0.041667 0.421875 0.050000 0.425000 0.054167 0.429688 0.054167 0.432812 0.054167 0.437500 0.054167 0.442188 0.050000 0.443750 0.045833 0.446875 0.041667 0.448437 0.033333 0.448437 0.027083 0.448437 0.022917 0.448437 0.018750 0.446875 0.014583 0.443750 0.010417 0.440625 0.006250
2 0.442188 0.054167 0.437500 0.054167 0.434375 0.058333 0.431250 0.060417 0.429688 0.064583 0.426563 0.068750 0.426563 0.072917 0.426563 0.077083 0.426563 0.081250 0.426563 0.083333 0.428125 0.085417 0.429688 0.089583 0.432812 0.091667 0.434375 0.091667 0.439063 0.091667 0.443750 0.089583 0.445312 0.087500 0.446875 0.083333 0.446875 0.077083 0.446875 0.072917 0.446875 0.068750 0.446875 0.064583 0.446875 0.060417 0.446875 0.056250 0.443750 0.054167 0.439063 0.054167
2 0.557813 0.041667 0.551562 0.043750 0.548438 0.045833 0.548438 0.047917 0.546875 0.050000 0.543750 0.052083 0.543750 0.054167 0.543750 0.056250 0.543750 0.058333 0.543750 0.062500 0.543750 0.064583 0.543750 0.068750 0.545312 0.068750 0.548438 0.068750 0.550000 0.068750 0.551562 0.068750 0.554688 0.068750 0.556250 0.066667 0.557813 0.066667 0.557813 0.064583 0.557813 0.058333 0.557813 0.054167 0.557813 0.052083 0.556250 0.050000 0.553125 0.050000 0.550000 0.047917 0.548438 0.047917 0.548438 0.045833
2 0.600000 0.081250 0.598437 0.083333 0.595313 0.087500 0.592187 0.089583 0.590625 0.093750 0.590625 0.097917 0.590625 0.104167 0.590625 0.106250 0.590625 0.110417 0.592187 0.114583 0.595313 0.118750 0.598437 0.118750 0.603125 0.120833 0.606250 0.120833 0.607812 0.116667 0.610938 0.114583 0.612500 0.110417 0.615625 0.106250 0.615625 0.102083 0.615625 0.097917 0.615625 0.093750 0.612500 0.093750 0.607812 0.093750 0.606250 0.093750 0.603125 0.093750 0.600000 0.091667
2 0.667188 0.100000 0.664062 0.104167 0.660937 0.106250 0.657813 0.110417 0.657813 0.114583 0.657813 0.118750 0.657813 0.125000 0.657813 0.129167 0.662500 0.129167 0.667188 0.131250 0.673438 0.131250 0.675000 0.129167 0.678125 0.127083 0.679688 0.125000 0.679688 0.120833 0.679688 0.116667 0.679688 0.112500 0.679688 0.110417 0.676562 0.106250 0.675000 0.106250 0.670312 0.106250 0.668750 0.106250
2 0.732812 0.106250 0.726562 0.106250 0.725000 0.110417 0.725000 0.114583 0.725000 0.118750 0.725000 0.125000 0.728125 0.129167 0.734375 0.129167 0.737500 0.129167 0.742188 0.129167 0.746875 0.129167 0.751563 0.127083 0.754687 0.122917 0.757812 0.118750 0.757812 0.114583 0.757812 0.110417 0.751563 0.108333 0.748437 0.106250 0.743750 0.106250 0.739062 0.106250 0.735938 0.106250
2 0.789062 0.114583 0.789062 0.118750 0.787500 0.122917 0.787500 0.127083 0.787500 0.129167 0.787500 0.133333 0.789062 0.137500 0.793750 0.139583 0.796875 0.139583 0.800000 0.137500 0.803125 0.137500 0.806250 0.135417 0.809375 0.133333 0.814063 0.129167 0.818750 0.125000 0.815625 0.125000 0.809375 0.125000 0.806250 0.125000 0.803125 0.125000 0.796875 0.125000 0.793750 0.125000 0.793750 0.125000
2 0.857812 0.133333 0.857812 0.137500 0.857812 0.139583 0.859375 0.143750 0.860938 0.145833 0.864062 0.150000 0.867188 0.152083 0.870313 0.152083 0.875000 0.147917 0.878125 0.145833 0.878125 0.141667 0.878125 0.137500 0.878125 0.133333 0.878125 0.131250 0.875000 0.127083 0.873437 0.122917 0.870313 0.122917 0.864062 0.122917 0.860938 0.122917 0.856250 0.125000 0.854688 0.129167 0.854688 0.133333 0.856250 0.137500 0.857812 0.139583
2 0.910937 0.122917 0.910937 0.125000 0.907813 0.131250 0.907813 0.133333 0.909375 0.139583 0.912500 0.141667 0.914062 0.143750 0.915625 0.145833 0.918750 0.145833 0.923438 0.145833 0.926562 0.145833 0.928125 0.145833 0.932813 0.145833 0.932813 0.143750 0.932813 0.139583 0.932813 0.135417 0.932813 0.133333 0.932813 0.129167 0.929688 0.127083 0.925000 0.127083 0.915625 0.127083 0.910937 0.127083 0.909375 0.127083
2 0.950000 0.239583 0.948438 0.243750 0.948438 0.247917 0.945312 0.256250 0.945312 0.262500 0.945312 0.268750 0.945312 0.275000 0.945312 0.279167 0.948438 0.281250 0.950000 0.283333 0.954688 0.283333 0.960938 0.283333 0.967187 0.283333 0.970313 0.279167 0.971875 0.275000 0.971875 0.270833 0.971875 0.262500 0.971875 0.258333 0.970313 0.256250 0.968750 0.252083 0.965625 0.245833 0.962500 0.243750 0.957812 0.243750
2 0.903125 0.247917 0.900000 0.243750 0.898438 0.241667 0.893750 0.241667 0.890625 0.241667 0.885938 0.241667 0.884375 0.243750 0.879687 0.245833 0.878125 0.252083 0.878125 0.258333 0.878125 0.262500 0.878125 0.262500 0.884375 0.264583 0.892188 0.264583 0.898438 0.264583 0.903125 0.264583 0.906250 0.262500 0.906250 0.258333 0.906250 0.254167 0.906250 0.250000 0.906250 0.245833 0.903125 0.243750 0.898438 0.239583 0.896875 0.237500
2 0.837500 0.233333 0.835938 0.231250 0.832812 0.233333 0.829688 0.235417 0.826562 0.237500 0.825000 0.241667 0.821875 0.245833 0.821875 0.250000 0.821875 0.254167 0.821875 0.258333 0.825000 0.258333 0.831250 0.258333 0.835938 0.258333 0.839063 0.258333 0.842187 0.258333 0.845313 0.258333 0.845313 0.252083 0.848437 0.247917 0.848437 0.243750 0.850000 0.239583 0.850000 0.235417 0.850000 0.229167 0.848437 0.227083 0.845313 0.227083 0.842187 0.227083 0.839063 0.227083
2 0.801562 0.222917 0.796875 0.222917 0.795312 0.227083 0.793750 0.229167 0.790625 0.231250 0.787500 0.237500 0.787500 0.239583 0.784375 0.245833 0.784375 0.250000 0.785937 0.254167 0.789062 0.256250 0.790625 0.258333 0.793750 0.258333 0.796875 0.256250 0.800000 0.252083 0.800000 0.245833 0.801562 0.241667 0.803125 0.239583 0.803125 0.235417 0.803125 0.231250 0.803125 0.227083 0.803125 0.225000
2 0.742188 0.222917 0.742188 0.227083 0.739062 0.229167 0.737500 0.231250 0.735938 0.233333 0.734375 0.235417 0.734375 0.239583 0.734375 0.241667 0.734375 0.245833 0.734375 0.247917 0.734375 0.250000 0.735938 0.250000 0.739062 0.250000 0.742188 0.250000 0.746875 0.250000 0.750000 0.250000 0.751563 0.247917 0.754687 0.247917 0.754687 0.245833 0.757812 0.243750 0.757812 0.241667 0.759375 0.239583 0.759375 0.235417 0.759375 0.231250 0.759375 0.227083 0.759375 0.225000 0.759375 0.222917 0.757812 0.220833 0.756250 0.220833
2 0.029687 0.116667 0.023438 0.116667 0.018750 0.116667 0.014063 0.118750 0.010937 0.125000 0.009375 0.129167 0.007812 0.133333 0.004687 0.141667 0.007812 0.150000 0.012500 0.154167 0.017188 0.156250 0.023438 0.156250 0.031250 0.154167 0.035937 0.150000 0.039062 0.145833 0.043750 0.137500 0.043750 0.129167 0.043750 0.118750 0.039062 0.114583 0.034375 0.114583 0.028125 0.114583
2 0.082812 0.104167 0.081250 0.106250 0.081250 0.110417 0.079687 0.114583 0.079687 0.118750 0.079687 0.125000 0.079687 0.129167 0.079687 0.133333 0.079687 0.137500 0.081250 0.139583 0.082812 0.141667 0.085938 0.141667 0.089063 0.141667 0.092188 0.141667 0.093750 0.141667 0.095312 0.137500 0.095312 0.133333 0.096875 0.131250 0.096875 0.125000 0.096875 0.116667 0.095312 0.114583 0.092188 0.110417 0.090625 0.110417
2 0.137500 0.114583 0.134375 0.122917 0.131250 0.129167 0.129688 0.133333 0.128125 0.137500 0.129688 0.141667 0.132812 0.145833 0.139063 0.145833 0.143750 0.145833 0.151562 0.145833 0.154688 0.141667 0.156250 0.137500 0.156250 0.133333 0.159375 0.127083 0.159375 0.118750 0.157812 0.114583 0.156250 0.112500 0.153125 0.110417 0.148438 0.110417 0.140625 0.110417 0.139063 0.110417
2 0.212500 0.114583 0.201563 0.120833 0.198437 0.125000 0.195312 0.127083 0.198437 0.137500 0.201563 0.145833 0.204687 0.150000 0.207813 0.150000 0.210938 0.150000 0.215625 0.150000 0.220312 0.150000 0.223438 0.150000 0.225000 0.145833 0.228125 0.141667 0.231250 0.137500 0.231250 0.133333 0.231250 0.129167 0.228125 0.122917 0.226562 0.122917 0.221875 0.120833 0.218750 0.118750 0.215625 0.118750
2 0.276562 0.110417 0.275000 0.114583 0.275000 0.122917 0.275000 0.125000 0.275000 0.129167 0.275000 0.133333 0.279687 0.139583 0.281250 0.141667 0.282813 0.141667 0.287500 0.141667 0.292187 0.141667 0.298438 0.139583 0.300000 0.135417 0.301563 0.133333 0.301563 0.129167 0.301563 0.118750 0.301563 0.114583 0.300000 0.108333 0.298438 0.106250 0.295312 0.102083 0.292187 0.100000 0.289062 0.100000 0.287500 0.100000 0.282813 0.100000 0.278125 0.100000
2 0.026562 0.214583 0.023438 0.214583 0.021875 0.218750 0.020313 0.222917 0.020313 0.229167 0.020313 0.235417 0.028125 0.239583 0.034375 0.239583 0.042188 0.239583 0.046875 0.237500 0.053125 0.235417 0.057813 0.235417 0.060937 0.231250 0.064062 0.229167 0.064062 0.222917 0.064062 0.218750 0.064062 0.212500 0.060937 0.208333 0.056250 0.208333 0.043750 0.208333 0.032813 0.212500
2 0.118750 0.206250 0.115625 0.206250 0.110937 0.206250 0.107813 0.206250 0.106250 0.210417 0.104688 0.214583 0.104688 0.220833 0.104688 0.229167 0.106250 0.235417 0.107813 0.239583 0.110937 0.243750 0.117188 0.243750 0.123438 0.243750 0.128125 0.239583 0.131250 0.235417 0.131250 0.231250 0.131250 0.222917 0.131250 0.218750 0.131250 0.210417 0.128125 0.206250 0.120313 0.206250
2 0.176563 0.206250 0.173437 0.210417 0.170313 0.216667 0.168750 0.222917 0.168750 0.225000 0.168750 0.229167 0.170313 0.231250 0.175000 0.235417 0.178125 0.235417 0.181250 0.235417 0.182812 0.235417 0.185938 0.231250 0.185938 0.229167 0.185938 0.225000 0.185938 0.222917 0.185938 0.218750 0.185938 0.212500 0.185938 0.206250 0.185938 0.204167 0.185938 0.202083 0.182812 0.202083 0.181250 0.202083
2 0.237500 0.202083 0.234375 0.202083 0.231250 0.202083 0.228125 0.206250 0.228125 0.216667 0.228125 0.222917 0.228125 0.231250 0.231250 0.239583 0.235937 0.243750 0.240625 0.243750 0.246875 0.243750 0.254688 0.243750 0.259375 0.243750 0.262500 0.239583 0.267188 0.235417 0.270313 0.229167 0.273438 0.222917 0.273438 0.218750 0.270313 0.210417 0.267188 0.204167 0.256250 0.197917 0.250000 0.197917 0.246875 0.195833
2 0.335938 0.202083 0.334375 0.202083 0.329688 0.206250 0.325000 0.208333 0.323437 0.212500 0.321875 0.216667 0.321875 0.218750 0.320312 0.222917 0.320312 0.229167 0.320312 0.231250 0.325000 0.231250 0.326562 0.231250 0.329688 0.231250 0.332813 0.231250 0.335938 0.229167 0.337500 0.227083 0.342187 0.222917 0.343750 0.220833 0.345313 0.216667 0.345313 0.212500 0.345313 0.208333 0.345313 0.204167 0.342187 0.202083 0.340625 0.202083 0.337500 0.202083
2 0.017188 0.314583 0.015625 0.314583 0.012500 0.314583 0.010937 0.310417 0.007812 0.310417 0.004687 0.310417 0.001563 0.314583 0.001563 0.318750 0.000000 0.322917 0.000000 0.327083 0.000000 0.331250 0.000000 0.333333 0.000000 0.335417 0.000000 0.339583 0.004687 0.339583 0.010937 0.339583 0.017188 0.339583 0.020313 0.337500 0.021875 0.331250 0.021875 0.329167 0.020313 0.325000 0.020313 0.322917 0.017188 0.320833 0.014063 0.318750 0.010937 0.318750
2 0.062500 0.314583 0.059375 0.318750 0.051562 0.327083 0.051562 0.335417 0.054688 0.337500 0.056250 0.339583 0.062500 0.339583 0.068750 0.339583 0.076563 0.339583 0.082812 0.339583 0.085938 0.339583 0.092188 0.337500 0.095312 0.335417 0.095312 0.331250 0.093750 0.327083 0.090625 0.325000 0.087500 0.318750 0.082812 0.318750 0.078125 0.318750 0.075000 0.318750 0.068750 0.318750 0.065625 0.318750 0.056250 0.318750 0.051562 0.318750
2 0.129688 0.314583 0.128125 0.322917 0.126562 0.327083 0.126562 0.331250 0.125000 0.335417 0.125000 0.343750 0.128125 0.347917 0.132812 0.347917 0.139063 0.347917 0.143750 0.347917 0.148438 0.347917 0.153125 0.343750 0.154688 0.339583 0.154688 0.333333 0.153125 0.327083 0.153125 0.325000 0.150000 0.318750 0.145313 0.316667 0.140625 0.316667 0.131250 0.316667 0.126562 0.316667
2 0.195312 0.318750 0.193750 0.322917 0.190625 0.325000 0.189062 0.329167 0.189062 0.331250 0.189062 0.335417 0.189062 0.339583 0.189062 0.343750 0.190625 0.347917 0.192188 0.347917 0.195312 0.347917 0.198437 0.347917 0.203125 0.347917 0.207813 0.347917 0.210938 0.343750 0.210938 0.339583 0.214062 0.331250 0.214062 0.329167 0.214062 0.325000 0.210938 0.322917 0.207813 0.320833 0.204687 0.318750 0.203125 0.318750 0.200000 0.318750 0.196875 0.318750 0.195312 0.318750
2 0.262500 0.322917 0.256250 0.325000 0.253125 0.329167 0.253125 0.335417 0.253125 0.343750 0.253125 0.350000 0.256250 0.352083 0.262500 0.352083 0.267188 0.352083 0.271875 0.352083 0.282813 0.350000 0.292187 0.347917 0.292187 0.343750 0.292187 0.337500 0.292187 0.333333 0.292187 0.327083 0.289062 0.322917 0.282813 0.318750 0.279687 0.314583 0.270313 0.314583 0.267188 0.312500 0.260937 0.312500
2 0.326562 0.552083 0.318750 0.554167 0.315625 0.558333 0.312500 0.560417 0.312500 0.566667 0.312500 0.570833 0.312500 0.577083 0.312500 0.583333 0.314063 0.589583 0.315625 0.589583 0.320312 0.593750 0.321875 0.593750 0.325000 0.593750 0.328125 0.593750 0.331250 0.593750 0.334375 0.593750 0.337500 0.589583 0.342187 0.585417 0.342187 0.583333 0.342187 0.577083 0.342187 0.575000 0.342187 0.572917 0.340625 0.566667 0.337500 0.564583 0.329688 0.564583 0.326562 0.564583
2 0.328125 0.460417 0.325000 0.462500 0.321875 0.466667 0.321875 0.470833 0.321875 0.475000 0.325000 0.481250 0.331250 0.481250 0.334375 0.483333 0.337500 0.485417 0.340625 0.487500 0.343750 0.485417 0.346875 0.481250 0.348438 0.479167 0.350000 0.477083 0.351562 0.470833 0.350000 0.464583 0.350000 0.464583 0.346875 0.464583 0.340625 0.464583 0.335938 0.464583 0.334375 0.464583
2 0.320312 0.633333 0.321875 0.645833 0.321875 0.654167 0.325000 0.660417 0.325000 0.664583 0.326562 0.668750 0.328125 0.672917 0.329688 0.675000 0.334375 0.679167 0.334375 0.681250 0.337500 0.679167 0.337500 0.670833 0.337500 0.666667 0.337500 0.662500 0.337500 0.656250 0.337500 0.652083 0.337500 0.647917 0.337500 0.645833 0.337500 0.639583 0.335938 0.637500 0.334375 0.633333 0.331250 0.633333
2 0.428125 0.752083 0.425000 0.752083 0.420312 0.756250 0.417187 0.758333 0.414062 0.764583 0.414062 0.770833 0.414062 0.775000 0.414062 0.779167 0.417187 0.781250 0.421875 0.783333 0.426563 0.783333 0.434375 0.783333 0.437500 0.783333 0.440625 0.783333 0.443750 0.783333 0.443750 0.779167 0.445312 0.775000 0.445312 0.770833 0.443750 0.766667 0.440625 0.762500 0.437500 0.762500 0.434375 0.760417 0.431250 0.760417
2 0.528125 0.679167 0.528125 0.681250 0.528125 0.685417 0.528125 0.689583 0.528125 0.691667 0.529687 0.693750 0.531250 0.697917 0.532813 0.697917 0.537500 0.697917 0.540625 0.697917 0.543750 0.697917 0.543750 0.697917 0.546875 0.697917 0.548438 0.695833 0.548438 0.689583 0.548438 0.687500 0.548438 0.683333 0.548438 0.681250 0.548438 0.679167 0.548438 0.675000 0.545312 0.670833 0.543750 0.670833 0.540625 0.666667 0.537500 0.666667 0.535937 0.666667 0.534375 0.666667 0.531250 0.666667 0.531250 0.666667
2 0.534375 0.568750 0.532813 0.566667 0.529687 0.566667 0.523438 0.566667 0.518750 0.568750 0.518750 0.572917 0.518750 0.577083 0.517188 0.585417 0.517188 0.591667 0.518750 0.593750 0.521875 0.595833 0.531250 0.595833 0.540625 0.595833 0.543750 0.593750 0.548438 0.589583 0.548438 0.585417 0.548438 0.581250 0.548438 0.577083 0.548438 0.570833 0.545312 0.566667 0.543750 0.560417 0.539062 0.558333 0.534375 0.558333 0.531250 0.558333
2 0.531250 0.466667 0.525000 0.479167 0.525000 0.483333 0.525000 0.487500 0.525000 0.489583 0.528125 0.495833 0.534375 0.500000 0.543750 0.500000 0.551562 0.500000 0.554688 0.500000 0.554688 0.489583 0.554688 0.483333 0.554688 0.481250 0.554688 0.477083 0.553125 0.475000 0.551562 0.468750 0.548438 0.466667 0.546875 0.464583 0.543750 0.464583 0.540625 0.464583 0.535937 0.464583
2 0.442188 0.554167 0.439063 0.554167 0.434375 0.554167 0.425000 0.554167 0.421875 0.556250 0.418750 0.562500 0.418750 0.566667 0.418750 0.568750 0.418750 0.577083 0.420312 0.583333 0.421875 0.589583 0.428125 0.591667 0.432812 0.591667 0.435937 0.591667 0.439063 0.589583 0.440625 0.589583 0.443750 0.581250 0.445312 0.577083 0.445312 0.572917 0.445312 0.568750 0.445312 0.564583 0.445312 0.556250 0.443750 0.554167 0.440625 0.550000 0.439063 0.547917 0.434375 0.547917
2 0.425000 0.447917 0.418750 0.462500 0.418750 0.468750 0.418750 0.472917 0.418750 0.481250 0.420312 0.487500 0.423438 0.489583 0.426563 0.491667 0.431250 0.491667 0.435937 0.491667 0.440625 0.489583 0.445312 0.485417 0.450000 0.477083 0.450000 0.472917 0.450000 0.466667 0.448437 0.460417 0.446875 0.456250 0.443750 0.452083 0.434375 0.452083 0.425000 0.452083 0.421875 0.452083
2 0.615625 0.356250 0.612500 0.352083 0.612500 0.352083 0.609375 0.352083 0.606250 0.352083 0.603125 0.354167 0.601562 0.356250 0.600000 0.358333 0.596875 0.360417 0.595313 0.364583 0.595313 0.364583 0.595313 0.368750 0.595313 0.370833 0.595313 0.375000 0.600000 0.375000 0.603125 0.375000 0.609375 0.375000 0.612500 0.375000 0.612500 0.375000 0.615625 0.375000 0.615625 0.372917 0.618750 0.368750 0.620313 0.366667 0.621875 0.362500 0.621875 0.360417 0.621875 0.358333 0.621875 0.354167 0.618750 0.352083 0.615625 0.352083 0.614062 0.352083
2 0.679688 0.343750 0.679688 0.347917 0.676562 0.352083 0.675000 0.354167 0.673438 0.358333 0.671875 0.364583 0.671875 0.368750 0.673438 0.375000 0.675000 0.379167 0.678125 0.379167 0.679688 0.379167 0.684375 0.379167 0.687500 0.377083 0.687500 0.375000 0.689063 0.368750 0.689063 0.364583 0.689063 0.360417 0.689063 0.356250 0.689063 0.352083 0.682813 0.350000 0.675000 0.347917
2 0.751563 0.352083 0.748437 0.356250 0.746875 0.358333 0.743750 0.364583 0.743750 0.366667 0.743750 0.368750 0.745313 0.372917 0.748437 0.377083 0.751563 0.379167 0.756250 0.379167 0.759375 0.379167 0.764062 0.379167 0.765625 0.375000 0.767188 0.370833 0.767188 0.368750 0.767188 0.364583 0.767188 0.360417 0.767188 0.356250 0.767188 0.352083 0.757812 0.352083 0.751563 0.352083 0.754687 0.352083
2 0.820312 0.360417 0.818750 0.364583 0.817187 0.366667 0.814063 0.368750 0.812500 0.372917 0.812500 0.377083 0.810937 0.381250 0.810937 0.385417 0.810937 0.387500 0.814063 0.389583 0.818750 0.389583 0.825000 0.387500 0.829688 0.385417 0.831250 0.383333 0.832812 0.379167 0.832812 0.375000 0.832812 0.370833 0.832812 0.368750 0.832812 0.362500 0.829688 0.360417 0.821875 0.360417
2 0.885938 0.362500 0.878125 0.364583 0.870313 0.368750 0.867188 0.372917 0.864062 0.375000 0.864062 0.381250 0.864062 0.385417 0.867188 0.387500 0.870313 0.389583 0.875000 0.389583 0.878125 0.389583 0.887500 0.387500 0.890625 0.383333 0.890625 0.379167 0.890625 0.375000 0.890625 0.372917 0.889062 0.368750 0.885938 0.364583 0.881250 0.360417 0.876563 0.360417 0.871875 0.360417
2 0.929688 0.364583 0.929688 0.366667 0.929688 0.368750 0.929688 0.375000 0.928125 0.377083 0.928125 0.379167 0.928125 0.381250 0.929688 0.387500 0.931250 0.387500 0.932813 0.389583 0.932813 0.389583 0.935937 0.389583 0.937500 0.389583 0.940625 0.389583 0.943750 0.389583 0.945312 0.389583 0.946875 0.387500 0.946875 0.383333 0.946875 0.381250 0.945312 0.379167 0.945312 0.375000 0.943750 0.375000 0.939063 0.375000 0.935937 0.370833 0.934375 0.368750 0.932813 0.368750 0.929688 0.368750 0.928125 0.368750
2 0.893750 0.247917 0.893750 0.243750 0.889062 0.245833 0.884375 0.250000 0.881250 0.252083 0.881250 0.258333 0.881250 0.262500 0.881250 0.268750 0.882812 0.272917 0.887500 0.275000 0.890625 0.277083 0.895312 0.277083 0.898438 0.279167 0.900000 0.275000 0.901563 0.270833 0.903125 0.264583 0.903125 0.260417 0.903125 0.256250 0.903125 0.252083 0.903125 0.245833 0.900000 0.243750 0.898438 0.241667 0.896875 0.241667
2 0.920312 0.129167 0.915625 0.131250 0.914062 0.133333 0.914062 0.137500 0.914062 0.141667 0.914062 0.145833 0.914062 0.150000 0.914062 0.154167 0.915625 0.158333 0.915625 0.162500 0.918750 0.162500 0.920312 0.166667 0.923438 0.166667 0.926562 0.166667 0.931250 0.166667 0.932813 0.162500 0.932813 0.158333 0.934375 0.154167 0.934375 0.147917 0.934375 0.139583 0.932813 0.133333 0.928125 0.129167 0.926562 0.125000 0.923438 0.122917
