0 0.579688 0.408333 0.568750 0.404167 0.557813 0.402083 0.543750 0.397917 0.531250 0.397917 0.521875 0.397917 0.510938 0.397917 0.501563 0.397917 0.498437 0.408333 0.496875 0.425000 0.496875 0.439583 0.503125 0.447917 0.512500 0.447917 0.525000 0.447917 0.535937 0.450000 0.551562 0.454167 0.560937 0.460417 0.573438 0.464583 0.578125 0.454167 0.581250 0.433333 0.581250 0.420833
0 0.670312 0.404167 0.642188 0.404167 0.628125 0.404167 0.615625 0.404167 0.604688 0.402083 0.593750 0.402083 0.582812 0.402083 0.579688 0.416667 0.578125 0.433333 0.578125 0.447917 0.581250 0.458333 0.590625 0.456250 0.601562 0.458333 0.615625 0.460417 0.628125 0.460417 0.642188 0.462500 0.653125 0.464583 0.662500 0.466667 0.664062 0.454167 0.667188 0.437500 0.667188 0.420833 0.665625 0.404167
0 0.409375 0.145833 0.389062 0.147917 0.381250 0.150000 0.375000 0.154167 0.367188 0.166667 0.364063 0.183333 0.364063 0.193750 0.364063 0.206250 0.367188 0.218750 0.373437 0.225000 0.378125 0.231250 0.385937 0.235417 0.393750 0.237500 0.401562 0.235417 0.401562 0.218750 0.403125 0.206250 0.403125 0.195833 0.404687 0.183333 0.406250 0.172917 0.406250 0.162500 0.406250 0.150000
0 0.314063 0.300000 0.301563 0.300000 0.295312 0.297917 0.285938 0.295833 0.279687 0.293750 0.270313 0.291667 0.259375 0.291667 0.253125 0.293750 0.248438 0.302083 0.248438 0.318750 0.246875 0.331250 0.254688 0.331250 0.267188 0.333333 0.278125 0.335417 0.289062 0.337500 0.298438 0.339583 0.307812 0.339583 0.315625 0.339583 0.318750 0.331250 0.320312 0.322917 0.320312 0.312500 0.317188 0.297917
0 0.371875 0.504167 0.360938 0.502083 0.350000 0.500000 0.339062 0.500000 0.334375 0.512500 0.332813 0.527083 0.332813 0.543750 0.331250 0.560417 0.328125 0.575000 0.325000 0.591667 0.331250 0.597917 0.340625 0.602083 0.350000 0.602083 0.362500 0.602083 0.370312 0.600000 0.371875 0.583333 0.371875 0.566667 0.371875 0.550000 0.368750 0.529167 0.368750 0.514583 0.367188 0.500000
0 0.365625 0.610417 0.353125 0.610417 0.339062 0.610417 0.328125 0.610417 0.325000 0.625000 0.318750 0.650000 0.317188 0.664583 0.317188 0.679167 0.317188 0.691667 0.317188 0.706250 0.318750 0.718750 0.328125 0.720833 0.337500 0.720833 0.350000 0.722917 0.359375 0.722917 0.364063 0.712500 0.367188 0.685417 0.367188 0.666667 0.365625 0.641667 0.364063 0.625000 0.364063 0.610417
3 0.475000 0.327083 0.476562 0.312500 0.470313 0.302083 0.464062 0.304167 0.456250 0.308333 0.451562 0.318750 0.451562 0.329167 0.451562 0.339583 0.453125 0.356250 0.456250 0.370833 0.460938 0.385417 0.464062 0.400000 0.465625 0.412500 0.470313 0.418750 0.476562 0.412500 0.476562 0.397917 0.476562 0.381250 0.476562 0.368750 0.476562 0.356250 0.475000 0.343750 0.473438 0.331250 0.473438 0.320833
3 0.384375 0.233333 0.376563 0.233333 0.368750 0.233333 0.364063 0.239583 0.364063 0.250000 0.367188 0.258333 0.370312 0.262500 0.375000 0.268750 0.379688 0.272917 0.385937 0.281250 0.393750 0.291667 0.398438 0.295833 0.401562 0.302083 0.406250 0.295833 0.406250 0.285417 0.406250 0.275000 0.401562 0.268750 0.396875 0.258333 0.389062 0.245833 0.382812 0.235417 0.379688 0.229167
3 0.325000 0.300000 0.320312 0.300000 0.314063 0.302083 0.310937 0.308333 0.312500 0.318750 0.315625 0.329167 0.317188 0.335417 0.321875 0.343750 0.325000 0.347917 0.331250 0.352083 0.337500 0.360417 0.340625 0.364583 0.346875 0.372917 0.346875 0.364583 0.346875 0.354167 0.342187 0.345833 0.337500 0.337500 0.331250 0.327083 0.323437 0.314583 0.318750 0.302083 0.315625 0.295833
3 0.385937 0.404167 0.379688 0.393750 0.371875 0.387500 0.365625 0.391667 0.364063 0.402083 0.364063 0.414583 0.364063 0.425000 0.367188 0.433333 0.371875 0.443750 0.376563 0.452083 0.379688 0.458333 0.384375 0.464583 0.389062 0.472917 0.396875 0.472917 0.403125 0.470833 0.401562 0.460417 0.400000 0.450000 0.396875 0.441667 0.395313 0.431250 0.392188 0.422917 0.389062 0.412500 0.385937 0.404167
7 0.245312 0.487500 0.198437 0.479167 0.168750 0.477083 0.146875 0.483333 0.140625 0.510417 0.142187 0.535417 0.150000 0.554167 0.157812 0.570833 0.162500 0.597917 0.156250 0.602083 0.165625 0.622917 0.168750 0.641667 0.182812 0.641667 0.203125 0.637500 0.221875 0.637500 0.240625 0.637500 0.259375 0.637500 0.259375 0.604167 0.260937 0.577083 0.256250 0.527083 0.250000 0.493750
7 0.250000 0.722917 0.234375 0.710417 0.221875 0.702083 0.210938 0.697917 0.198437 0.691667 0.189062 0.691667 0.176563 0.695833 0.168750 0.702083 0.162500 0.714583 0.165625 0.729167 0.170313 0.739583 0.178125 0.743750 0.187500 0.750000 0.196875 0.756250 0.204687 0.762500 0.214062 0.768750 0.225000 0.775000 0.232813 0.772917 0.237500 0.758333 0.245312 0.743750 0.250000 0.729167
7 0.332813 0.472917 0.325000 0.470833 0.317188 0.470833 0.312500 0.479167 0.307812 0.487500 0.306250 0.495833 0.303125 0.504167 0.300000 0.514583 0.298438 0.522917 0.298438 0.533333 0.300000 0.541667 0.304688 0.543750 0.310937 0.543750 0.317188 0.543750 0.321875 0.539583 0.325000 0.533333 0.326562 0.522917 0.328125 0.512500 0.329688 0.504167 0.332813 0.495833 0.334375 0.487500 0.334375 0.477083
7 0.520312 0.470833 0.510938 0.470833 0.506250 0.470833 0.498437 0.470833 0.492188 0.470833 0.484375 0.470833 0.478125 0.470833 0.475000 0.472917 0.473438 0.481250 0.473438 0.489583 0.473438 0.495833 0.476562 0.502083 0.482812 0.504167 0.490625 0.504167 0.498437 0.504167 0.506250 0.500000 0.512500 0.500000 0.518750 0.493750 0.525000 0.493750 0.528125 0.487500 0.525000 0.477083 0.521875 0.468750
7 0.346875 0.202083 0.340625 0.197917 0.335938 0.195833 0.329688 0.191667 0.328125 0.195833 0.326562 0.206250 0.325000 0.218750 0.325000 0.227083 0.325000 0.239583 0.325000 0.250000 0.325000 0.258333 0.325000 0.266667 0.329688 0.268750 0.337500 0.266667 0.342187 0.266667 0.343750 0.258333 0.345313 0.250000 0.345313 0.239583 0.345313 0.229167 0.345313 0.220833 0.345313 0.210417 0.343750 0.202083 0.343750 0.189583
7 0.312500 0.250000 0.300000 0.250000 0.295312 0.250000 0.289062 0.250000 0.282813 0.245833 0.276562 0.245833 0.275000 0.254167 0.275000 0.262500 0.276562 0.270833 0.279687 0.279167 0.284375 0.277083 0.290625 0.275000 0.298438 0.275000 0.304688 0.275000 0.312500 0.275000 0.318750 0.277083 0.320312 0.270833 0.320312 0.260417 0.318750 0.252083 0.317188 0.243750 0.312500 0.243750 0.304688 0.243750 0.300000 0.245833
4 0.898438 0.022917 0.889062 0.020833 0.881250 0.020833 0.875000 0.020833 0.867188 0.020833 0.862500 0.022917 0.862500 0.033333 0.862500 0.043750 0.862500 0.052083 0.862500 0.062500 0.865625 0.068750 0.873437 0.068750 0.878125 0.072917 0.884375 0.072917 0.890625 0.077083 0.895312 0.075000 0.896875 0.066667 0.898438 0.058333 0.898438 0.047917 0.898438 0.037500 0.898438 0.029167 0.898438 0.020833
4 0.882812 0.847917 0.870313 0.835417 0.865625 0.831250 0.860938 0.822917 0.856250 0.820833 0.851562 0.822917 0.848437 0.831250 0.845313 0.839583 0.843750 0.847917 0.842187 0.854167 0.842187 0.864583 0.840625 0.870833 0.842187 0.877083 0.848437 0.881250 0.854688 0.881250 0.860938 0.881250 0.868750 0.881250 0.873437 0.881250 0.875000 0.875000 0.878125 0.866667 0.879687 0.858333
6 0.554688 0.479167 0.514062 0.500000 0.543750 0.504167 0.579688 0.508333 0.620313 0.512500 0.660937 0.514583 0.700000 0.514583 0.739062 0.516667 0.776563 0.525000 0.826562 0.535417 0.867188 0.539583 0.903125 0.543750 0.903125 0.516667 0.862500 0.512500 0.823438 0.508333 0.784375 0.504167 0.735938 0.495833 0.687500 0.493750 0.645312 0.489583 0.587500 0.489583 0.548438 0.481250
6 0.531250 0.364583 0.489063 0.375000 0.517188 0.391667 0.560937 0.395833 0.596875 0.400000 0.637500 0.406250 0.682813 0.406250 0.756250 0.408333 0.806250 0.408333 0.843750 0.412500 0.878125 0.425000 0.909375 0.414583 0.881250 0.393750 0.837500 0.393750 0.793750 0.383333 0.759375 0.381250 0.707812 0.368750 0.667188 0.368750 0.603125 0.370833 0.564063 0.368750 0.521875 0.360417
6 0.506250 0.254167 0.531250 0.287500 0.576562 0.291667 0.620313 0.291667 0.657813 0.295833 0.703125 0.297917 0.745313 0.300000 0.800000 0.308333 0.851562 0.308333 0.885938 0.314583 0.917188 0.308333 0.892188 0.285417 0.850000 0.279167 0.809375 0.283333 0.770312 0.275000 0.721875 0.270833 0.679688 0.262500 0.629687 0.266667 0.578125 0.258333 0.529687 0.254167
6 0.515625 0.004167 0.512500 0.041667 0.510938 0.066667 0.509375 0.093750 0.506250 0.122917 0.504687 0.156250 0.501563 0.183333 0.501563 0.210417 0.503125 0.237500 0.509375 0.254167 0.521875 0.241667 0.525000 0.214583 0.528125 0.189583 0.528125 0.162500 0.528125 0.137500 0.531250 0.110417 0.532813 0.087500 0.535937 0.060417 0.540625 0.029167 0.539062 0.004167 0.518750 0.004167
6 0.434375 0.000000 0.428125 0.037500 0.421875 0.066667 0.418750 0.106250 0.418750 0.137500 0.418750 0.164583 0.415625 0.193750 0.412500 0.218750 0.410938 0.243750 0.415625 0.262500 0.426563 0.252083 0.431250 0.227083 0.434375 0.197917 0.437500 0.168750 0.437500 0.145833 0.440625 0.116667 0.443750 0.089583 0.446875 0.050000 0.451562 0.018750 0.446875 0.000000 0.434375 0.002083
6 0.364063 0.002083 0.353125 0.041667 0.353125 0.064583 0.350000 0.085417 0.346875 0.110417 0.346875 0.133333 0.340625 0.162500 0.340625 0.187500 0.342187 0.206250 0.345313 0.229167 0.359375 0.222917 0.359375 0.195833 0.364063 0.172917 0.364063 0.150000 0.364063 0.133333 0.368750 0.104167 0.370312 0.081250 0.373437 0.054167 0.375000 0.029167 0.373437 0.004167 0.362500 0.000000
6 0.401562 0.497917 0.389062 0.504167 0.387500 0.543750 0.382812 0.589583 0.382812 0.622917 0.378125 0.675000 0.378125 0.708333 0.376563 0.758333 0.368750 0.814583 0.367188 0.847917 0.384375 0.843750 0.390625 0.802083 0.392188 0.762500 0.395313 0.722917 0.396875 0.681250 0.398438 0.650000 0.401562 0.616667 0.404687 0.577083 0.409375 0.539583 0.410938 0.504167 0.396875 0.493750
6 0.492188 0.504167 0.473438 0.502083 0.473438 0.533333 0.470313 0.570833 0.468750 0.606250 0.468750 0.641667 0.465625 0.677083 0.464062 0.714583 0.457813 0.747917 0.451562 0.783333 0.451562 0.833333 0.464062 0.831250 0.479687 0.814583 0.481250 0.779167 0.482812 0.739583 0.485938 0.689583 0.489063 0.656250 0.489063 0.625000 0.492188 0.585417 0.498437 0.541667 0.492188 0.512500
6 0.323437 0.550000 0.307812 0.552083 0.307812 0.577083 0.306250 0.610417 0.304688 0.641667 0.301563 0.666667 0.296875 0.695833 0.293750 0.725000 0.292187 0.756250 0.289062 0.791667 0.289062 0.814583 0.307812 0.814583 0.312500 0.791667 0.312500 0.762500 0.312500 0.735417 0.315625 0.702083 0.315625 0.675000 0.318750 0.645833 0.318750 0.618750 0.320312 0.589583 0.325000 0.550000
6 0.323437 0.454167 0.289062 0.447917 0.262500 0.443750 0.232813 0.441667 0.204687 0.441667 0.167187 0.437500 0.129688 0.433333 0.089063 0.425000 0.034375 0.425000 0.004687 0.414583 0.006250 0.431250 0.034375 0.439583 0.060937 0.443750 0.089063 0.443750 0.132812 0.447917 0.165625 0.445833 0.198437 0.450000 0.231250 0.456250 0.292187 0.472917 0.318750 0.477083 0.329688 0.454167
6 0.003125 0.341667 0.014063 0.368750 0.065625 0.368750 0.095312 0.368750 0.123438 0.368750 0.150000 0.370833 0.185938 0.375000 0.215625 0.375000 0.245312 0.377083 0.282813 0.381250 0.312500 0.381250 0.317188 0.347917 0.290625 0.347917 0.257812 0.347917 0.229687 0.343750 0.189062 0.335417 0.146875 0.335417 0.104688 0.335417 0.076563 0.341667 0.039062 0.341667 0.007812 0.341667
6 0.004687 0.283333 0.021875 0.300000 0.051562 0.300000 0.078125 0.300000 0.104688 0.300000 0.134375 0.300000 0.156250 0.302083 0.185938 0.304167 0.218750 0.300000 0.246875 0.300000 0.276562 0.300000 0.301563 0.291667 0.285938 0.275000 0.262500 0.270833 0.226562 0.279167 0.198437 0.275000 0.153125 0.268750 0.128125 0.268750 0.089063 0.270833 0.043750 0.275000 0.010937 0.279167
