6 0.618750 0.393750 0.596875 0.377083 0.584375 0.370833 0.570312 0.368750 0.556250 0.368750 0.543750 0.368750 0.528125 0.368750 0.515625 0.364583 0.503125 0.364583 0.501563 0.366667 0.510938 0.383333 0.515625 0.391667 0.525000 0.397917 0.534375 0.400000 0.545312 0.402083 0.557813 0.404167 0.570312 0.404167 0.579688 0.408333 0.589063 0.408333 0.600000 0.408333 0.609375 0.404167 0.615625 0.395833
6 0.412500 0.339583 0.395313 0.335417 0.382812 0.333333 0.367188 0.329167 0.353125 0.329167 0.343750 0.325000 0.332813 0.322917 0.318750 0.322917 0.306250 0.322917 0.298438 0.331250 0.306250 0.335417 0.317188 0.339583 0.328125 0.343750 0.340625 0.347917 0.353125 0.350000 0.364063 0.354167 0.375000 0.356250 0.387500 0.358333 0.398438 0.360417 0.410938 0.360417 0.409375 0.343750
6 0.443750 0.477083 0.414062 0.460417 0.392188 0.447917 0.371875 0.439583 0.348438 0.431250 0.325000 0.420833 0.300000 0.408333 0.273438 0.397917 0.246875 0.383333 0.223438 0.381250 0.223438 0.397917 0.243750 0.408333 0.267188 0.422917 0.292187 0.433333 0.315625 0.445833 0.339062 0.456250 0.367188 0.460417 0.389062 0.470833 0.409375 0.489583 0.432812 0.497917 0.440625 0.472917
6 0.135937 0.441667 0.107813 0.437500 0.126562 0.464583 0.143750 0.483333 0.153125 0.493750 0.178125 0.512500 0.200000 0.533333 0.221875 0.558333 0.243750 0.577083 0.275000 0.604167 0.298438 0.627083 0.329688 0.633333 0.328125 0.602083 0.301563 0.585417 0.270313 0.562500 0.245312 0.541667 0.221875 0.516667 0.203125 0.500000 0.179688 0.477083 0.148438 0.456250
6 0.298438 0.627083 0.250000 0.654167 0.218750 0.675000 0.193750 0.697917 0.164062 0.714583 0.140625 0.737500 0.107813 0.764583 0.075000 0.785417 0.031250 0.808333 0.007812 0.835417 0.001563 0.868750 0.035937 0.845833 0.064062 0.827083 0.093750 0.804167 0.128125 0.785417 0.160938 0.762500 0.190625 0.743750 0.235937 0.708333 0.270313 0.685417 0.298438 0.658333 0.317188 0.633333
6 0.998437 0.222917 0.973437 0.241667 0.953125 0.266667 0.934375 0.283333 0.910937 0.295833 0.892188 0.314583 0.870313 0.331250 0.851562 0.352083 0.823438 0.368750 0.806250 0.387500 0.787500 0.408333 0.790625 0.437500 0.815625 0.425000 0.839063 0.402083 0.864062 0.375000 0.890625 0.356250 0.912500 0.331250 0.935937 0.306250 0.959375 0.283333 0.984375 0.264583 1.001562 0.239583
6 0.890625 0.210417 0.875000 0.218750 0.859375 0.229167 0.843750 0.241667 0.828125 0.254167 0.810937 0.268750 0.793750 0.279167 0.775000 0.287500 0.757812 0.300000 0.742188 0.314583 0.739062 0.337500 0.751563 0.335417 0.765625 0.322917 0.784375 0.308333 0.806250 0.285417 0.823438 0.275000 0.848437 0.262500 0.864062 0.245833 0.884375 0.235417 0.896875 0.227083 0.898438 0.212500
6 0.700000 0.345833 0.682813 0.356250 0.670312 0.364583 0.665625 0.368750 0.657813 0.372917 0.651563 0.375000 0.645312 0.381250 0.637500 0.385417 0.634375 0.391667 0.634375 0.404167 0.642188 0.408333 0.654687 0.410417 0.662500 0.408333 0.670312 0.402083 0.678125 0.395833 0.687500 0.387500 0.693750 0.381250 0.700000 0.375000 0.706250 0.364583 0.710938 0.358333 0.707812 0.352083
6 1.000000 0.504167 0.984375 0.504167 0.975000 0.500000 0.964063 0.493750 0.953125 0.489583 0.940625 0.485417 0.932813 0.485417 0.920312 0.481250 0.912500 0.485417 0.912500 0.500000 0.915625 0.508333 0.926562 0.512500 0.935937 0.516667 0.943750 0.522917 0.954688 0.527083 0.964063 0.529167 0.976562 0.533333 0.987500 0.535417 1.000000 0.537500 1.000000 0.522917 1.003125 0.510417
6 1.000000 0.706250 0.981250 0.691667 0.957812 0.679167 0.935937 0.675000 0.921875 0.668750 0.900000 0.662500 0.882812 0.654167 0.867188 0.645833 0.850000 0.639583 0.843750 0.650000 0.851562 0.662500 0.864062 0.662500 0.881250 0.666667 0.896875 0.675000 0.909375 0.685417 0.921875 0.697917 0.932813 0.708333 0.945312 0.714583 0.959375 0.714583 0.975000 0.714583 0.990625 0.714583
6 0.781250 0.841667 0.756250 0.875000 0.776563 0.895833 0.798438 0.910417 0.829688 0.927083 0.848437 0.947917 0.875000 0.966667 0.900000 0.981250 0.923438 0.993750 0.948438 1.000000 0.978125 1.000000 1.003125 0.993750 0.989062 0.972917 0.962500 0.960417 0.935937 0.945833 0.915625 0.931250 0.893750 0.916667 0.865625 0.897917 0.837500 0.879167 0.812500 0.864583 0.789062 0.847917
6 0.476562 0.927083 0.442188 0.956250 0.432812 0.968750 0.418750 0.985417 0.407813 1.000000 0.414062 1.000000 0.429688 0.997917 0.443750 0.993750 0.456250 0.987500 0.467187 0.977083 0.481250 0.964583 0.495312 0.947917 0.518750 0.927083 0.531250 0.916667 0.556250 0.891667 0.539062 0.891667 0.529687 0.900000 0.517188 0.916667 0.506250 0.929167 0.492188 0.937500 0.479687 0.933333
6 0.418750 0.722917 0.365625 0.758333 0.337500 0.779167 0.307812 0.802083 0.281250 0.831250 0.250000 0.858333 0.218750 0.879167 0.181250 0.908333 0.129688 0.933333 0.098437 0.968750 0.059375 0.997917 0.098437 1.000000 0.139063 0.983333 0.176563 0.960417 0.209375 0.931250 0.245312 0.895833 0.287500 0.856250 0.334375 0.829167 0.376563 0.800000 0.412500 0.770833 0.428125 0.733333
1 0.993750 0.506250 0.978125 0.504167 0.964063 0.500000 0.953125 0.495833 0.945312 0.489583 0.934375 0.485417 0.923438 0.485417 0.915625 0.489583 0.915625 0.504167 0.921875 0.516667 0.929688 0.518750 0.939063 0.518750 0.948438 0.518750 0.957812 0.520833 0.970313 0.525000 0.978125 0.527083 0.987500 0.529167 0.992188 0.522917 1.000000 0.516667 1.003125 0.508333 0.995313 0.504167
1 0.935937 0.943750 0.915625 0.937500 0.898438 0.925000 0.884375 0.914583 0.867188 0.904167 0.851562 0.897917 0.839063 0.885417 0.829688 0.891667 0.818750 0.900000 0.809375 0.914583 0.818750 0.925000 0.828125 0.935417 0.839063 0.947917 0.851562 0.954167 0.862500 0.960417 0.875000 0.968750 0.885938 0.977083 0.893750 0.989583 0.906250 0.987500 0.915625 0.977083 0.928125 0.960417
1 1.000000 0.231250 0.996875 0.229167 0.993750 0.227083 0.990625 0.225000 0.987500 0.225000 0.984375 0.225000 0.982812 0.227083 0.978125 0.229167 0.975000 0.235417 0.971875 0.237500 0.971875 0.241667 0.971875 0.245833 0.975000 0.250000 0.978125 0.252083 0.979688 0.252083 0.982812 0.254167 0.987500 0.254167 0.990625 0.254167 0.992188 0.254167 0.995313 0.252083 0.996875 0.245833 0.998437 0.241667 0.998437 0.237500 1.000000 0.235417 1.000000 0.231250
1 0.968750 0.275000 0.964063 0.270833 0.957812 0.270833 0.954688 0.268750 0.950000 0.268750 0.945312 0.268750 0.940625 0.268750 0.935937 0.272917 0.931250 0.277083 0.928125 0.279167 0.923438 0.285417 0.923438 0.289583 0.926562 0.291667 0.929688 0.295833 0.932813 0.295833 0.935937 0.300000 0.942187 0.300000 0.945312 0.295833 0.948438 0.291667 0.957812 0.283333 0.960938 0.279167
1 0.900000 0.318750 0.896875 0.318750 0.893750 0.318750 0.892188 0.320833 0.889062 0.322917 0.885938 0.325000 0.884375 0.327083 0.881250 0.329167 0.878125 0.331250 0.878125 0.335417 0.878125 0.337500 0.879687 0.339583 0.881250 0.341667 0.884375 0.343750 0.885938 0.347917 0.890625 0.347917 0.892188 0.343750 0.893750 0.341667 0.896875 0.339583 0.898438 0.335417 0.900000 0.331250 0.903125 0.327083 0.903125 0.325000 0.906250 0.320833 0.906250 0.316667
1 0.831250 0.370833 0.821875 0.375000 0.815625 0.381250 0.809375 0.387500 0.800000 0.391667 0.793750 0.395833 0.789062 0.404167 0.785937 0.412500 0.785937 0.422917 0.790625 0.427083 0.796875 0.427083 0.806250 0.425000 0.815625 0.420833 0.821875 0.416667 0.829688 0.408333 0.835938 0.397917 0.840625 0.391667 0.848437 0.387500 0.845313 0.381250 0.839063 0.375000 0.832812 0.372917
1 0.903125 0.206250 0.898438 0.206250 0.893750 0.208333 0.887500 0.210417 0.881250 0.212500 0.878125 0.214583 0.875000 0.218750 0.870313 0.222917 0.870313 0.229167 0.870313 0.235417 0.875000 0.235417 0.879687 0.235417 0.884375 0.235417 0.887500 0.231250 0.890625 0.229167 0.893750 0.229167 0.896875 0.227083 0.898438 0.222917 0.901563 0.220833 0.901563 0.214583 0.900000 0.212500 0.898438 0.206250
1 0.846875 0.254167 0.843750 0.254167 0.840625 0.252083 0.837500 0.250000 0.834375 0.250000 0.831250 0.250000 0.828125 0.252083 0.825000 0.254167 0.821875 0.256250 0.818750 0.258333 0.817187 0.262500 0.814063 0.262500 0.812500 0.266667 0.814063 0.270833 0.815625 0.270833 0.818750 0.270833 0.821875 0.270833 0.826562 0.270833 0.828125 0.268750 0.831250 0.268750 0.834375 0.266667 0.837500 0.264583 0.839063 0.262500 0.842187 0.260417 0.843750 0.258333
1 0.787500 0.289583 0.782813 0.291667 0.776563 0.293750 0.773438 0.295833 0.767188 0.297917 0.764062 0.302083 0.760938 0.306250 0.757812 0.308333 0.756250 0.314583 0.757812 0.320833 0.759375 0.325000 0.764062 0.327083 0.767188 0.325000 0.770312 0.320833 0.781250 0.312500 0.785937 0.306250 0.789062 0.302083 0.793750 0.302083 0.796875 0.297917 0.792188 0.295833 0.787500 0.291667 0.784375 0.291667
1 0.606250 0.391667 0.603125 0.389583 0.598437 0.387500 0.595313 0.387500 0.590625 0.383333 0.585938 0.381250 0.582812 0.381250 0.578125 0.381250 0.573438 0.381250 0.570312 0.383333 0.568750 0.387500 0.565625 0.389583 0.570312 0.391667 0.573438 0.397917 0.578125 0.400000 0.581250 0.402083 0.584375 0.404167 0.589063 0.404167 0.596875 0.404167 0.603125 0.404167 0.607812 0.404167 0.610938 0.400000 0.612500 0.395833 0.609375 0.391667
1 0.528125 0.370833 0.523438 0.370833 0.521875 0.370833 0.518750 0.368750 0.517188 0.368750 0.514062 0.368750 0.512500 0.368750 0.510938 0.366667 0.507812 0.366667 0.506250 0.368750 0.506250 0.372917 0.506250 0.375000 0.506250 0.379167 0.506250 0.383333 0.506250 0.385417 0.509375 0.387500 0.510938 0.387500 0.514062 0.387500 0.515625 0.387500 0.517188 0.383333 0.518750 0.381250 0.523438 0.379167 0.526563 0.377083 0.528125 0.375000 0.528125 0.372917
1 0.407813 0.337500 0.406250 0.339583 0.404687 0.341667 0.401562 0.341667 0.400000 0.343750 0.398438 0.343750 0.396875 0.345833 0.395313 0.347917 0.396875 0.352083 0.396875 0.352083 0.398438 0.356250 0.401562 0.356250 0.404687 0.356250 0.406250 0.356250 0.409375 0.356250 0.410938 0.352083 0.412500 0.352083 0.412500 0.347917 0.412500 0.343750 0.412500 0.341667 0.410938 0.339583 0.409375 0.339583 0.407813 0.339583
1 0.373437 0.331250 0.371875 0.331250 0.370312 0.331250 0.367188 0.333333 0.367188 0.335417 0.367188 0.335417 0.365625 0.335417 0.364063 0.339583 0.364063 0.341667 0.364063 0.341667 0.362500 0.343750 0.360938 0.343750 0.364063 0.343750 0.364063 0.343750 0.367188 0.345833 0.367188 0.345833 0.370312 0.345833 0.370312 0.343750 0.371875 0.343750 0.371875 0.341667 0.373437 0.341667 0.375000 0.339583 0.375000 0.337500 0.376563 0.335417 0.376563 0.335417 0.375000 0.333333 0.373437 0.331250 0.371875 0.331250
1 0.345313 0.329167 0.342187 0.329167 0.340625 0.329167 0.337500 0.329167 0.334375 0.329167 0.334375 0.331250 0.331250 0.331250 0.329688 0.333333 0.328125 0.335417 0.326562 0.335417 0.325000 0.337500 0.325000 0.339583 0.328125 0.339583 0.331250 0.339583 0.332813 0.339583 0.334375 0.339583 0.337500 0.339583 0.339062 0.339583 0.340625 0.337500 0.342187 0.335417 0.343750 0.331250 0.343750 0.331250
1 0.237500 0.387500 0.235937 0.387500 0.232813 0.387500 0.231250 0.385417 0.228125 0.383333 0.228125 0.381250 0.225000 0.381250 0.221875 0.381250 0.220312 0.383333 0.220312 0.387500 0.221875 0.391667 0.221875 0.395833 0.223438 0.397917 0.225000 0.397917 0.226562 0.395833 0.228125 0.395833 0.231250 0.391667 0.234375 0.387500 0.237500 0.383333 0.239063 0.381250 0.240625 0.381250 0.242188 0.381250
1 0.260937 0.391667 0.259375 0.393750 0.257812 0.395833 0.256250 0.397917 0.253125 0.397917 0.250000 0.400000 0.248438 0.402083 0.248438 0.404167 0.248438 0.408333 0.248438 0.412500 0.250000 0.414583 0.251563 0.412500 0.253125 0.412500 0.256250 0.412500 0.259375 0.412500 0.260937 0.410417 0.262500 0.408333 0.265625 0.408333 0.267188 0.408333 0.267188 0.404167 0.267188 0.402083 0.267188 0.397917 0.267188 0.395833 0.264062 0.393750
1 0.290625 0.404167 0.287500 0.406250 0.282813 0.408333 0.281250 0.408333 0.279687 0.410417 0.276562 0.410417 0.275000 0.412500 0.275000 0.414583 0.271875 0.414583 0.270313 0.416667 0.267188 0.416667 0.270313 0.418750 0.271875 0.420833 0.275000 0.422917 0.276562 0.425000 0.279687 0.427083 0.281250 0.427083 0.282813 0.425000 0.285938 0.425000 0.285938 0.422917 0.287500 0.420833 0.289062 0.416667 0.289062 0.414583 0.289062 0.410417 0.289062 0.408333 0.289062 0.404167
1 0.356250 0.443750 0.357812 0.441667 0.359375 0.435417 0.356250 0.433333 0.351562 0.433333 0.346875 0.431250 0.343750 0.431250 0.337500 0.429167 0.334375 0.429167 0.331250 0.431250 0.328125 0.433333 0.326562 0.437500 0.328125 0.441667 0.331250 0.443750 0.334375 0.447917 0.337500 0.447917 0.342187 0.447917 0.346875 0.447917 0.351562 0.447917 0.354687 0.445833 0.357812 0.443750
1 0.410938 0.464583 0.409375 0.460417 0.406250 0.460417 0.401562 0.458333 0.398438 0.456250 0.396875 0.454167 0.392188 0.454167 0.390625 0.456250 0.389062 0.456250 0.384375 0.460417 0.382812 0.460417 0.379688 0.462500 0.379688 0.464583 0.382812 0.466667 0.385937 0.468750 0.389062 0.470833 0.390625 0.470833 0.392188 0.472917 0.396875 0.472917 0.401562 0.472917 0.403125 0.470833 0.406250 0.470833 0.409375 0.464583 0.410938 0.464583
1 0.942187 0.683333 0.935937 0.670833 0.923438 0.656250 0.909375 0.645833 0.889062 0.639583 0.875000 0.639583 0.862500 0.639583 0.851562 0.641667 0.840625 0.647917 0.843750 0.656250 0.851562 0.662500 0.860938 0.666667 0.875000 0.675000 0.885938 0.679167 0.893750 0.685417 0.903125 0.693750 0.910937 0.697917 0.918750 0.706250 0.926562 0.712500 0.932813 0.706250 0.940625 0.697917
1 0.337500 0.808333 0.328125 0.800000 0.318750 0.802083 0.303125 0.808333 0.290625 0.818750 0.276562 0.827083 0.267188 0.835417 0.256250 0.841667 0.246875 0.852083 0.240625 0.864583 0.237500 0.875000 0.242188 0.885417 0.257812 0.879167 0.273438 0.868750 0.290625 0.862500 0.304688 0.852083 0.312500 0.841667 0.321875 0.835417 0.334375 0.829167 0.340625 0.814583 0.337500 0.800000
1 0.171875 0.920833 0.150000 0.933333 0.137500 0.943750 0.126562 0.952083 0.115625 0.958333 0.106250 0.966667 0.100000 0.977083 0.098437 0.987500 0.098437 1.006250 0.098437 1.022917 0.101562 1.041667 0.106250 1.050000 0.112500 1.020833 0.118750 1.002083 0.131250 0.985417 0.140625 0.977083 0.153125 0.970833 0.173437 0.956250 0.178125 0.950000 0.179688 0.941667 0.175000 0.931250 0.173437 0.918750
1 0.237500 0.679167 0.221875 0.685417 0.215625 0.687500 0.209375 0.689583 0.198437 0.695833 0.192188 0.700000 0.187500 0.704167 0.182812 0.708333 0.179688 0.714583 0.179688 0.720833 0.182812 0.725000 0.189062 0.727083 0.193750 0.725000 0.198437 0.722917 0.206250 0.718750 0.218750 0.710417 0.225000 0.706250 0.232813 0.702083 0.237500 0.697917 0.240625 0.691667 0.240625 0.683333
1 0.112500 0.766667 0.085938 0.783333 0.078125 0.787500 0.071875 0.791667 0.067187 0.793750 0.059375 0.797917 0.053125 0.804167 0.048438 0.808333 0.043750 0.818750 0.040625 0.822917 0.046875 0.825000 0.051562 0.827083 0.059375 0.827083 0.070312 0.820833 0.078125 0.812500 0.095312 0.795833 0.098437 0.791667 0.106250 0.789583 0.110937 0.785417 0.117188 0.783333 0.120313 0.777083 0.117188 0.766667 0.114062 0.760417
1 0.331250 0.612500 0.321875 0.602083 0.312500 0.593750 0.307812 0.589583 0.304688 0.585417 0.300000 0.587500 0.295312 0.591667 0.289062 0.597917 0.287500 0.600000 0.284375 0.604167 0.284375 0.610417 0.285938 0.616667 0.292187 0.618750 0.298438 0.622917 0.303125 0.625000 0.307812 0.629167 0.312500 0.633333 0.318750 0.633333 0.325000 0.635417 0.328125 0.633333 0.331250 0.627083 0.331250 0.620833
1 0.270313 0.562500 0.265625 0.556250 0.262500 0.554167 0.257812 0.552083 0.253125 0.550000 0.250000 0.550000 0.246875 0.550000 0.240625 0.550000 0.234375 0.552083 0.232813 0.554167 0.231250 0.562500 0.232813 0.566667 0.234375 0.570833 0.239063 0.572917 0.242188 0.575000 0.246875 0.577083 0.250000 0.577083 0.253125 0.577083 0.257812 0.577083 0.262500 0.575000 0.265625 0.570833 0.268750 0.566667
1 0.228125 0.520833 0.225000 0.520833 0.218750 0.518750 0.214062 0.516667 0.210938 0.516667 0.207813 0.516667 0.203125 0.520833 0.200000 0.520833 0.198437 0.525000 0.200000 0.531250 0.204687 0.533333 0.207813 0.537500 0.210938 0.539583 0.215625 0.541667 0.218750 0.541667 0.223438 0.541667 0.228125 0.537500 0.232813 0.533333 0.232813 0.531250 0.229687 0.527083 0.226562 0.520833 0.223438 0.516667
1 0.181250 0.508333 0.184375 0.508333 0.185938 0.508333 0.189062 0.508333 0.190625 0.506250 0.190625 0.504167 0.193750 0.500000 0.195312 0.495833 0.193750 0.493750 0.192188 0.491667 0.190625 0.489583 0.189062 0.489583 0.185938 0.487500 0.182812 0.485417 0.181250 0.485417 0.178125 0.485417 0.176563 0.487500 0.176563 0.489583 0.173437 0.491667 0.173437 0.493750 0.171875 0.497917 0.171875 0.500000 0.173437 0.500000 0.173437 0.504167 0.176563 0.506250 0.178125 0.508333
1 0.154688 0.483333 0.157812 0.483333 0.160938 0.481250 0.165625 0.479167 0.165625 0.477083 0.168750 0.475000 0.168750 0.470833 0.165625 0.466667 0.162500 0.464583 0.160938 0.464583 0.156250 0.464583 0.156250 0.466667 0.153125 0.468750 0.153125 0.472917 0.150000 0.475000 0.148438 0.477083 0.146875 0.479167 0.150000 0.481250 0.151562 0.483333 0.153125 0.485417
1 0.134375 0.464583 0.135937 0.464583 0.137500 0.464583 0.137500 0.464583 0.139063 0.462500 0.140625 0.460417 0.140625 0.460417 0.143750 0.460417 0.143750 0.458333 0.143750 0.456250 0.143750 0.454167 0.143750 0.452083 0.142187 0.447917 0.140625 0.447917 0.139063 0.447917 0.137500 0.447917 0.137500 0.450000 0.135937 0.452083 0.134375 0.452083 0.134375 0.454167 0.132812 0.456250 0.132812 0.458333 0.132812 0.460417 0.132812 0.462500 0.134375 0.464583 0.134375 0.464583
1 0.114062 0.447917 0.115625 0.447917 0.117188 0.447917 0.120313 0.443750 0.121875 0.443750 0.125000 0.443750 0.126562 0.441667 0.128125 0.441667 0.128125 0.439583 0.128125 0.437500 0.128125 0.433333 0.126562 0.433333 0.125000 0.433333 0.123438 0.431250 0.120313 0.431250 0.118750 0.431250 0.117188 0.431250 0.115625 0.431250 0.114062 0.431250 0.114062 0.433333 0.112500 0.433333 0.110937 0.433333 0.110937 0.435417 0.110937 0.437500 0.110937 0.439583 0.110937 0.443750 0.110937 0.443750 0.110937 0.445833
2 0.803125 0.912500 0.806250 0.908333 0.814063 0.900000 0.820312 0.897917 0.826562 0.891667 0.829688 0.883333 0.825000 0.875000 0.818750 0.868750 0.812500 0.864583 0.806250 0.862500 0.801562 0.860417 0.792188 0.856250 0.784375 0.854167 0.776563 0.852083 0.771875 0.854167 0.767188 0.860417 0.764062 0.866667 0.764062 0.879167 0.771875 0.893750 0.779687 0.900000 0.787500 0.902083 0.796875 0.904167 0.804688 0.904167
2 0.993750 0.985417 0.981250 0.975000 0.973437 0.968750 0.967187 0.964583 0.956250 0.958333 0.948438 0.954167 0.942187 0.954167 0.935937 0.954167 0.929688 0.958333 0.925000 0.964583 0.921875 0.972917 0.920312 0.981250 0.925000 0.987500 0.931250 0.989583 0.937500 0.989583 0.945312 0.989583 0.953125 0.991667 0.960938 0.993750 0.970313 0.995833 0.976562 0.995833 0.984375 0.993750 0.987500 0.989583 1.000000 0.977083
2 0.996875 0.512500 0.995313 0.514583 0.990625 0.520833 0.987500 0.522917 0.985938 0.525000 0.982812 0.527083 0.981250 0.527083 0.982812 0.529167 0.984375 0.529167 0.985938 0.529167 0.987500 0.529167 0.987500 0.533333 0.990625 0.533333 0.990625 0.533333 0.993750 0.535417 0.995313 0.537500 0.996875 0.537500 0.998437 0.537500 0.998437 0.533333 0.998437 0.533333 0.998437 0.529167 0.998437 0.527083 0.998437 0.525000 0.998437 0.520833 0.998437 0.518750 0.998437 0.516667 0.998437 0.514583 0.998437 0.512500 0.998437 0.510417
2 0.873437 0.337500 0.864062 0.339583 0.859375 0.343750 0.854688 0.347917 0.848437 0.350000 0.842187 0.352083 0.839063 0.356250 0.834375 0.362500 0.835938 0.368750 0.839063 0.375000 0.843750 0.379167 0.848437 0.383333 0.851562 0.383333 0.856250 0.381250 0.865625 0.372917 0.878125 0.358333 0.881250 0.356250 0.884375 0.350000 0.882812 0.343750 0.878125 0.337500 0.873437 0.335417
2 0.923438 0.291667 0.918750 0.291667 0.915625 0.291667 0.910937 0.291667 0.907813 0.293750 0.906250 0.295833 0.903125 0.297917 0.900000 0.302083 0.896875 0.304167 0.893750 0.306250 0.893750 0.314583 0.893750 0.318750 0.896875 0.322917 0.896875 0.327083 0.900000 0.327083 0.906250 0.325000 0.912500 0.322917 0.915625 0.320833 0.918750 0.316667 0.923438 0.314583 0.923438 0.308333 0.923438 0.304167 0.923438 0.300000
2 0.979688 0.235417 0.971875 0.235417 0.967187 0.235417 0.962500 0.235417 0.959375 0.235417 0.957812 0.239583 0.956250 0.245833 0.956250 0.250000 0.956250 0.254167 0.957812 0.258333 0.957812 0.262500 0.960938 0.266667 0.962500 0.268750 0.965625 0.270833 0.970313 0.270833 0.976562 0.270833 0.979688 0.268750 0.982812 0.266667 0.984375 0.262500 0.985938 0.258333 0.985938 0.252083 0.984375 0.247917 0.982812 0.245833
2 0.867188 0.233333 0.862500 0.233333 0.859375 0.235417 0.854688 0.235417 0.850000 0.239583 0.848437 0.239583 0.846875 0.239583 0.843750 0.243750 0.842187 0.243750 0.839063 0.245833 0.839063 0.252083 0.839063 0.258333 0.840625 0.262500 0.842187 0.262500 0.845313 0.262500 0.848437 0.262500 0.857812 0.258333 0.862500 0.252083 0.864062 0.252083 0.867188 0.250000 0.868750 0.247917 0.868750 0.245833 0.870313 0.243750 0.870313 0.239583 0.868750 0.237500 0.868750 0.235417
2 0.923438 0.191667 0.917188 0.191667 0.914062 0.191667 0.910937 0.193750 0.907813 0.195833 0.906250 0.197917 0.904687 0.202083 0.904687 0.206250 0.904687 0.210417 0.907813 0.216667 0.909375 0.218750 0.912500 0.218750 0.917188 0.218750 0.920312 0.218750 0.923438 0.218750 0.929688 0.212500 0.932813 0.208333 0.932813 0.206250 0.932813 0.202083 0.931250 0.197917 0.929688 0.193750 0.926562 0.189583 0.923438 0.187500
2 0.815625 0.266667 0.806250 0.266667 0.803125 0.266667 0.795312 0.268750 0.790625 0.272917 0.789062 0.275000 0.784375 0.277083 0.784375 0.279167 0.785937 0.283333 0.790625 0.287500 0.793750 0.291667 0.796875 0.291667 0.801562 0.289583 0.807813 0.287500 0.809375 0.285417 0.814063 0.283333 0.818750 0.279167 0.821875 0.277083 0.823438 0.275000 0.825000 0.268750 0.821875 0.264583 0.820312 0.262500
2 0.662500 0.383333 0.654687 0.372917 0.648438 0.370833 0.642188 0.370833 0.637500 0.379167 0.631250 0.385417 0.631250 0.391667 0.631250 0.400000 0.637500 0.408333 0.645312 0.412500 0.651563 0.410417 0.660937 0.406250 0.668750 0.400000 0.682813 0.393750 0.687500 0.391667 0.692187 0.387500 0.692187 0.379167 0.689063 0.372917 0.682813 0.368750 0.673438 0.368750 0.667188 0.368750 0.660937 0.372917 0.654687 0.375000
2 0.557813 0.391667 0.564063 0.387500 0.565625 0.387500 0.567187 0.381250 0.567187 0.377083 0.564063 0.375000 0.557813 0.370833 0.554688 0.370833 0.550000 0.368750 0.543750 0.366667 0.540625 0.366667 0.535937 0.366667 0.534375 0.370833 0.531250 0.375000 0.529687 0.379167 0.531250 0.385417 0.535937 0.387500 0.539062 0.391667 0.545312 0.391667 0.551562 0.391667 0.554688 0.391667 0.557813 0.391667
2 0.387500 0.347917 0.389062 0.347917 0.392188 0.343750 0.393750 0.339583 0.395313 0.339583 0.396875 0.337500 0.396875 0.335417 0.395313 0.335417 0.393750 0.333333 0.392188 0.333333 0.390625 0.333333 0.389062 0.333333 0.385937 0.333333 0.384375 0.333333 0.382812 0.333333 0.381250 0.333333 0.379688 0.333333 0.378125 0.335417 0.376563 0.335417 0.376563 0.337500 0.376563 0.337500 0.379688 0.339583 0.382812 0.341667 0.385937 0.345833 0.389062 0.347917 0.389062 0.347917 0.389062 0.347917
2 0.359375 0.339583 0.360938 0.335417 0.360938 0.335417 0.360938 0.333333 0.360938 0.331250 0.360938 0.331250 0.359375 0.331250 0.356250 0.331250 0.354687 0.331250 0.351562 0.331250 0.350000 0.331250 0.350000 0.333333 0.346875 0.333333 0.346875 0.335417 0.345313 0.335417 0.346875 0.337500 0.346875 0.339583 0.346875 0.341667 0.350000 0.341667 0.350000 0.341667 0.351562 0.343750 0.353125 0.343750 0.354687 0.343750 0.356250 0.343750
2 0.320312 0.335417 0.320312 0.333333 0.321875 0.331250 0.321875 0.331250 0.321875 0.329167 0.321875 0.327083 0.321875 0.322917 0.321875 0.318750 0.321875 0.318750 0.321875 0.314583 0.318750 0.314583 0.317188 0.316667 0.317188 0.318750 0.315625 0.318750 0.315625 0.318750 0.312500 0.318750 0.312500 0.322917 0.312500 0.322917 0.309375 0.325000 0.307812 0.325000 0.307812 0.327083 0.312500 0.331250 0.312500 0.335417 0.315625 0.335417 0.315625 0.337500 0.317188 0.337500 0.321875 0.337500 0.325000 0.335417
2 0.423438 0.745833 0.420312 0.731250 0.409375 0.729167 0.396875 0.735417 0.389062 0.739583 0.379688 0.750000 0.367188 0.762500 0.354687 0.772917 0.343750 0.783333 0.337500 0.791667 0.337500 0.802083 0.343750 0.808333 0.354687 0.808333 0.367188 0.797917 0.379688 0.787500 0.392188 0.777083 0.401562 0.768750 0.414062 0.758333 0.421875 0.750000 0.425000 0.741667
2 0.245312 0.891667 0.234375 0.875000 0.228125 0.868750 0.225000 0.868750 0.218750 0.875000 0.207813 0.881250 0.196875 0.889583 0.189062 0.895833 0.184375 0.900000 0.178125 0.904167 0.176563 0.910417 0.176563 0.916667 0.178125 0.925000 0.181250 0.931250 0.185938 0.935417 0.195312 0.929167 0.210938 0.920833 0.215625 0.920833 0.226562 0.912500 0.231250 0.908333 0.237500 0.904167 0.240625 0.900000
2 0.037500 0.818750 0.032813 0.822917 0.026562 0.827083 0.021875 0.831250 0.017188 0.833333 0.014063 0.835417 0.007812 0.841667 0.004687 0.843750 0.000000 0.852083 -0.004687 0.860417 -0.006250 0.864583 -0.001563 0.864583 0.001563 0.864583 0.004687 0.864583 0.010937 0.856250 0.026562 0.841667 0.031250 0.837500 0.032813 0.835417 0.040625 0.831250 0.043750 0.829167 0.040625 0.822917
2 0.095312 0.983333 0.087500 0.981250 0.081250 0.981250 0.075000 0.985417 0.071875 0.987500 0.068750 0.991667 0.065625 0.993750 0.064062 1.000000 0.068750 1.002083 0.076563 1.018750 0.081250 1.027083 0.085938 1.037500 0.087500 1.045833 0.092188 1.052083 0.095312 1.052083 0.098437 1.045833 0.104688 1.000000 0.101562 0.989583 0.101562 0.985417 0.098437 0.985417 0.092188 0.985417 0.089063 0.981250
2 0.181250 0.720833 0.171875 0.725000 0.160938 0.727083 0.156250 0.729167 0.145313 0.735417 0.140625 0.739583 0.131250 0.743750 0.126562 0.750000 0.120313 0.756250 0.120313 0.764583 0.123438 0.770833 0.128125 0.775000 0.132812 0.775000 0.139063 0.770833 0.150000 0.764583 0.165625 0.754167 0.171875 0.750000 0.181250 0.739583 0.184375 0.735417 0.185938 0.731250 0.184375 0.725000 0.181250 0.722917
2 0.301563 0.629167 0.284375 0.627083 0.270313 0.629167 0.262500 0.635417 0.256250 0.639583 0.250000 0.647917 0.246875 0.652083 0.242188 0.658333 0.240625 0.664583 0.237500 0.668750 0.239063 0.679167 0.240625 0.683333 0.246875 0.683333 0.257812 0.683333 0.262500 0.679167 0.278125 0.662500 0.290625 0.652083 0.298438 0.645833 0.306250 0.639583 0.309375 0.637500 0.304688 0.629167
2 0.448437 0.977083 0.440625 0.964583 0.437500 0.964583 0.431250 0.968750 0.428125 0.970833 0.423438 0.977083 0.421875 0.981250 0.415625 0.987500 0.409375 1.000000 0.406250 1.004167 0.406250 1.010417 0.410938 1.006250 0.417187 1.004167 0.423438 1.000000 0.428125 0.995833 0.431250 0.993750 0.440625 0.989583 0.445312 0.989583 0.446875 0.983333 0.443750 0.975000
2 0.423438 0.481250 0.432812 0.483333 0.437500 0.485417 0.440625 0.485417 0.440625 0.481250 0.440625 0.477083 0.437500 0.472917 0.434375 0.468750 0.432812 0.466667 0.426563 0.464583 0.423438 0.462500 0.418750 0.462500 0.415625 0.462500 0.412500 0.464583 0.407813 0.464583 0.406250 0.466667 0.406250 0.470833 0.409375 0.477083 0.414062 0.481250 0.415625 0.483333 0.418750 0.485417 0.421875 0.485417 0.426563 0.485417 0.431250 0.485417
2 0.373437 0.458333 0.382812 0.454167 0.385937 0.454167 0.387500 0.452083 0.389062 0.450000 0.389062 0.447917 0.387500 0.443750 0.385937 0.441667 0.384375 0.437500 0.379688 0.435417 0.379688 0.433333 0.376563 0.431250 0.371875 0.431250 0.368750 0.433333 0.367188 0.435417 0.365625 0.437500 0.364063 0.441667 0.362500 0.443750 0.362500 0.447917 0.362500 0.450000 0.364063 0.452083 0.367188 0.454167 0.371875 0.456250 0.373437 0.456250 0.376563 0.456250 0.379688 0.458333
2 0.320312 0.443750 0.325000 0.433333 0.326562 0.429167 0.329688 0.425000 0.329688 0.425000 0.326562 0.425000 0.321875 0.420833 0.318750 0.416667 0.312500 0.414583 0.307812 0.414583 0.304688 0.414583 0.300000 0.414583 0.298438 0.416667 0.296875 0.420833 0.296875 0.420833 0.300000 0.420833 0.304688 0.425000 0.306250 0.427083 0.310937 0.431250 0.312500 0.433333 0.315625 0.437500
2 0.267188 0.412500 0.268750 0.410417 0.271875 0.408333 0.273438 0.404167 0.275000 0.404167 0.276562 0.404167 0.279687 0.402083 0.279687 0.400000 0.281250 0.400000 0.282813 0.397917 0.282813 0.397917 0.282813 0.395833 0.282813 0.391667 0.282813 0.391667 0.279687 0.389583 0.276562 0.387500 0.275000 0.387500 0.273438 0.387500 0.271875 0.387500 0.270313 0.387500 0.270313 0.389583 0.270313 0.391667 0.270313 0.391667 0.268750 0.395833 0.267188 0.400000 0.267188 0.404167 0.267188 0.404167 0.267188 0.408333 0.267188 0.408333
2 0.242188 0.400000 0.245312 0.397917 0.248438 0.397917 0.250000 0.397917 0.253125 0.395833 0.253125 0.393750 0.253125 0.389583 0.253125 0.387500 0.253125 0.385417 0.250000 0.383333 0.250000 0.381250 0.246875 0.381250 0.245312 0.383333 0.243750 0.383333 0.240625 0.387500 0.240625 0.387500 0.237500 0.391667 0.237500 0.391667 0.234375 0.393750 0.235937 0.397917 0.237500 0.397917 0.240625 0.397917 0.242188 0.397917 0.245312 0.397917
2 0.371875 0.460417 0.376563 0.460417 0.379688 0.456250 0.384375 0.456250 0.385937 0.452083 0.389062 0.447917 0.387500 0.441667 0.382812 0.439583 0.379688 0.439583 0.373437 0.439583 0.367188 0.439583 0.364063 0.437500 0.359375 0.439583 0.353125 0.439583 0.353125 0.441667 0.356250 0.443750 0.359375 0.447917 0.360938 0.452083 0.365625 0.456250 0.370312 0.456250 0.373437 0.460417
2 0.243750 0.404167 0.245312 0.404167 0.246875 0.402083 0.250000 0.397917 0.253125 0.395833 0.253125 0.393750 0.253125 0.391667 0.253125 0.387500 0.251563 0.383333 0.250000 0.381250 0.250000 0.381250 0.246875 0.381250 0.243750 0.381250 0.240625 0.381250 0.240625 0.383333 0.237500 0.383333 0.237500 0.387500 0.234375 0.387500 0.232813 0.387500 0.232813 0.391667 0.232813 0.395833 0.234375 0.400000 0.235937 0.400000 0.237500 0.400000 0.240625 0.400000
2 0.040625 0.825000 0.035937 0.825000 0.029687 0.825000 0.018750 0.827083 0.014063 0.831250 0.010937 0.833333 0.004687 0.839583 0.003125 0.843750 0.000000 0.852083 -0.001563 0.860417 0.000000 0.860417 0.004687 0.860417 0.007812 0.860417 0.014063 0.858333 0.017188 0.854167 0.021875 0.850000 0.028125 0.845833 0.037500 0.839583 0.040625 0.835417 0.042188 0.831250 0.040625 0.825000
2 0.279687 0.600000 0.284375 0.595833 0.290625 0.593750 0.293750 0.593750 0.295312 0.589583 0.298438 0.589583 0.300000 0.583333 0.298438 0.577083 0.296875 0.572917 0.292187 0.568750 0.289062 0.566667 0.285938 0.566667 0.279687 0.564583 0.275000 0.564583 0.270313 0.566667 0.264062 0.568750 0.260937 0.568750 0.260937 0.572917 0.262500 0.581250 0.262500 0.585417 0.267188 0.589583 0.275000 0.595833 0.278125 0.597917 0.279687 0.600000
2 0.228125 0.554167 0.240625 0.545833 0.243750 0.543750 0.245312 0.543750 0.248438 0.541667 0.250000 0.539583 0.250000 0.537500 0.243750 0.537500 0.239063 0.535417 0.234375 0.533333 0.232813 0.533333 0.229687 0.533333 0.228125 0.533333 0.228125 0.537500 0.226562 0.541667 0.225000 0.543750 0.225000 0.547917 0.225000 0.550000 0.225000 0.554167 0.225000 0.556250 0.228125 0.560417 0.228125 0.564583
2 0.195312 0.525000 0.201563 0.516667 0.204687 0.516667 0.204687 0.512500 0.207813 0.510417 0.210938 0.510417 0.214062 0.506250 0.215625 0.504167 0.214062 0.504167 0.210938 0.504167 0.207813 0.504167 0.204687 0.502083 0.203125 0.500000 0.201563 0.500000 0.198437 0.497917 0.196875 0.493750 0.195312 0.495833 0.193750 0.500000 0.192188 0.502083 0.190625 0.504167 0.187500 0.506250 0.185938 0.508333 0.185938 0.510417 0.189062 0.516667 0.190625 0.518750 0.192188 0.520833 0.192188 0.520833
2 0.165625 0.497917 0.175000 0.491667 0.179688 0.489583 0.181250 0.487500 0.182812 0.487500 0.184375 0.485417 0.185938 0.483333 0.184375 0.481250 0.182812 0.479167 0.179688 0.477083 0.178125 0.475000 0.173437 0.472917 0.170313 0.472917 0.168750 0.472917 0.165625 0.472917 0.164062 0.477083 0.164062 0.479167 0.162500 0.481250 0.162500 0.483333 0.162500 0.487500 0.162500 0.489583 0.164062 0.491667 0.165625 0.491667
2 0.145313 0.475000 0.146875 0.472917 0.150000 0.470833 0.153125 0.468750 0.154688 0.464583 0.156250 0.464583 0.156250 0.460417 0.153125 0.458333 0.153125 0.456250 0.151562 0.454167 0.148438 0.454167 0.146875 0.454167 0.143750 0.456250 0.143750 0.458333 0.142187 0.460417 0.140625 0.462500 0.140625 0.464583 0.140625 0.466667 0.140625 0.470833 0.142187 0.472917 0.143750 0.472917
2 0.125000 0.456250 0.126562 0.456250 0.128125 0.454167 0.128125 0.452083 0.131250 0.452083 0.131250 0.452083 0.134375 0.450000 0.135937 0.447917 0.137500 0.447917 0.137500 0.445833 0.137500 0.443750 0.135937 0.439583 0.134375 0.437500 0.132812 0.437500 0.131250 0.437500 0.129688 0.437500 0.128125 0.437500 0.126562 0.439583 0.125000 0.439583 0.125000 0.441667 0.125000 0.443750 0.123438 0.443750 0.121875 0.443750 0.120313 0.445833 0.121875 0.447917 0.123438 0.447917 0.123438 0.450000 0.123438 0.452083 0.125000 0.454167
3 0.675000 0.147917 0.662500 0.147917 0.650000 0.152083 0.640625 0.158333 0.634375 0.166667 0.632812 0.187500 0.637500 0.206250 0.642188 0.227083 0.650000 0.262500 0.656250 0.287500 0.660937 0.304167 0.667188 0.318750 0.676562 0.343750 0.684375 0.347917 0.696875 0.345833 0.703125 0.333333 0.704688 0.314583 0.690625 0.241667 0.679688 0.210417 0.673438 0.187500 0.665625 0.166667 0.659375 0.150000
3 0.679688 0.095833 0.670312 0.089583 0.657813 0.089583 0.648438 0.093750 0.640625 0.100000 0.634375 0.116667 0.637500 0.129167 0.642188 0.137500 0.643750 0.141667 0.650000 0.152083 0.657813 0.160417 0.667188 0.166667 0.675000 0.170833 0.682813 0.172917 0.693750 0.172917 0.700000 0.172917 0.701562 0.166667 0.700000 0.147917 0.695312 0.131250 0.690625 0.120833 0.684375 0.106250 0.679688 0.093750
3 0.428125 0.191667 0.403125 0.202083 0.395313 0.206250 0.400000 0.222917 0.409375 0.254167 0.414062 0.268750 0.421875 0.291667 0.428125 0.304167 0.434375 0.320833 0.439063 0.335417 0.440625 0.345833 0.446875 0.347917 0.459375 0.347917 0.467187 0.345833 0.468750 0.320833 0.464062 0.295833 0.451562 0.264583 0.443750 0.250000 0.435937 0.227083 0.431250 0.212500 0.425000 0.195833 0.418750 0.187500
3 0.428125 0.145833 0.406250 0.158333 0.396875 0.166667 0.398438 0.175000 0.406250 0.189583 0.414062 0.210417 0.425000 0.227083 0.434375 0.252083 0.440625 0.266667 0.445312 0.279167 0.451562 0.291667 0.460938 0.291667 0.465625 0.285417 0.470313 0.279167 0.475000 0.262500 0.464062 0.231250 0.450000 0.195833 0.439063 0.172917 0.431250 0.162500 0.428125 0.154167 0.423438 0.145833
0 0.950000 0.314583 0.923438 0.333333 0.906250 0.337500 0.893750 0.343750 0.881250 0.352083 0.864062 0.368750 0.854688 0.381250 0.848437 0.400000 0.854688 0.425000 0.864062 0.425000 0.878125 0.418750 0.885938 0.412500 0.893750 0.395833 0.900000 0.387500 0.915625 0.370833 0.932813 0.358333 0.942187 0.350000 0.946875 0.345833 0.951562 0.335417 0.953125 0.322917 0.948438 0.318750
0 1.001562 0.731250 0.926562 0.677083 0.896875 0.670833 0.857812 0.662500 0.815625 0.660417 0.790625 0.679167 0.779687 0.697917 0.767188 0.718750 0.770312 0.752083 0.804688 0.783333 0.843750 0.804167 0.882812 0.847917 0.915625 0.904167 0.940625 0.937500 0.971875 0.945833 0.995313 0.904167 1.010938 0.860417 1.017187 0.814583 1.006250 0.775000 1.000000 0.758333 0.993750 0.745833 0.990625 0.722917
0 0.454688 0.779167 0.418750 0.760417 0.393750 0.764583 0.345313 0.797917 0.318750 0.829167 0.304688 0.845833 0.282813 0.856250 0.265625 0.875000 0.237500 0.897917 0.235937 0.920833 0.243750 0.939583 0.253125 0.954167 0.276562 1.027083 0.306250 1.060417 0.325000 1.006250 0.357812 0.945833 0.417187 0.887500 0.459375 0.845833 0.476562 0.802083 0.467187 0.783333 0.448437 0.775000
0 0.553125 0.408333 0.543750 0.387500 0.531250 0.383333 0.515625 0.379167 0.495312 0.377083 0.476562 0.375000 0.464062 0.375000 0.453125 0.377083 0.445312 0.379167 0.440625 0.387500 0.437500 0.404167 0.440625 0.412500 0.450000 0.425000 0.460938 0.431250 0.467187 0.439583 0.473438 0.443750 0.482812 0.443750 0.493750 0.445833 0.512500 0.447917 0.540625 0.443750 0.554688 0.439583 0.554688 0.425000 0.551562 0.410417
7 0.978125 0.341667 0.960938 0.339583 0.939063 0.343750 0.915625 0.358333 0.895312 0.381250 0.884375 0.393750 0.881250 0.397917 0.885938 0.427083 0.893750 0.441667 0.896875 0.452083 0.901563 0.458333 0.915625 0.470833 0.923438 0.472917 0.954688 0.460417 0.981250 0.433333 0.987500 0.425000 1.004687 0.397917 1.003125 0.383333 0.993750 0.364583 0.978125 0.343750 0.971875 0.339583
7 0.812500 0.816667 0.754687 0.760417 0.718750 0.735417 0.679688 0.702083 0.662500 0.689583 0.643750 0.702083 0.628125 0.729167 0.621875 0.760417 0.625000 0.779167 0.637500 0.793750 0.637500 0.814583 0.642188 0.822917 0.668750 0.837500 0.704688 0.862500 0.721875 0.875000 0.734375 0.883333 0.742188 0.897917 0.754687 0.908333 0.767188 0.908333 0.790625 0.883333 0.806250 0.847917 0.806250 0.816667
7 0.557813 0.712500 0.498437 0.752083 0.465625 0.779167 0.442188 0.804167 0.432812 0.818750 0.431250 0.831250 0.434375 0.852083 0.445312 0.877083 0.460938 0.902083 0.478125 0.914583 0.489063 0.925000 0.506250 0.933333 0.543750 0.920833 0.575000 0.897917 0.601562 0.868750 0.625000 0.843750 0.629687 0.827083 0.639062 0.791667 0.620313 0.750000 0.593750 0.725000 0.562500 0.712500
