3 0.485938 0.191667 0.489063 0.197917 0.496875 0.206250 0.503125 0.210417 0.512500 0.206250 0.517188 0.197917 0.523438 0.193750 0.532813 0.187500 0.537500 0.181250 0.540625 0.179167 0.543750 0.168750 0.543750 0.162500 0.537500 0.162500 0.531250 0.162500 0.525000 0.162500 0.518750 0.166667 0.512500 0.175000 0.506250 0.181250 0.496875 0.185417 0.493750 0.187500 0.484375 0.197917
3 0.540625 0.268750 0.546875 0.275000 0.554688 0.287500 0.557813 0.291667 0.559375 0.297917 0.559375 0.300000 0.562500 0.306250 0.565625 0.312500 0.568750 0.312500 0.578125 0.312500 0.579688 0.306250 0.578125 0.300000 0.575000 0.293750 0.573438 0.281250 0.573438 0.275000 0.573438 0.268750 0.573438 0.262500 0.568750 0.262500 0.559375 0.262500 0.554688 0.266667 0.548438 0.268750 0.543750 0.268750
3 0.453125 0.431250 0.450000 0.443750 0.453125 0.447917 0.454688 0.456250 0.457813 0.462500 0.489063 0.456250 0.500000 0.454167 0.503125 0.454167 0.510938 0.450000 0.510938 0.437500 0.510938 0.431250 0.510938 0.422917 0.509375 0.418750 0.496875 0.425000 0.489063 0.431250 0.478125 0.437500 0.475000 0.437500 0.465625 0.437500 0.460938 0.437500 0.454688 0.437500 0.446875 0.437500
3 0.434375 0.368750 0.431250 0.387500 0.431250 0.397917 0.434375 0.406250 0.437500 0.412500 0.442188 0.418750 0.443750 0.425000 0.450000 0.431250 0.459375 0.429167 0.473438 0.425000 0.478125 0.422917 0.478125 0.412500 0.475000 0.406250 0.473438 0.393750 0.471875 0.387500 0.468750 0.379167 0.465625 0.368750 0.462500 0.360417 0.446875 0.362500 0.443750 0.368750 0.437500 0.372917 0.431250 0.375000
4 0.923438 0.222917 0.925000 0.225000 0.928125 0.231250 0.929688 0.237500 0.931250 0.243750 0.931250 0.254167 0.937500 0.254167 0.943750 0.250000 0.950000 0.250000 0.954688 0.247917 0.960938 0.247917 0.964063 0.243750 0.962500 0.243750 0.960938 0.235417 0.960938 0.225000 0.956250 0.222917 0.954688 0.218750 0.948438 0.218750 0.943750 0.218750 0.937500 0.222917 0.932813 0.222917 0.928125 0.222917
4 -0.009375 0.193750 -0.006250 0.197917 -0.006250 0.197917 -0.001563 0.200000 0.000000 0.200000 0.001563 0.200000 0.003125 0.200000 0.032813 0.200000 0.050000 0.200000 0.053125 0.200000 0.050000 0.200000 0.046875 0.193750 0.046875 0.187500 0.046875 0.181250 0.043750 0.179167 0.043750 0.172917 0.043750 0.168750 0.042188 0.166667 0.037500 0.166667 0.028125 0.168750 0.021875 0.168750
2 0.673438 0.447917 0.678125 0.450000 0.679688 0.454167 0.679688 0.462500 0.679688 0.468750 0.690625 0.468750 0.700000 0.468750 0.706250 0.468750 0.712500 0.468750 0.718750 0.468750 0.721875 0.468750 0.720313 0.462500 0.720313 0.456250 0.720313 0.450000 0.715625 0.447917 0.709375 0.447917 0.703125 0.447917 0.693750 0.447917 0.687500 0.447917 0.682813 0.447917 0.679688 0.447917
2 0.756250 0.456250 0.756250 0.460417 0.756250 0.462500 0.759375 0.468750 0.759375 0.472917 0.762500 0.475000 0.771875 0.475000 0.773438 0.475000 0.776563 0.472917 0.778125 0.472917 0.781250 0.472917 0.784375 0.472917 0.787500 0.472917 0.790625 0.472917 0.793750 0.475000 0.796875 0.475000 0.796875 0.468750 0.793750 0.466667 0.793750 0.462500 0.793750 0.456250 0.793750 0.454167
2 0.831250 0.462500 0.834375 0.462500 0.835938 0.462500 0.835938 0.466667 0.835938 0.468750 0.835938 0.475000 0.839063 0.475000 0.840625 0.475000 0.843750 0.475000 0.846875 0.475000 0.850000 0.475000 0.853125 0.475000 0.856250 0.475000 0.859375 0.475000 0.860938 0.475000 0.862500 0.475000 0.865625 0.472917 0.867188 0.468750 0.867188 0.466667 0.867188 0.462500 0.867188 0.460417 0.867188 0.456250 0.867188 0.454167 0.865625 0.460417 0.862500 0.460417
2 0.885938 0.460417 0.887500 0.460417 0.890625 0.460417 0.890625 0.462500 0.892188 0.468750 0.893750 0.472917 0.893750 0.475000 0.896875 0.475000 0.901563 0.475000 0.903125 0.475000 0.906250 0.475000 0.909375 0.475000 0.912500 0.475000 0.915625 0.475000 0.915625 0.475000 0.912500 0.475000 0.909375 0.472917 0.909375 0.468750 0.909375 0.462500 0.912500 0.462500 0.912500 0.460417
2 0.934375 0.466667 0.939063 0.468750 0.939063 0.472917 0.940625 0.475000 0.940625 0.479167 0.940625 0.481250 0.940625 0.485417 0.943750 0.485417 0.948438 0.481250 0.950000 0.481250 0.953125 0.481250 0.956250 0.481250 0.956250 0.481250 0.960938 0.481250 0.964063 0.481250 0.965625 0.481250 0.968750 0.481250 0.965625 0.475000 0.965625 0.472917 0.965625 0.468750 0.965625 0.466667 0.965625 0.462500
2 0.990625 0.466667 0.987500 0.468750 0.987500 0.475000 0.987500 0.475000 0.987500 0.481250 0.987500 0.485417 0.987500 0.487500 0.990625 0.487500 0.990625 0.485417 0.993750 0.485417 0.995313 0.481250 0.996875 0.481250 0.996875 0.481250 1.000000 0.481250 1.000000 0.481250 1.000000 0.481250 1.000000 0.475000 1.000000 0.475000 1.000000 0.472917 1.000000 0.468750 1.000000 0.468750 1.000000 0.468750 1.000000 0.466667
2 0.009375 0.418750 0.009375 0.425000 0.006250 0.429167 0.003125 0.431250 0.003125 0.437500 0.009375 0.437500 0.020313 0.441667 0.034375 0.443750 0.042188 0.443750 0.046875 0.443750 0.048438 0.443750 0.050000 0.443750 0.054688 0.443750 0.056250 0.443750 0.059375 0.443750 0.062500 0.443750 0.062500 0.437500 0.062500 0.431250 0.062500 0.429167 0.062500 0.425000 0.065625 0.422917 0.065625 0.418750
2 0.104688 0.431250 0.107813 0.431250 0.106250 0.437500 0.106250 0.441667 0.104688 0.443750 0.104688 0.443750 0.106250 0.447917 0.109375 0.447917 0.115625 0.450000 0.125000 0.450000 0.128125 0.450000 0.131250 0.450000 0.134375 0.454167 0.139063 0.454167 0.140625 0.454167 0.145313 0.454167 0.146875 0.450000 0.148438 0.447917 0.148438 0.443750 0.148438 0.443750 0.148438 0.437500 0.148438 0.431250 0.148438 0.431250 0.150000 0.429167 0.150000 0.425000
2 0.185938 0.431250 0.190625 0.431250 0.192188 0.431250 0.190625 0.435417 0.187500 0.437500 0.185938 0.443750 0.185938 0.447917 0.190625 0.447917 0.193750 0.447917 0.196875 0.447917 0.201563 0.447917 0.203125 0.447917 0.209375 0.447917 0.212500 0.450000 0.217188 0.450000 0.221875 0.450000 0.225000 0.450000 0.225000 0.443750 0.225000 0.437500 0.225000 0.435417 0.228125 0.431250 0.228125 0.429167 0.228125 0.425000
2 0.262500 0.437500 0.267188 0.441667 0.267188 0.443750 0.265625 0.447917 0.267188 0.450000 0.270313 0.450000 0.275000 0.450000 0.278125 0.450000 0.282813 0.450000 0.285938 0.450000 0.287500 0.450000 0.296875 0.454167 0.300000 0.454167 0.304688 0.454167 0.306250 0.454167 0.312500 0.454167 0.315625 0.447917 0.315625 0.443750 0.315625 0.437500 0.317188 0.437500 0.317188 0.431250
2 0.359375 0.437500 0.359375 0.447917 0.359375 0.450000 0.364063 0.454167 0.368750 0.454167 0.375000 0.456250 0.378125 0.456250 0.381250 0.456250 0.384375 0.456250 0.387500 0.460417 0.390625 0.460417 0.393750 0.460417 0.396875 0.456250 0.400000 0.450000 0.400000 0.447917 0.400000 0.443750 0.403125 0.441667 0.406250 0.437500 0.406250 0.431250 0.403125 0.435417 0.406250 0.437500
2 0.496875 0.643750 0.500000 0.654167 0.501563 0.666667 0.501563 0.679167 0.503125 0.687500 0.503125 0.693750 0.503125 0.700000 0.521875 0.700000 0.525000 0.700000 0.526563 0.681250 0.528125 0.668750 0.528125 0.660417 0.528125 0.650000 0.528125 0.643750 0.523438 0.643750 0.510938 0.643750 0.506250 0.641667 0.500000 0.641667 0.500000 0.643750 0.500000 0.654167 0.501563 0.656250
2 0.503125 0.750000 0.506250 0.762500 0.506250 0.768750 0.506250 0.779167 0.509375 0.787500 0.510938 0.793750 0.510938 0.800000 0.512500 0.804167 0.518750 0.806250 0.525000 0.806250 0.531250 0.806250 0.531250 0.797917 0.534375 0.787500 0.534375 0.781250 0.534375 0.775000 0.534375 0.768750 0.534375 0.762500 0.534375 0.756250 0.518750 0.756250 0.510938 0.756250 0.506250 0.756250 0.503125 0.756250
2 0.506250 0.879167 0.506250 0.891667 0.506250 0.904167 0.506250 0.916667 0.506250 0.925000 0.510938 0.931250 0.512500 0.937500 0.518750 0.941667 0.531250 0.941667 0.537500 0.937500 0.543750 0.937500 0.548438 0.931250 0.548438 0.922917 0.548438 0.912500 0.550000 0.904167 0.550000 0.891667 0.550000 0.881250 0.537500 0.881250 0.531250 0.879167 0.525000 0.879167 0.518750 0.879167 0.510938 0.879167 0.503125 0.875000
1 0.634375 0.450000 0.637500 0.454167 0.637500 0.460417 0.637500 0.462500 0.637500 0.468750 0.643750 0.468750 0.646875 0.468750 0.650000 0.468750 0.651563 0.468750 0.657813 0.468750 0.659375 0.468750 0.662500 0.468750 0.665625 0.468750 0.667188 0.468750 0.668750 0.468750 0.668750 0.462500 0.671875 0.462500 0.671875 0.460417 0.671875 0.456250 0.668750 0.454167 0.668750 0.450000 0.668750 0.447917 0.668750 0.443750 0.668750 0.443750
1 0.725000 0.454167 0.725000 0.456250 0.725000 0.460417 0.725000 0.462500 0.725000 0.466667 0.725000 0.472917 0.731250 0.472917 0.735938 0.472917 0.737500 0.472917 0.742188 0.472917 0.745313 0.472917 0.746875 0.472917 0.750000 0.472917 0.751563 0.472917 0.753125 0.472917 0.756250 0.468750 0.756250 0.468750 0.756250 0.462500 0.756250 0.460417 0.756250 0.456250 0.756250 0.454167 0.756250 0.450000 0.759375 0.447917
1 0.798438 0.456250 0.800000 0.456250 0.800000 0.460417 0.800000 0.462500 0.800000 0.468750 0.800000 0.468750 0.806250 0.472917 0.809375 0.472917 0.814063 0.472917 0.818750 0.472917 0.818750 0.472917 0.821875 0.472917 0.825000 0.472917 0.829688 0.472917 0.831250 0.468750 0.831250 0.462500 0.831250 0.462500 0.829688 0.460417 0.829688 0.456250 0.829688 0.450000 0.831250 0.450000 0.831250 0.450000 0.831250 0.454167
1 0.867188 0.456250 0.868750 0.456250 0.870313 0.460417 0.870313 0.462500 0.870313 0.462500 0.870313 0.468750 0.870313 0.468750 0.870313 0.472917 0.871875 0.472917 0.875000 0.472917 0.878125 0.472917 0.878125 0.472917 0.881250 0.472917 0.881250 0.472917 0.884375 0.472917 0.885938 0.468750 0.885938 0.466667 0.885938 0.462500 0.887500 0.460417 0.887500 0.460417 0.887500 0.456250 0.887500 0.454167 0.887500 0.450000 0.887500 0.454167 0.887500 0.454167
1 0.912500 0.466667 0.915625 0.468750 0.915625 0.472917 0.915625 0.475000 0.915625 0.475000 0.915625 0.479167 0.918750 0.479167 0.923438 0.479167 0.923438 0.479167 0.925000 0.481250 0.928125 0.481250 0.931250 0.481250 0.932813 0.481250 0.932813 0.475000 0.932813 0.475000 0.932813 0.472917 0.932813 0.468750 0.932813 0.468750 0.932813 0.462500 0.932813 0.462500 0.934375 0.462500 0.934375 0.462500
1 0.965625 0.468750 0.965625 0.472917 0.965625 0.475000 0.965625 0.479167 0.965625 0.481250 0.965625 0.481250 0.968750 0.481250 0.971875 0.481250 0.971875 0.481250 0.975000 0.481250 0.978125 0.481250 0.978125 0.481250 0.981250 0.481250 0.981250 0.481250 0.981250 0.481250 0.981250 0.475000 0.981250 0.475000 0.984375 0.472917 0.984375 0.468750 0.984375 0.468750 0.985938 0.468750 0.985938 0.462500 0.985938 0.462500 0.987500 0.462500
1 0.071875 0.431250 0.071875 0.437500 0.071875 0.437500 0.073438 0.437500 0.075000 0.437500 0.075000 0.443750 0.075000 0.443750 0.087500 0.447917 0.096875 0.447917 0.104688 0.447917 0.107813 0.447917 0.107813 0.443750 0.106250 0.443750 0.106250 0.443750 0.104688 0.437500 0.104688 0.437500 0.103125 0.435417 0.100000 0.431250 0.100000 0.431250 0.100000 0.429167 0.100000 0.425000 0.103125 0.425000
1 0.153125 0.429167 0.153125 0.435417 0.153125 0.437500 0.153125 0.437500 0.153125 0.443750 0.153125 0.443750 0.150000 0.443750 0.150000 0.447917 0.153125 0.447917 0.160938 0.447917 0.168750 0.447917 0.171875 0.447917 0.171875 0.447917 0.175000 0.447917 0.176563 0.450000 0.178125 0.450000 0.179688 0.450000 0.179688 0.447917 0.181250 0.443750 0.181250 0.443750 0.181250 0.437500 0.181250 0.437500 0.181250 0.431250 0.184375 0.431250 0.185938 0.431250 0.185938 0.429167
1 0.228125 0.431250 0.228125 0.437500 0.228125 0.441667 0.228125 0.443750 0.228125 0.447917 0.228125 0.450000 0.228125 0.454167 0.234375 0.454167 0.239063 0.454167 0.242188 0.454167 0.246875 0.454167 0.250000 0.454167 0.251563 0.454167 0.253125 0.450000 0.256250 0.450000 0.259375 0.450000 0.262500 0.450000 0.267188 0.450000 0.267188 0.447917 0.267188 0.443750 0.267188 0.441667 0.267188 0.437500 0.267188 0.435417 0.268750 0.431250 0.270313 0.429167
1 0.315625 0.443750 0.315625 0.447917 0.314063 0.450000 0.317188 0.456250 0.321875 0.456250 0.325000 0.456250 0.325000 0.460417 0.328125 0.460417 0.331250 0.460417 0.334375 0.460417 0.337500 0.460417 0.340625 0.462500 0.343750 0.462500 0.346875 0.462500 0.350000 0.462500 0.353125 0.462500 0.353125 0.460417 0.353125 0.456250 0.356250 0.450000 0.356250 0.447917 0.356250 0.443750 0.359375 0.443750 0.359375 0.437500 0.360938 0.437500
1 0.512500 0.585417 0.510938 0.585417 0.509375 0.587500 0.503125 0.587500 0.500000 0.587500 0.496875 0.587500 0.496875 0.597917 0.496875 0.606250 0.496875 0.610417 0.496875 0.616667 0.496875 0.618750 0.496875 0.622917 0.496875 0.625000 0.496875 0.631250 0.496875 0.637500 0.500000 0.637500 0.503125 0.637500 0.506250 0.637500 0.509375 0.637500 0.510938 0.637500 0.512500 0.641667 0.515625 0.641667 0.518750 0.641667
1 0.496875 0.706250 0.500000 0.706250 0.500000 0.712500 0.501563 0.718750 0.501563 0.722917 0.503125 0.729167 0.503125 0.735417 0.503125 0.737500 0.503125 0.743750 0.503125 0.750000 0.509375 0.750000 0.515625 0.750000 0.518750 0.750000 0.523438 0.750000 0.528125 0.750000 0.531250 0.743750 0.531250 0.737500 0.531250 0.729167 0.531250 0.722917 0.531250 0.716667 0.528125 0.710417 0.528125 0.706250
1 0.503125 0.806250 0.503125 0.818750 0.503125 0.825000 0.503125 0.835417 0.506250 0.843750 0.506250 0.847917 0.506250 0.854167 0.506250 0.860417 0.509375 0.862500 0.515625 0.866667 0.521875 0.866667 0.525000 0.866667 0.531250 0.866667 0.534375 0.862500 0.534375 0.850000 0.534375 0.843750 0.534375 0.837500 0.534375 0.831250 0.534375 0.825000 0.534375 0.818750 0.532813 0.816667 0.532813 0.806250
1 0.518750 0.954167 0.515625 0.966667 0.518750 0.966667 0.521875 0.975000 0.521875 0.981250 0.521875 0.987500 0.523438 0.993750 0.528125 0.997917 0.534375 0.997917 0.543750 0.993750 0.543750 0.987500 0.543750 0.975000 0.543750 0.968750 0.543750 0.960417 0.543750 0.950000 0.540625 0.943750 0.528125 0.943750 0.523438 0.943750 0.515625 0.943750 0.517188 0.947917 0.518750 0.956250 0.518750 0.962500 0.518750 0.968750
0 0.446875 0.673958 0.059375 0.131250
0 0.662500 0.481250 0.662500 0.504167 0.662500 0.516667 0.675000 0.516667 0.690625 0.516667 0.710938 0.518750 0.725000 0.518750 0.735938 0.518750 0.746875 0.518750 0.751563 0.516667 0.756250 0.504167 0.756250 0.493750 0.759375 0.472917 0.759375 0.468750 0.753125 0.472917 0.742188 0.481250 0.735938 0.485417 0.725000 0.487500 0.715625 0.493750 0.709375 0.493750 0.687500 0.487500 0.659375 0.475000
0 0.428125 0.181250 0.429688 0.193750 0.429688 0.200000 0.431250 0.212500 0.431250 0.225000 0.434375 0.235417 0.437500 0.243750 0.440625 0.250000 0.446875 0.243750 0.450000 0.243750 0.456250 0.241667 0.460938 0.241667 0.465625 0.241667 0.473438 0.225000 0.475000 0.212500 0.475000 0.206250 0.475000 0.200000 0.473438 0.193750 0.473438 0.187500 0.470313 0.181250
0 0.434375 0.250000 0.434375 0.268750 0.431250 0.285417 0.431250 0.293750 0.431250 0.306250 0.434375 0.312500 0.437500 0.318750 0.446875 0.318750 0.454688 0.318750 0.462500 0.318750 0.471875 0.318750 0.475000 0.304167 0.481250 0.287500 0.481250 0.281250 0.481250 0.268750 0.478125 0.262500 0.475000 0.256250 0.468750 0.254167 0.454688 0.256250 0.443750 0.256250 0.439063 0.256250
7 0.275000 0.904167 0.254688 0.887500 0.231250 0.866667 0.203125 0.852083 0.173437 0.845833 0.156250 0.847917 0.140625 0.858333 0.134375 0.875000 0.128125 0.895833 0.128125 0.918750 0.140625 0.937500 0.154688 0.952083 0.173437 0.960417 0.187500 0.970833 0.204687 0.983333 0.220312 0.991667 0.237500 0.989583 0.251563 0.977083 0.262500 0.954167 0.271875 0.914583 0.273438 0.895833
7 0.213281 0.734375 0.154688 0.114583
7 0.279687 0.564583 0.231250 0.560417 0.196875 0.560417 0.168750 0.560417 0.145313 0.564583 0.121875 0.568750 0.104688 0.579167 0.098437 0.597917 0.101562 0.618750 0.101562 0.645833 0.104688 0.670833 0.117188 0.685417 0.145313 0.679167 0.173437 0.675000 0.203125 0.677083 0.226562 0.679167 0.251563 0.679167 0.296875 0.677083 0.295312 0.650000 0.287500 0.612500 0.279687 0.570833
7 0.418750 0.533333 0.406250 0.535417 0.398438 0.537500 0.392188 0.545833 0.381250 0.554167 0.371875 0.564583 0.367188 0.577083 0.364063 0.585417 0.364063 0.593750 0.364063 0.602083 0.365625 0.610417 0.370312 0.614583 0.376563 0.614583 0.395313 0.602083 0.398438 0.600000 0.406250 0.589583 0.412500 0.581250 0.415625 0.570833 0.418750 0.558333 0.418750 0.547917 0.418750 0.537500
7 0.712500 0.529167 0.693750 0.525000 0.676562 0.520833 0.664062 0.516667 0.654687 0.510417 0.645312 0.506250 0.634375 0.504167 0.626563 0.508333 0.626563 0.516667 0.626563 0.527083 0.626563 0.537500 0.628125 0.545833 0.632812 0.554167 0.642188 0.562500 0.651563 0.566667 0.662500 0.568750 0.679688 0.568750 0.687500 0.568750 0.707812 0.562500 0.712500 0.552083 0.714063 0.541667 0.712500 0.533333
7 0.349219 0.337500 0.073438 0.050000
7 0.410938 0.279167 0.390625 0.300000 0.387500 0.306250 0.384375 0.314583 0.384375 0.325000 0.384375 0.333333 0.385937 0.341667 0.389062 0.347917 0.396875 0.352083 0.404687 0.352083 0.414062 0.345833 0.417187 0.341667 0.418750 0.335417 0.425000 0.329167 0.426563 0.318750 0.428125 0.308333 0.428125 0.297917 0.428125 0.287500 0.421875 0.281250 0.418750 0.279167 0.412500 0.279167
6 1.001562 0.454167 0.950000 0.454167 0.906250 0.454167 0.873437 0.443750 0.829688 0.445833 0.793750 0.445833 0.732812 0.454167 0.700000 0.447917 0.679688 0.439583 0.651563 0.447917 0.634375 0.460417 0.662500 0.470833 0.709375 0.464583 0.742188 0.468750 0.778125 0.470833 0.826562 0.470833 0.876563 0.479167 0.923438 0.487500 0.970313 0.493750 1.009375 0.481250 1.000000 0.452083
6 0.503125 0.141667 0.479687 0.133333 0.470313 0.135417 0.465625 0.141667 0.465625 0.154167 0.467187 0.164583 0.473438 0.179167 0.476562 0.193750 0.479687 0.204167 0.481250 0.212500 0.482812 0.222917 0.485938 0.222917 0.485938 0.214583 0.489063 0.210417 0.493750 0.197917 0.496875 0.189583 0.501563 0.179167 0.500000 0.166667 0.500000 0.158333 0.503125 0.143750
6 0.515625 0.585417 0.493750 0.595833 0.496875 0.639583 0.503125 0.693750 0.503125 0.729167 0.503125 0.779167 0.506250 0.879167 0.506250 0.933333 0.510938 0.941667 0.509375 0.943750 0.512500 0.977083 0.521875 1.000000 0.548438 0.993750 0.548438 0.943750 0.537500 0.887500 0.532813 0.810417 0.531250 0.750000 0.528125 0.702083 0.528125 0.645833 0.518750 0.606250 0.515625 0.583333
6 0.182812 0.439583 0.365625 0.045833
