4 0.503125 0.285417 0.492188 0.287500 0.484375 0.289583 0.468750 0.300000 0.453125 0.308333 0.443750 0.314583 0.446875 0.325000 0.450000 0.337500 0.453125 0.347917 0.457813 0.358333 0.460938 0.368750 0.470313 0.368750 0.479687 0.368750 0.490625 0.366667 0.501563 0.362500 0.510938 0.362500 0.517188 0.358333 0.515625 0.341667 0.510938 0.320833 0.507812 0.308333 0.506250 0.295833 0.503125 0.287500
4 0.371875 0.191667 0.357812 0.187500 0.345313 0.183333 0.335938 0.179167 0.325000 0.177083 0.315625 0.179167 0.314063 0.193750 0.310937 0.210417 0.309375 0.227083 0.309375 0.239583 0.309375 0.254167 0.310937 0.268750 0.323437 0.268750 0.335938 0.268750 0.346875 0.270833 0.357812 0.266667 0.367188 0.264583 0.373437 0.250000 0.373437 0.233333 0.373437 0.218750 0.371875 0.206250
4 0.303125 0.291667 0.292187 0.287500 0.279687 0.287500 0.268750 0.287500 0.259375 0.289583 0.246875 0.291667 0.245312 0.302083 0.242188 0.316667 0.240625 0.331250 0.239063 0.343750 0.239063 0.358333 0.250000 0.360417 0.262500 0.358333 0.275000 0.358333 0.285938 0.358333 0.295312 0.358333 0.303125 0.358333 0.303125 0.341667 0.303125 0.329167 0.303125 0.314583 0.303125 0.297917
4 0.367188 0.455208 0.068750 0.077083
7 0.542188 0.514583 0.531250 0.514583 0.520312 0.512500 0.507812 0.512500 0.498437 0.510417 0.489063 0.510417 0.479687 0.510417 0.475000 0.520833 0.470313 0.531250 0.470313 0.541667 0.473438 0.552083 0.482812 0.554167 0.490625 0.554167 0.501563 0.558333 0.510938 0.560417 0.520312 0.564583 0.529687 0.564583 0.537500 0.562500 0.540625 0.554167 0.543750 0.547917 0.543750 0.535417 0.543750 0.522917
7 0.265625 0.179167 0.253125 0.179167 0.242188 0.179167 0.240625 0.191667 0.240625 0.210417 0.240625 0.222917 0.240625 0.239583 0.240625 0.256250 0.242188 0.270833 0.246875 0.277083 0.259375 0.277083 0.267188 0.270833 0.270313 0.262500 0.270313 0.245833 0.265625 0.233333 0.256250 0.231250 0.253125 0.218750 0.256250 0.216667 0.267188 0.216667 0.270313 0.204167 0.267188 0.191667 0.262500 0.183333
7 0.239063 0.254167 0.231250 0.252083 0.221875 0.250000 0.212500 0.250000 0.203125 0.250000 0.193750 0.250000 0.185938 0.247917 0.176563 0.250000 0.173437 0.256250 0.176563 0.264583 0.178125 0.277083 0.178125 0.287500 0.185938 0.287500 0.195312 0.287500 0.204687 0.287500 0.214062 0.287500 0.223438 0.287500 0.232813 0.287500 0.240625 0.287500 0.242188 0.277083 0.242188 0.262500 0.239063 0.254167
7 0.290625 0.568750 0.281250 0.564583 0.271875 0.562500 0.262500 0.558333 0.259375 0.568750 0.257812 0.597917 0.254688 0.612500 0.251563 0.627083 0.251563 0.641667 0.256250 0.652083 0.267188 0.654167 0.279687 0.654167 0.282813 0.643750 0.279687 0.631250 0.275000 0.620833 0.268750 0.612500 0.270313 0.602083 0.279687 0.602083 0.287500 0.595833 0.289062 0.583333 0.290625 0.570833
7 0.154688 0.602083 0.131250 0.608333 0.104688 0.612500 0.079687 0.625000 0.059375 0.639583 0.037500 0.652083 0.023438 0.677083 0.021875 0.704167 0.029687 0.729167 0.042188 0.750000 0.048438 0.777083 0.067187 0.770833 0.087500 0.758333 0.120313 0.743750 0.148438 0.737500 0.170313 0.716667 0.192188 0.708333 0.201563 0.685417 0.193750 0.652083 0.176563 0.625000 0.156250 0.610417
7 0.198437 0.700000 0.153125 0.710417 0.125000 0.733333 0.104688 0.760417 0.093750 0.779167 0.100000 0.804167 0.109375 0.831250 0.117188 0.858333 0.128125 0.879167 0.145313 0.883333 0.162500 0.879167 0.184375 0.858333 0.204687 0.839583 0.226562 0.825000 0.243750 0.814583 0.253125 0.793750 0.253125 0.770833 0.240625 0.756250 0.221875 0.741667 0.204687 0.720833 0.193750 0.706250
7 0.259375 0.885417 0.235937 0.889583 0.209375 0.887500 0.190625 0.881250 0.176563 0.879167 0.175000 0.902083 0.173437 0.920833 0.170313 0.945833 0.171875 0.964583 0.178125 0.979167 0.190625 0.981250 0.204687 0.981250 0.217188 0.979167 0.234375 0.979167 0.250000 0.972917 0.262500 0.966667 0.270313 0.960417 0.275000 0.943750 0.271875 0.927083 0.268750 0.908333 0.265625 0.891667 0.259375 0.881250
8 0.335938 0.558333 0.318750 0.558333 0.303125 0.562500 0.296875 0.572917 0.296875 0.593750 0.295312 0.616667 0.295312 0.639583 0.295312 0.662500 0.295312 0.685417 0.298438 0.704167 0.310937 0.710417 0.328125 0.710417 0.343750 0.710417 0.353125 0.697917 0.351562 0.672917 0.348438 0.652083 0.348438 0.625000 0.348438 0.604167 0.348438 0.581250 0.343750 0.564583
