0 0.201563 0.352083 0.181250 0.343750 0.159375 0.343750 0.134375 0.343750 0.112500 0.339583 0.089063 0.331250 0.076563 0.341667 0.070312 0.368750 0.068750 0.395833 0.062500 0.420833 0.071875 0.429167 0.093750 0.425000 0.110937 0.431250 0.126562 0.443750 0.148438 0.447917 0.171875 0.454167 0.192188 0.456250 0.204687 0.443750 0.203125 0.414583 0.201563 0.383333 0.201563 0.356250
0 0.291406 0.385417 0.151562 0.108333
7 0.093750 0.468750 0.075000 0.464583 0.059375 0.460417 0.046875 0.460417 0.031250 0.460417 0.018750 0.464583 0.010937 0.475000 0.004687 0.485417 0.004687 0.504167 0.007812 0.516667 0.014063 0.527083 0.025000 0.531250 0.037500 0.533333 0.050000 0.533333 0.062500 0.533333 0.076563 0.533333 0.089063 0.529167 0.104688 0.525000 0.106250 0.512500 0.101562 0.502083 0.096875 0.487500 0.096875 0.470833
6 0.062500 0.564583 0.048438 0.525000 0.032813 0.554167 0.031250 0.606250 0.029687 0.656250 0.031250 0.693750 0.031250 0.750000 0.031250 0.800000 0.035937 0.852083 0.035937 0.904167 0.040625 0.947917 0.046875 0.993750 0.071875 0.977083 0.071875 0.922917 0.068750 0.870833 0.064062 0.822917 0.062500 0.766667 0.065625 0.714583 0.064062 0.656250 0.062500 0.604167 0.059375 0.550000
6 0.098437 0.002083 0.096875 0.022917 0.095312 0.039583 0.092188 0.058333 0.089063 0.072917 0.085938 0.087500 0.085938 0.102083 0.085938 0.118750 0.092188 0.122917 0.096875 0.114583 0.103125 0.106250 0.110937 0.095833 0.115625 0.085417 0.118750 0.072917 0.120313 0.058333 0.123438 0.041667 0.123438 0.027083 0.125000 0.012500 0.121875 0.000000 0.110937 0.000000 0.101562 -0.002083
6 0.114062 0.106250 0.082812 0.137500 0.142187 0.139583 0.215625 0.137500 0.276562 0.135417 0.337500 0.133333 0.398438 0.129167 0.464062 0.129167 0.526563 0.129167 0.604688 0.129167 0.671875 0.137500 0.731250 0.143750 0.798438 0.147917 0.785937 0.110417 0.725000 0.106250 0.657813 0.102083 0.593750 0.097917 0.531250 0.091667 0.473438 0.089583 0.403125 0.087500 0.345313 0.091667
6 0.134375 0.493750 0.098437 0.516667 0.120313 0.537500 0.164062 0.537500 0.207813 0.543750 0.253125 0.541667 0.298438 0.539583 0.351562 0.537500 0.398438 0.537500 0.500000 0.537500 0.548438 0.539583 0.596875 0.543750 0.648438 0.541667 0.707812 0.541667 0.764062 0.533333 0.810937 0.533333 0.835938 0.504167 0.798438 0.497917 0.753125 0.493750 0.709375 0.497917
6 0.062500 0.295833 0.104688 0.333333 0.175000 0.325000 0.251563 0.331250 0.325000 0.327083 0.415625 0.325000 0.498437 0.322917 0.575000 0.325000 0.667188 0.322917 0.760938 0.322917 0.793750 0.293750 0.728125 0.287500 0.667188 0.281250 0.573438 0.279167 0.506250 0.279167 0.434375 0.277083 0.367188 0.277083 0.285938 0.283333 0.215625 0.283333 0.137500 0.285417 0.075000 0.295833
1 0.044531 0.641667 0.026562 0.079167
1 0.046094 0.790625 0.023438 0.081250
1 0.054688 0.948958 0.021875 0.068750
1 0.120313 0.004167 0.114062 0.004167 0.110937 0.004167 0.104688 0.004167 0.103125 0.010417 0.100000 0.016667 0.098437 0.020833 0.096875 0.027083 0.095312 0.033333 0.095312 0.041667 0.095312 0.047917 0.098437 0.050000 0.103125 0.050000 0.107813 0.050000 0.112500 0.050000 0.114062 0.045833 0.117188 0.039583 0.118750 0.033333 0.118750 0.027083 0.118750 0.020833 0.120313 0.016667 0.120313 0.008333
1 0.143750 0.110417 0.134375 0.110417 0.126562 0.110417 0.118750 0.110417 0.110937 0.110417 0.103125 0.110417 0.095312 0.110417 0.089063 0.112500 0.085938 0.118750 0.085938 0.129167 0.093750 0.133333 0.101562 0.133333 0.107813 0.133333 0.114062 0.133333 0.123438 0.133333 0.131250 0.133333 0.139063 0.133333 0.146875 0.133333 0.148438 0.129167 0.146875 0.118750 0.145313 0.110417
1 0.245312 0.100000 0.232813 0.100000 0.225000 0.100000 0.220312 0.102083 0.214062 0.102083 0.207813 0.104167 0.204687 0.106250 0.203125 0.114583 0.203125 0.122917 0.206250 0.125000 0.210938 0.125000 0.218750 0.125000 0.225000 0.125000 0.234375 0.125000 0.240625 0.127083 0.246875 0.127083 0.253125 0.127083 0.254688 0.120833 0.254688 0.110417 0.254688 0.102083 0.250000 0.100000 0.243750 0.100000
1 0.338281 0.109375 0.060937 0.031250
1 0.452344 0.103125 0.057813 0.027083
1 0.562500 0.109375 0.062500 0.031250
1 0.679688 0.118750 0.043750 0.025000
1 0.775000 0.125000 0.040625 0.029167
1 0.729688 0.304167 0.065625 0.025000
1 0.618750 0.301042 0.050000 0.027083
1 0.519531 0.300000 0.032813 0.025000
1 0.432031 0.300000 0.045312 0.033333
1 0.329688 0.301042 0.062500 0.031250
1 0.215625 0.301042 0.053125 0.031250
1 0.092969 0.313542 0.051562 0.027083
1 0.131250 0.502083 0.128125 0.502083 0.123438 0.502083 0.118750 0.502083 0.114062 0.504167 0.110937 0.504167 0.106250 0.508333 0.104688 0.512500 0.103125 0.516667 0.101562 0.522917 0.104688 0.527083 0.107813 0.527083 0.112500 0.529167 0.115625 0.531250 0.120313 0.531250 0.125000 0.531250 0.128125 0.529167 0.131250 0.527083 0.131250 0.520833 0.131250 0.514583 0.131250 0.508333 0.131250 0.502083
1 0.226562 0.522917 0.056250 0.029167
1 0.346875 0.520833 0.065625 0.029167
1 0.478906 0.519792 0.057813 0.031250
1 0.593750 0.528125 0.056250 0.031250
1 0.700000 0.517708 0.059375 0.027083
1 0.811719 0.514583 0.042188 0.029167
2 0.109375 0.058333 0.103125 0.054167 0.098437 0.054167 0.093750 0.058333 0.089063 0.064583 0.085938 0.072917 0.085938 0.081250 0.085938 0.089583 0.085938 0.100000 0.085938 0.106250 0.090625 0.108333 0.096875 0.106250 0.101562 0.102083 0.104688 0.093750 0.107813 0.089583 0.109375 0.081250 0.109375 0.072917 0.110937 0.062500 0.110937 0.054167 0.107813 0.050000 0.101562 0.050000
2 0.173437 0.117708 0.053125 0.022917
2 0.281250 0.111458 0.050000 0.031250
2 0.395313 0.103125 0.056250 0.027083
2 0.504687 0.106250 0.043750 0.029167
2 0.625781 0.113542 0.057813 0.031250
2 0.728125 0.119792 0.046875 0.031250
2 0.153125 0.307292 0.068750 0.027083
2 0.270313 0.304167 0.056250 0.033333
2 0.388281 0.302083 0.054688 0.041667
2 0.479687 0.302083 0.050000 0.037500
2 0.564063 0.301042 0.056250 0.031250
2 0.668750 0.302083 0.053125 0.033333
2 0.779687 0.302083 0.034375 0.029167
2 0.757812 0.515625 0.059375 0.031250
2 0.644531 0.521875 0.051562 0.027083
2 0.535937 0.519792 0.059375 0.031250
2 0.415625 0.523958 0.071875 0.031250
2 0.282031 0.518750 0.054688 0.029167
2 0.164062 0.520833 0.065625 0.041667
2 0.054688 0.537500 0.046875 0.537500 0.040625 0.539583 0.034375 0.550000 0.031250 0.558333 0.031250 0.568750 0.031250 0.581250 0.031250 0.589583 0.034375 0.597917 0.039062 0.600000 0.046875 0.602083 0.053125 0.602083 0.059375 0.597917 0.062500 0.589583 0.062500 0.579167 0.062500 0.568750 0.059375 0.560417 0.056250 0.550000 0.054688 0.543750 0.050000 0.537500 0.046875 0.533333
2 0.044531 0.713542 0.026562 0.068750
2 0.053125 0.877083 0.025000 0.075000
2 0.062500 0.987500 0.059375 0.987500 0.057813 0.987500 0.056250 0.987500 0.053125 0.987500 0.050000 0.987500 0.048438 0.989583 0.048438 0.993750 0.048438 0.995833 0.048438 1.000000 0.050000 1.004167 0.051562 1.004167 0.054688 1.004167 0.056250 1.000000 0.059375 1.000000 0.062500 1.000000 0.062500 0.997917 0.062500 0.993750 0.062500 0.989583 0.062500 0.987500
