0 0.717969 0.217708 0.076563 0.152083
0 0.644531 0.230208 0.057813 0.164583
0 0.820312 0.619792 0.143750 0.122917
0 0.350000 0.432292 0.106250 0.097917
0 0.326562 0.586458 0.134375 0.085417
0 0.150000 0.554167 0.134375 0.108333
7 0.232031 0.794792 0.192188 0.164583
7 0.453906 0.746875 0.057813 0.106250
7 0.764062 0.685417 0.093750 0.058333
7 0.464062 0.260417 0.034375 0.100000
7 0.409375 0.313542 0.090625 0.064583
3 0.577344 0.310417 0.039062 0.095833
3 0.739062 0.402083 0.731250 0.408333 0.728125 0.416667 0.725000 0.429167 0.720313 0.437500 0.717187 0.443750 0.712500 0.450000 0.709375 0.460417 0.709375 0.468750 0.715625 0.477083 0.721875 0.477083 0.729688 0.468750 0.734375 0.464583 0.740625 0.460417 0.746875 0.452083 0.751563 0.443750 0.751563 0.433333 0.753125 0.416667 0.751563 0.408333 0.745313 0.400000 0.739062 0.397917
3 0.489063 0.427083 0.031250 0.083333
3 0.587500 0.594792 0.043750 0.093750
