0 0.892188 0.572917 0.867188 0.566667 0.840625 0.562500 0.825000 0.560417 0.815625 0.568750 0.814063 0.597917 0.809375 0.635417 0.806250 0.679167 0.806250 0.706250 0.806250 0.731250 0.806250 0.756250 0.818750 0.762500 0.856250 0.766667 0.871875 0.768750 0.878125 0.754167 0.881250 0.716667 0.881250 0.679167 0.878125 0.654167 0.881250 0.631250 0.885938 0.610417 0.887500 0.587500
1 0.898438 0.631250 0.907813 0.631250 0.915625 0.629167 0.923438 0.629167 0.923438 0.616667 0.923438 0.606250 0.918750 0.597917 0.918750 0.587500 0.915625 0.575000 0.912500 0.568750 0.909375 0.562500 0.906250 0.556250 0.903125 0.550000 0.898438 0.550000 0.893750 0.556250 0.893750 0.568750 0.893750 0.581250 0.893750 0.591667 0.896875 0.600000 0.896875 0.612500 0.896875 0.625000
1 0.929688 0.750000 0.923438 0.743750 0.915625 0.743750 0.909375 0.743750 0.909375 0.750000 0.907813 0.762500 0.909375 0.768750 0.909375 0.779167 0.909375 0.785417 0.909375 0.793750 0.912500 0.800000 0.912500 0.806250 0.917188 0.812500 0.923438 0.812500 0.929688 0.812500 0.932813 0.810417 0.934375 0.797917 0.934375 0.787500 0.934375 0.779167 0.932813 0.766667 0.932813 0.756250 0.929688 0.750000
1 0.934375 0.900000 0.928125 0.900000 0.918750 0.904167 0.915625 0.906250 0.912500 0.912500 0.912500 0.925000 0.912500 0.937500 0.915625 0.947917 0.915625 0.956250 0.915625 0.962500 0.915625 0.975000 0.918750 0.981250 0.923438 0.985417 0.929688 0.987500 0.932813 0.985417 0.934375 0.979167 0.937500 0.968750 0.937500 0.960417 0.937500 0.947917 0.937500 0.935417 0.937500 0.925000 0.937500 0.916667 0.934375 0.906250
2 0.918750 0.637500 0.909375 0.637500 0.900000 0.637500 0.896875 0.643750 0.898438 0.656250 0.900000 0.672917 0.900000 0.685417 0.900000 0.697917 0.901563 0.706250 0.903125 0.716667 0.906250 0.725000 0.909375 0.729167 0.918750 0.729167 0.923438 0.735417 0.925000 0.725000 0.923438 0.710417 0.923438 0.691667 0.923438 0.675000 0.918750 0.662500 0.918750 0.650000
2 0.939063 0.822917 0.928125 0.825000 0.923438 0.825000 0.918750 0.825000 0.915625 0.831250 0.915625 0.847917 0.915625 0.862500 0.915625 0.868750 0.915625 0.875000 0.915625 0.881250 0.917188 0.887500 0.918750 0.891667 0.923438 0.891667 0.929688 0.891667 0.934375 0.891667 0.934375 0.887500 0.934375 0.879167 0.934375 0.868750 0.934375 0.850000 0.932813 0.837500 0.932813 0.831250 0.932813 0.825000
6 0.915625 0.560417 0.890625 0.560417 0.890625 0.606250 0.892188 0.654167 0.898438 0.700000 0.900000 0.737500 0.909375 0.787500 0.912500 0.843750 0.912500 0.900000 0.912500 0.943750 0.918750 0.987500 0.940625 0.968750 0.939063 0.925000 0.934375 0.881250 0.932813 0.829167 0.932813 0.779167 0.925000 0.725000 0.918750 0.666667 0.923438 0.616667 0.918750 0.572917 0.901563 0.550000
3 0.996875 0.356250 0.981250 0.356250 0.971875 0.362500 0.964063 0.368750 0.956250 0.387500 0.953125 0.400000 0.946875 0.416667 0.940625 0.429167 0.934375 0.437500 0.932813 0.450000 0.932813 0.460417 0.940625 0.460417 0.953125 0.456250 0.962500 0.450000 0.978125 0.441667 0.987500 0.431250 0.996875 0.425000 1.000000 0.416667 1.000000 0.400000 1.000000 0.381250 1.003125 0.362500
0 0.896875 0.800000 0.856250 0.793750 0.831250 0.800000 0.812500 0.804167 0.818750 0.835417 0.815625 0.856250 0.815625 0.885417 0.818750 0.912500 0.818750 0.937500 0.821875 0.950000 0.818750 0.981250 0.829688 0.997917 0.850000 1.000000 0.875000 0.993750 0.896875 0.987500 0.907813 0.975000 0.903125 0.947917 0.898438 0.918750 0.893750 0.879167 0.892188 0.847917 0.893750 0.816667
7 0.759375 0.560417 0.059375 0.154167
1 0.765625 0.637500 0.759375 0.635417 0.751563 0.631250 0.746875 0.625000 0.742188 0.618750 0.737500 0.610417 0.734375 0.610417 0.731250 0.618750 0.731250 0.629167 0.731250 0.641667 0.731250 0.650000 0.734375 0.662500 0.734375 0.668750 0.735938 0.679167 0.737500 0.681250 0.745313 0.681250 0.751563 0.681250 0.753125 0.675000 0.756250 0.654167 0.759375 0.643750 0.759375 0.631250
1 0.762500 0.787500 0.737500 0.787500 0.734375 0.791667 0.735938 0.800000 0.737500 0.810417 0.737500 0.818750 0.737500 0.831250 0.737500 0.843750 0.737500 0.854167 0.737500 0.862500 0.737500 0.875000 0.745313 0.875000 0.751563 0.875000 0.759375 0.875000 0.762500 0.868750 0.762500 0.860417 0.762500 0.850000 0.762500 0.837500 0.762500 0.825000 0.760938 0.818750 0.759375 0.806250 0.759375 0.793750
1 0.762500 0.960417 0.759375 0.960417 0.753125 0.960417 0.751563 0.960417 0.746875 0.960417 0.742188 0.960417 0.740625 0.962500 0.740625 0.968750 0.740625 0.975000 0.742188 0.981250 0.742188 0.985417 0.742188 0.987500 0.745313 0.993750 0.746875 0.997917 0.753125 1.000000 0.756250 1.000000 0.760938 1.000000 0.760938 0.993750 0.762500 0.987500 0.762500 0.981250 0.762500 0.975000 0.762500 0.968750
2 0.760938 0.693750 0.750000 0.691667 0.742188 0.687500 0.734375 0.687500 0.734375 0.712500 0.734375 0.725000 0.734375 0.737500 0.734375 0.750000 0.734375 0.762500 0.734375 0.775000 0.734375 0.781250 0.735938 0.791667 0.745313 0.793750 0.756250 0.791667 0.760938 0.785417 0.760938 0.768750 0.760938 0.756250 0.760938 0.735417 0.759375 0.722917 0.756250 0.712500 0.756250 0.700000 0.753125 0.691667
2 0.762500 0.879167 0.753125 0.881250 0.746875 0.881250 0.742188 0.881250 0.737500 0.891667 0.737500 0.900000 0.737500 0.912500 0.737500 0.925000 0.737500 0.935417 0.740625 0.941667 0.745313 0.943750 0.751563 0.947917 0.753125 0.950000 0.760938 0.947917 0.760938 0.937500 0.762500 0.929167 0.762500 0.918750 0.762500 0.906250 0.762500 0.893750 0.760938 0.887500 0.760938 0.881250
6 0.762500 0.637500 0.742188 0.606250 0.729688 0.612500 0.725000 0.654167 0.725000 0.687500 0.725000 0.718750 0.725000 0.793750 0.725000 0.829167 0.734375 0.860417 0.742188 0.935417 0.742188 0.972917 0.753125 0.987500 0.767188 0.968750 0.765625 0.929167 0.762500 0.887500 0.762500 0.850000 0.762500 0.806250 0.765625 0.756250 0.765625 0.710417 0.767188 0.662500 0.762500 0.631250
1 0.635938 0.543750 0.068750 0.037500
1 0.509375 0.550000 0.078125 0.037500
1 0.378125 0.557292 0.062500 0.035417
1 0.243750 0.557292 0.065625 0.047917
2 0.704688 0.540625 0.059375 0.031250
2 0.574219 0.550000 0.054688 0.037500
2 0.439844 0.563542 0.057813 0.043750
2 0.306250 0.556250 0.068750 0.037500
6 0.203125 0.531250 0.210938 0.587500 0.256250 0.587500 0.306250 0.585417 0.353125 0.581250 0.409375 0.575000 0.456250 0.575000 0.503125 0.581250 0.565625 0.581250 0.642188 0.575000 0.700000 0.568750 0.735938 0.541667 0.700000 0.525000 0.648438 0.529167 0.584375 0.529167 0.531250 0.529167 0.475000 0.531250 0.400000 0.537500 0.335938 0.541667 0.287500 0.537500 0.212500 0.537500
1 0.651563 0.143750 0.637500 0.143750 0.631250 0.143750 0.625000 0.141667 0.621875 0.137500 0.617188 0.137500 0.612500 0.135417 0.606250 0.131250 0.603125 0.131250 0.600000 0.137500 0.600000 0.143750 0.596875 0.150000 0.600000 0.154167 0.606250 0.154167 0.612500 0.156250 0.620313 0.156250 0.625000 0.160417 0.631250 0.162500 0.637500 0.162500 0.643750 0.162500 0.648438 0.166667 0.651563 0.162500 0.651563 0.156250 0.651563 0.150000
1 0.534375 0.137500 0.526563 0.137500 0.518750 0.137500 0.510938 0.137500 0.503125 0.137500 0.496875 0.137500 0.487500 0.137500 0.478125 0.141667 0.473438 0.143750 0.475000 0.150000 0.475000 0.156250 0.481250 0.156250 0.489063 0.162500 0.496875 0.162500 0.506250 0.166667 0.517188 0.166667 0.528125 0.166667 0.540625 0.166667 0.546875 0.166667 0.546875 0.156250 0.543750 0.150000 0.543750 0.137500 0.540625 0.131250
1 0.431250 0.143750 0.418750 0.143750 0.412500 0.143750 0.406250 0.143750 0.400000 0.143750 0.395313 0.143750 0.387500 0.141667 0.384375 0.141667 0.379688 0.143750 0.379688 0.150000 0.379688 0.156250 0.379688 0.162500 0.392188 0.162500 0.396875 0.162500 0.407813 0.162500 0.415625 0.162500 0.421875 0.162500 0.426563 0.162500 0.431250 0.162500 0.431250 0.156250 0.431250 0.147917
1 0.296875 0.147917 0.285938 0.147917 0.273438 0.147917 0.265625 0.147917 0.259375 0.147917 0.253125 0.150000 0.246875 0.150000 0.242188 0.154167 0.240625 0.156250 0.240625 0.166667 0.243750 0.175000 0.248438 0.179167 0.253125 0.175000 0.262500 0.172917 0.275000 0.168750 0.287500 0.168750 0.296875 0.168750 0.304688 0.168750 0.304688 0.162500 0.304688 0.154167 0.301563 0.143750 0.293750 0.143750
2 0.590625 0.137500 0.585938 0.137500 0.579688 0.137500 0.573438 0.137500 0.565625 0.137500 0.562500 0.137500 0.557813 0.137500 0.550000 0.137500 0.548438 0.143750 0.548438 0.150000 0.548438 0.156250 0.553125 0.162500 0.557813 0.162500 0.565625 0.162500 0.573438 0.162500 0.579688 0.162500 0.585938 0.156250 0.590625 0.156250 0.595313 0.154167 0.596875 0.150000 0.593750 0.141667 0.590625 0.131250
2 0.462500 0.143750 0.457813 0.141667 0.450000 0.141667 0.446875 0.141667 0.443750 0.141667 0.437500 0.141667 0.434375 0.143750 0.434375 0.150000 0.434375 0.154167 0.431250 0.156250 0.434375 0.162500 0.439063 0.162500 0.443750 0.162500 0.450000 0.162500 0.456250 0.162500 0.460938 0.162500 0.462500 0.162500 0.465625 0.160417 0.465625 0.156250 0.465625 0.143750 0.465625 0.143750
2 0.371875 0.143750 0.353125 0.141667 0.346875 0.141667 0.337500 0.141667 0.331250 0.141667 0.325000 0.143750 0.318750 0.143750 0.312500 0.143750 0.306250 0.147917 0.306250 0.156250 0.306250 0.162500 0.309375 0.166667 0.317188 0.166667 0.321875 0.166667 0.334375 0.166667 0.345313 0.162500 0.353125 0.162500 0.368750 0.162500 0.379688 0.162500 0.384375 0.160417 0.384375 0.150000 0.379688 0.137500 0.375000 0.137500
7 0.706250 0.122917 0.690625 0.112500 0.675000 0.106250 0.662500 0.100000 0.653125 0.093750 0.643750 0.087500 0.634375 0.087500 0.634375 0.104167 0.634375 0.118750 0.634375 0.131250 0.635938 0.143750 0.643750 0.150000 0.659375 0.154167 0.668750 0.156250 0.684375 0.162500 0.696875 0.162500 0.704688 0.168750 0.709375 0.168750 0.709375 0.156250 0.709375 0.141667 0.706250 0.125000
1 0.721875 0.087500 0.714063 0.085417 0.704688 0.085417 0.698438 0.085417 0.693750 0.085417 0.696875 0.087500 0.700000 0.097917 0.700000 0.106250 0.700000 0.110417 0.703125 0.118750 0.704688 0.129167 0.706250 0.137500 0.709375 0.141667 0.712500 0.150000 0.715625 0.150000 0.718750 0.143750 0.721875 0.131250 0.725000 0.122917 0.725000 0.112500 0.721875 0.106250 0.721875 0.097917 0.721875 0.091667 0.721875 0.085417
0 0.603125 0.215625 0.150000 0.093750
0 0.430469 0.215625 0.154688 0.093750
6 0.234375 0.150000 0.234375 0.179167 0.262500 0.187500 0.293750 0.175000 0.321875 0.172917 0.359375 0.168750 0.400000 0.168750 0.434375 0.168750 0.465625 0.168750 0.501563 0.162500 0.537500 0.162500 0.578125 0.162500 0.606250 0.162500 0.635938 0.166667 0.656250 0.162500 0.637500 0.150000 0.612500 0.137500 0.584375 0.137500 0.557813 0.137500 0.503125 0.137500 0.460938 0.137500
1 0.617188 0.310417 0.617188 0.325000 0.618750 0.335417 0.621875 0.341667 0.634375 0.343750 0.653125 0.343750 0.667188 0.343750 0.678125 0.341667 0.687500 0.337500 0.693750 0.335417 0.698438 0.335417 0.700000 0.331250 0.703125 0.322917 0.696875 0.318750 0.689063 0.318750 0.682813 0.312500 0.675000 0.312500 0.665625 0.306250 0.653125 0.306250 0.642188 0.306250 0.626563 0.306250 0.618750 0.306250
1 0.543750 0.306250 0.528125 0.312500 0.515625 0.312500 0.503125 0.312500 0.493750 0.316667 0.485938 0.318750 0.485938 0.325000 0.487500 0.331250 0.490625 0.337500 0.493750 0.343750 0.503125 0.347917 0.515625 0.347917 0.525000 0.347917 0.534375 0.343750 0.543750 0.341667 0.550000 0.341667 0.553125 0.335417 0.550000 0.325000 0.550000 0.316667 0.543750 0.312500 0.540625 0.306250
1 0.431250 0.322917 0.421875 0.322917 0.412500 0.322917 0.396875 0.325000 0.390625 0.325000 0.384375 0.325000 0.379688 0.329167 0.371875 0.331250 0.367188 0.335417 0.365625 0.341667 0.364063 0.347917 0.364063 0.350000 0.368750 0.356250 0.379688 0.360417 0.387500 0.360417 0.396875 0.356250 0.406250 0.356250 0.415625 0.354167 0.425000 0.350000 0.431250 0.347917 0.434375 0.343750 0.434375 0.335417 0.434375 0.322917 0.431250 0.318750
1 0.300000 0.331250 0.282813 0.331250 0.273438 0.331250 0.262500 0.331250 0.253125 0.331250 0.248438 0.331250 0.242188 0.335417 0.237500 0.335417 0.237500 0.343750 0.239063 0.350000 0.242188 0.356250 0.250000 0.360417 0.262500 0.362500 0.275000 0.362500 0.284375 0.362500 0.290625 0.362500 0.298438 0.360417 0.300000 0.356250 0.301563 0.350000 0.301563 0.341667
2 0.242188 0.329167 0.228125 0.325000 0.218750 0.325000 0.212500 0.325000 0.206250 0.325000 0.200000 0.325000 0.192188 0.331250 0.187500 0.335417 0.187500 0.343750 0.185938 0.350000 0.187500 0.356250 0.192188 0.362500 0.196875 0.362500 0.210938 0.362500 0.221875 0.360417 0.231250 0.360417 0.237500 0.360417 0.242188 0.356250 0.242188 0.350000 0.240625 0.337500 0.240625 0.331250
2 0.359375 0.325000 0.350000 0.325000 0.337500 0.329167 0.321875 0.329167 0.315625 0.329167 0.306250 0.329167 0.304688 0.331250 0.304688 0.335417 0.301563 0.347917 0.300000 0.356250 0.301563 0.356250 0.306250 0.356250 0.315625 0.356250 0.321875 0.356250 0.334375 0.356250 0.340625 0.356250 0.346875 0.356250 0.350000 0.356250 0.356250 0.356250 0.359375 0.356250 0.359375 0.350000 0.359375 0.337500 0.356250 0.335417 0.356250 0.329167
2 0.484375 0.318750 0.465625 0.318750 0.454688 0.318750 0.443750 0.322917 0.440625 0.322917 0.439063 0.325000 0.434375 0.331250 0.434375 0.335417 0.434375 0.341667 0.434375 0.347917 0.437500 0.347917 0.443750 0.350000 0.450000 0.350000 0.462500 0.350000 0.473438 0.350000 0.478125 0.350000 0.481250 0.350000 0.485938 0.347917 0.487500 0.341667 0.487500 0.331250 0.487500 0.325000 0.485938 0.318750 0.484375 0.312500
2 0.609375 0.312500 0.595313 0.312500 0.578125 0.312500 0.565625 0.312500 0.559375 0.312500 0.556250 0.312500 0.553125 0.312500 0.553125 0.331250 0.553125 0.343750 0.557813 0.347917 0.564063 0.347917 0.579688 0.343750 0.585938 0.343750 0.590625 0.343750 0.596875 0.343750 0.604688 0.343750 0.610938 0.343750 0.615625 0.343750 0.617188 0.337500 0.618750 0.331250 0.618750 0.310417 0.617188 0.300000
6 0.243750 0.335417 0.203125 0.331250 0.187500 0.350000 0.225000 0.362500 0.290625 0.368750 0.365625 0.372917 0.446875 0.362500 0.501563 0.362500 0.578125 0.356250 0.637500 0.347917 0.681250 0.347917 0.700000 0.318750 0.681250 0.306250 0.626563 0.306250 0.568750 0.312500 0.512500 0.312500 0.450000 0.312500 0.392188 0.318750 0.325000 0.325000 0.281250 0.331250 0.234375 0.329167
3 0.870313 0.150000 0.846875 0.143750 0.831250 0.141667 0.821875 0.150000 0.814063 0.162500 0.807813 0.179167 0.796875 0.200000 0.790625 0.222917 0.781250 0.243750 0.775000 0.272917 0.778125 0.291667 0.787500 0.293750 0.800000 0.291667 0.809375 0.281250 0.821875 0.266667 0.831250 0.237500 0.839063 0.218750 0.846875 0.200000 0.854688 0.185417 0.860938 0.168750 0.862500 0.156250
1 0.929688 0.118750 0.934375 0.143750 0.934375 0.150000 0.934375 0.154167 0.939063 0.156250 0.940625 0.166667 0.940625 0.172917 0.943750 0.175000 0.948438 0.172917 0.953125 0.166667 0.954688 0.166667 0.956250 0.162500 0.956250 0.154167 0.954688 0.147917 0.954688 0.141667 0.950000 0.131250 0.950000 0.125000 0.948438 0.118750 0.948438 0.116667 0.943750 0.112500 0.943750 0.112500 0.939063 0.112500 0.934375 0.112500 0.934375 0.116667
1 0.918750 0.006250 0.909375 0.010417 0.906250 0.010417 0.903125 0.010417 0.903125 0.012500 0.903125 0.016667 0.903125 0.025000 0.903125 0.029167 0.903125 0.031250 0.906250 0.037500 0.906250 0.037500 0.909375 0.037500 0.909375 0.037500 0.912500 0.037500 0.915625 0.037500 0.917188 0.035417 0.918750 0.029167 0.921875 0.018750 0.923438 0.016667 0.923438 0.012500
2 0.939063 0.075000 0.929688 0.081250 0.925000 0.085417 0.925000 0.087500 0.923438 0.093750 0.923438 0.097917 0.923438 0.100000 0.923438 0.106250 0.923438 0.106250 0.923438 0.110417 0.925000 0.112500 0.925000 0.118750 0.928125 0.118750 0.929688 0.118750 0.934375 0.118750 0.934375 0.116667 0.940625 0.112500 0.940625 0.112500 0.943750 0.110417 0.943750 0.110417 0.943750 0.106250 0.943750 0.097917 0.943750 0.085417 0.940625 0.075000 0.940625 0.075000 0.939063 0.072917
0 0.893750 0.004167 0.862500 0.000000 0.850000 0.000000 0.843750 0.000000 0.845313 0.010417 0.846875 0.022917 0.853125 0.037500 0.856250 0.054167 0.860938 0.066667 0.862500 0.075000 0.867188 0.085417 0.870313 0.093750 0.878125 0.087500 0.884375 0.085417 0.892188 0.079167 0.903125 0.062500 0.906250 0.056250 0.909375 0.050000 0.909375 0.037500 0.909375 0.025000 0.903125 0.004167 0.900000 0.000000
7 0.981250 0.031250 0.971875 0.025000 0.960938 0.022917 0.956250 0.031250 0.950000 0.050000 0.953125 0.062500 0.954688 0.072917 0.954688 0.087500 0.956250 0.106250 0.959375 0.118750 0.960938 0.135417 0.965625 0.143750 0.979688 0.143750 0.993750 0.141667 0.996875 0.131250 0.996875 0.112500 0.993750 0.100000 0.987500 0.085417 0.981250 0.066667 0.978125 0.043750 0.975000 0.031250 0.971875 0.022917
6 0.915625 0.004167 0.909375 0.006250 0.909375 0.006250 0.907813 0.010417 0.906250 0.012500 0.906250 0.016667 0.906250 0.018750 0.906250 0.025000 0.906250 0.029167 0.906250 0.031250 0.906250 0.037500 0.906250 0.041667 0.907813 0.043750 0.909375 0.050000 0.909375 0.043750 0.912500 0.041667 0.918750 0.031250 0.923438 0.025000 0.923438 0.022917 0.925000 0.018750 0.923438 0.016667 0.923438 0.010417 0.921875 0.006250 0.918750 0.006250
6 0.943750 0.081250 0.934375 0.081250 0.925000 0.093750 0.923438 0.097917 0.921875 0.106250 0.921875 0.116667 0.923438 0.129167 0.923438 0.135417 0.925000 0.143750 0.931250 0.150000 0.934375 0.160417 0.940625 0.162500 0.940625 0.168750 0.948438 0.168750 0.950000 0.147917 0.948438 0.131250 0.946875 0.122917 0.943750 0.106250 0.940625 0.093750 0.939063 0.085417 0.939063 0.079167
3 0.962500 0.018750 0.948438 0.018750 0.934375 0.018750 0.929688 0.025000 0.923438 0.043750 0.912500 0.062500 0.903125 0.075000 0.898438 0.091667 0.893750 0.112500 0.893750 0.125000 0.900000 0.129167 0.909375 0.125000 0.915625 0.116667 0.921875 0.106250 0.931250 0.091667 0.937500 0.075000 0.943750 0.068750 0.943750 0.060417 0.948438 0.047917 0.953125 0.037500 0.956250 0.029167 0.959375 0.016667
2 1.003125 0.154167 0.987500 0.154167 0.981250 0.154167 0.971875 0.154167 0.968750 0.154167 0.965625 0.154167 0.962500 0.160417 0.960938 0.162500 0.960938 0.168750 0.960938 0.168750 0.964063 0.175000 0.965625 0.179167 0.970313 0.181250 0.975000 0.187500 0.981250 0.187500 0.990625 0.187500 0.993750 0.187500 0.996875 0.187500 1.000000 0.187500 1.000000 0.181250 1.000000 0.175000 1.000000 0.168750 1.000000 0.162500 1.000000 0.156250
2 0.825000 0.004167 0.815625 0.000000 0.809375 0.000000 0.807813 0.010417 0.807813 0.018750 0.809375 0.025000 0.812500 0.037500 0.814063 0.047917 0.815625 0.054167 0.818750 0.060417 0.825000 0.062500 0.831250 0.066667 0.835938 0.066667 0.835938 0.056250 0.837500 0.050000 0.837500 0.041667 0.835938 0.029167 0.835938 0.016667 0.831250 0.006250 0.831250 0.000000 0.829688 -0.004167
2 0.850000 0.122917 0.853125 0.118750 0.868750 0.112500 0.876563 0.110417 0.862500 0.118750 0.856250 0.118750 0.850000 0.122917 0.853125 0.131250 0.853125 0.141667 0.854688 0.150000 0.854688 0.156250 0.856250 0.162500 0.859375 0.166667 0.862500 0.175000 0.868750 0.179167 0.870313 0.166667 0.870313 0.160417 0.868750 0.150000 0.865625 0.141667 0.862500 0.131250
1 0.845313 0.062500 0.831250 0.068750 0.821875 0.072917 0.818750 0.072917 0.821875 0.075000 0.823438 0.081250 0.825000 0.087500 0.825000 0.093750 0.828125 0.100000 0.831250 0.106250 0.831250 0.110417 0.835938 0.112500 0.839063 0.112500 0.840625 0.116667 0.846875 0.118750 0.850000 0.118750 0.850000 0.118750 0.850000 0.112500 0.850000 0.106250 0.850000 0.100000 0.850000 0.093750 0.846875 0.081250 0.845313 0.075000 0.845313 0.072917 0.843750 0.068750
6 0.829688 0.004167 0.818750 0.000000 0.815625 0.012500 0.818750 0.031250 0.821875 0.056250 0.829688 0.081250 0.839063 0.106250 0.845313 0.129167 0.853125 0.143750 0.860938 0.162500 0.862500 0.175000 0.870313 0.166667 0.870313 0.150000 0.870313 0.131250 0.865625 0.116667 0.860938 0.100000 0.856250 0.072917 0.846875 0.043750 0.840625 0.025000 0.835938 0.006250 0.831250 0.000000
1 0.709375 0.000000 0.700000 0.000000 0.696875 0.000000 0.690625 0.000000 0.690625 0.000000 0.687500 0.000000 0.687500 0.004167 0.687500 0.006250 0.687500 0.010417 0.687500 0.012500 0.687500 0.016667 0.687500 0.018750 0.687500 0.018750 0.690625 0.018750 0.693750 0.018750 0.700000 0.025000 0.704688 0.025000 0.706250 0.025000 0.709375 0.022917 0.709375 0.016667 0.706250 0.012500 0.706250 0.006250 0.706250 0.006250
2 0.715625 0.035417 0.706250 0.029167 0.700000 0.025000 0.693750 0.025000 0.690625 0.025000 0.690625 0.029167 0.690625 0.043750 0.690625 0.050000 0.693750 0.054167 0.693750 0.068750 0.696875 0.075000 0.696875 0.081250 0.700000 0.087500 0.704688 0.087500 0.710938 0.085417 0.714063 0.081250 0.715625 0.081250 0.715625 0.068750 0.715625 0.056250 0.714063 0.050000 0.712500 0.031250 0.712500 0.025000 0.709375 0.018750
6 0.704688 0.004167 0.689063 0.000000 0.681250 0.000000 0.682813 0.016667 0.682813 0.037500 0.687500 0.056250 0.690625 0.075000 0.693750 0.093750 0.698438 0.118750 0.700000 0.137500 0.706250 0.143750 0.715625 0.150000 0.728125 0.143750 0.728125 0.129167 0.728125 0.106250 0.721875 0.075000 0.721875 0.056250 0.718750 0.031250 0.714063 0.018750 0.706250 0.004167 0.696875 0.000000
7 0.387500 0.006250 0.371875 0.004167 0.359375 0.004167 0.343750 0.000000 0.334375 0.000000 0.321875 -0.004167 0.315625 0.000000 0.309375 0.006250 0.306250 0.016667 0.304688 0.025000 0.303125 0.037500 0.315625 0.041667 0.325000 0.043750 0.337500 0.043750 0.350000 0.043750 0.364063 0.043750 0.371875 0.043750 0.379688 0.043750 0.381250 0.025000 0.384375 0.012500 0.384375 0.004167
7 0.439063 0.000000 0.439063 0.018750 0.446875 0.031250 0.465625 0.035417 0.490625 0.035417 0.521875 0.025000 0.537500 0.025000 0.559375 0.025000 0.584375 0.018750 0.606250 0.016667 0.628125 0.010417 0.642188 0.012500 0.657813 0.016667 0.653125 0.006250 0.600000 -0.006250 0.581250 -0.006250 0.557813 -0.004167 0.532813 0.000000 0.506250 0.000000 0.481250 0.000000 0.457813 0.000000 0.443750 0.000000
