1 0.389844 0.410417 0.042188 0.025000
1 0.317188 0.410417 0.034375 0.029167
1 0.253125 0.410417 0.031250 0.029167
1 0.181250 0.410417 0.028125 0.025000
1 0.093750 0.412500 0.025000 0.025000
1 0.034375 0.418750 0.034375 0.025000
1 0.514844 0.568750 0.017188 0.050000
1 0.524219 0.669792 0.017188 0.035417
1 0.527344 0.760417 0.020313 0.054167
1 0.530469 0.854167 0.017188 0.050000
1 0.625000 0.407292 0.028125 0.022917
1 0.750000 0.413542 0.028125 0.022917
1 0.800000 0.407292 0.021875 0.022917
1 0.885938 0.416667 0.028125 0.029167
1 0.934375 0.418750 0.034375 0.025000
1 0.840625 0.413542 0.018750 0.022917
1 0.506250 0.025000 0.021875 0.037500
1 0.506250 0.090625 0.021875 0.043750
3 0.520312 0.179167 0.034375 0.091667
3 0.496875 0.429167 0.062500 0.029167
3 0.439063 0.412500 0.443750 0.412500 0.450000 0.425000 0.454688 0.431250 0.457813 0.443750 0.460938 0.450000 0.465625 0.462500 0.473438 0.481250 0.478125 0.487500 0.484375 0.497917 0.490625 0.500000 0.493750 0.493750 0.492188 0.481250 0.489063 0.468750 0.485938 0.460417 0.478125 0.450000 0.475000 0.437500 0.468750 0.429167 0.462500 0.418750 0.456250 0.406250 0.450000 0.404167 0.443750 0.404167
3 0.528125 0.500000 0.528125 0.487500 0.515625 0.487500 0.506250 0.487500 0.500000 0.487500 0.492188 0.481250 0.481250 0.481250 0.475000 0.481250 0.462500 0.481250 0.450000 0.481250 0.446875 0.481250 0.446875 0.487500 0.446875 0.500000 0.450000 0.506250 0.456250 0.516667 0.481250 0.518750 0.493750 0.518750 0.503125 0.518750 0.509375 0.518750 0.518750 0.518750 0.528125 0.518750 0.528125 0.510417 0.528125 0.500000
6 0.521875 0.731250 0.040625 0.391667
6 0.215625 0.418750 0.403125 0.029167
6 0.504687 0.076042 0.031250 0.143750
6 0.780469 0.411458 0.342187 0.039583
7 0.443750 0.218750 0.432812 0.218750 0.423438 0.222917 0.415625 0.227083 0.414062 0.233333 0.418750 0.247917 0.418750 0.258333 0.421875 0.266667 0.425000 0.279167 0.428125 0.287500 0.434375 0.291667 0.440625 0.295833 0.448437 0.293750 0.456250 0.287500 0.459375 0.279167 0.459375 0.266667 0.454688 0.258333 0.450000 0.250000 0.446875 0.239583 0.443750 0.227083 0.439063 0.218750
7 0.393750 0.306250 0.065625 0.037500
7 0.439063 0.555208 0.034375 0.081250
7 0.642969 0.517708 0.070312 0.047917
7 0.381250 0.835417 0.081250 0.083333
7 0.351562 0.554167 0.304688 0.554167 0.285938 0.554167 0.267188 0.560417 0.250000 0.568750 0.235937 0.581250 0.234375 0.606250 0.239063 0.633333 0.245312 0.656250 0.264062 0.666667 0.282813 0.666667 0.300000 0.664583 0.318750 0.662500 0.337500 0.660417 0.359375 0.658333 0.376563 0.650000 0.379688 0.629167 0.376563 0.600000 0.367188 0.577083 0.360938 0.560417
7 0.367188 0.656250 0.331250 0.668750 0.310937 0.672917 0.295312 0.670833 0.281250 0.670833 0.270313 0.679167 0.267188 0.697917 0.267188 0.714583 0.271875 0.731250 0.279687 0.739583 0.292187 0.747917 0.306250 0.747917 0.321875 0.745833 0.337500 0.745833 0.354687 0.739583 0.368750 0.737500 0.384375 0.731250 0.387500 0.716667 0.382812 0.697917 0.373437 0.675000 0.364063 0.656250
4 0.058594 0.062500 0.029687 0.041667
4 0.906250 0.090625 0.034375 0.043750
4 0.978906 0.827083 0.026562 0.054167
4 0.011719 0.848958 0.023438 0.060417
