0 0.710156 0.489583 0.151562 0.100000
0 0.564844 0.481250 0.123438 0.112500
0 0.268750 0.678125 0.062500 0.160417
0 0.267969 0.890625 0.082812 0.222917
0 0.317188 0.070833 0.065625 0.120833
0 0.310937 0.165625 0.068750 0.127083
3 0.337500 0.168750 0.040625 0.104167
3 0.464062 0.291667 0.056250 0.137500
3 0.249219 0.266667 0.039062 0.108333
3 0.334375 0.363542 0.031250 0.064583
7 0.515625 0.552083 0.118750 0.100000
7 0.044531 0.702083 0.070312 0.350000
7 0.073438 0.996875 0.100000 0.097917
7 0.207813 0.611458 0.050000 0.127083
7 0.179688 0.243750 0.059375 0.091667
7 0.235937 0.195833 0.031250 0.125000
