0 0.431250 0.425000 0.443750 0.435417 0.450000 0.447917 0.454688 0.462500 0.462500 0.472917 0.475000 0.468750 0.493750 0.460417 0.510938 0.447917 0.534375 0.437500 0.550000 0.431250 0.550000 0.416667 0.540625 0.391667 0.532813 0.368750 0.525000 0.356250 0.506250 0.366667 0.485938 0.375000 0.462500 0.381250 0.450000 0.393750 0.437500 0.406250 0.434375 0.425000 0.443750 0.437500
0 0.489063 0.060417 0.500000 0.068750 0.506250 0.081250 0.512500 0.093750 0.518750 0.106250 0.523438 0.116667 0.531250 0.129167 0.540625 0.135417 0.557813 0.129167 0.568750 0.129167 0.578125 0.118750 0.571875 0.106250 0.564063 0.087500 0.559375 0.072917 0.550000 0.056250 0.543750 0.043750 0.537500 0.031250 0.521875 0.037500 0.509375 0.043750 0.496875 0.050000 0.493750 0.060417
0 0.550000 0.150000 0.562500 0.166667 0.573438 0.181250 0.578125 0.197917 0.581250 0.206250 0.590625 0.218750 0.603125 0.218750 0.612500 0.218750 0.621875 0.212500 0.628125 0.206250 0.625000 0.193750 0.617188 0.179167 0.612500 0.162500 0.606250 0.150000 0.600000 0.137500 0.595313 0.125000 0.573438 0.129167 0.565625 0.131250 0.548438 0.141667 0.553125 0.154167 0.559375 0.156250
0 0.881250 0.250000 0.887500 0.254167 0.893750 0.260417 0.898438 0.268750 0.903125 0.279167 0.906250 0.287500 0.932813 0.281250 0.954688 0.275000 0.964063 0.268750 0.975000 0.262500 0.987500 0.254167 0.968750 0.231250 0.962500 0.222917 0.956250 0.206250 0.940625 0.206250 0.925000 0.216667 0.915625 0.222917 0.906250 0.231250 0.898438 0.237500 0.890625 0.243750 0.885938 0.250000
1 0.531250 0.013542 0.025000 0.022917
1 0.553125 0.050000 0.554688 0.050000 0.557813 0.054167 0.559375 0.056250 0.559375 0.062500 0.564063 0.062500 0.565625 0.068750 0.565625 0.075000 0.579688 0.068750 0.581250 0.066667 0.578125 0.062500 0.575000 0.060417 0.573438 0.056250 0.568750 0.054167 0.568750 0.047917 0.565625 0.043750 0.565625 0.037500 0.559375 0.037500 0.557813 0.041667 0.556250 0.043750 0.557813 0.050000
1 0.596875 0.087500 0.595313 0.093750 0.590625 0.097917 0.585938 0.100000 0.587500 0.106250 0.590625 0.106250 0.593750 0.112500 0.596875 0.116667 0.596875 0.118750 0.600000 0.122917 0.603125 0.125000 0.606250 0.125000 0.612500 0.125000 0.621875 0.112500 0.625000 0.110417 0.621875 0.110417 0.617188 0.110417 0.612500 0.106250 0.610938 0.100000 0.606250 0.100000 0.604688 0.093750 0.603125 0.091667 0.600000 0.087500 0.600000 0.085417
1 0.628125 0.156250 0.628125 0.160417 0.628125 0.162500 0.631250 0.166667 0.631250 0.166667 0.634375 0.168750 0.637500 0.175000 0.637500 0.175000 0.642188 0.181250 0.642188 0.181250 0.648438 0.181250 0.651563 0.181250 0.653125 0.181250 0.653125 0.179167 0.651563 0.172917 0.648438 0.162500 0.646875 0.162500 0.643750 0.156250 0.643750 0.154167 0.643750 0.150000 0.631250 0.154167 0.626563 0.156250 0.628125 0.156250 0.628125 0.162500
1 0.128125 0.712500 0.117188 0.712500 0.093750 0.718750 0.089063 0.722917 0.089063 0.725000 0.089063 0.731250 0.089063 0.735417 0.089063 0.743750 0.092188 0.747917 0.093750 0.750000 0.100000 0.747917 0.107813 0.747917 0.117188 0.743750 0.121875 0.737500 0.125000 0.737500 0.131250 0.735417 0.134375 0.735417 0.131250 0.735417 0.128125 0.729167 0.125000 0.722917 0.125000 0.718750 0.125000 0.712500 0.125000 0.710417
1 0.170313 0.681250 0.171875 0.687500 0.171875 0.693750 0.171875 0.700000 0.171875 0.706250 0.175000 0.706250 0.196875 0.706250 0.207813 0.700000 0.207813 0.693750 0.207813 0.687500 0.207813 0.681250 0.207813 0.679167 0.207813 0.672917 0.207813 0.666667 0.196875 0.666667 0.185938 0.672917 0.181250 0.675000 0.176563 0.675000 0.171875 0.679167 0.170313 0.681250
1 0.282813 0.610417 0.287500 0.612500 0.290625 0.622917 0.290625 0.631250 0.298438 0.629167 0.303125 0.629167 0.314063 0.622917 0.318750 0.618750 0.321875 0.616667 0.325000 0.610417 0.328125 0.600000 0.328125 0.593750 0.328125 0.587500 0.317188 0.587500 0.309375 0.593750 0.304688 0.597917 0.298438 0.600000 0.290625 0.604167 0.287500 0.606250 0.284375 0.610417 0.287500 0.612500
1 0.378125 0.550000 0.379688 0.556250 0.379688 0.562500 0.381250 0.572917 0.381250 0.575000 0.392188 0.572917 0.400000 0.566667 0.409375 0.562500 0.412500 0.556250 0.415625 0.554167 0.423438 0.550000 0.426563 0.543750 0.431250 0.541667 0.426563 0.531250 0.421875 0.525000 0.409375 0.535417 0.393750 0.543750 0.387500 0.547917 0.384375 0.550000 0.381250 0.550000
1 0.462500 0.497917 0.465625 0.504167 0.468750 0.510417 0.471875 0.516667 0.478125 0.506250 0.481250 0.504167 0.487500 0.500000 0.493750 0.493750 0.503125 0.487500 0.506250 0.485417 0.509375 0.481250 0.506250 0.475000 0.506250 0.468750 0.493750 0.479167 0.485938 0.485417 0.481250 0.487500 0.473438 0.493750 0.468750 0.493750 0.462500 0.497917 0.462500 0.500000 0.465625 0.500000
1 0.559375 0.437500 0.559375 0.443750 0.564063 0.447917 0.565625 0.454167 0.568750 0.454167 0.571875 0.450000 0.575000 0.447917 0.584375 0.443750 0.593750 0.437500 0.600000 0.429167 0.604688 0.425000 0.606250 0.418750 0.612500 0.412500 0.615625 0.412500 0.610938 0.410417 0.596875 0.422917 0.590625 0.425000 0.585938 0.431250 0.581250 0.431250 0.575000 0.437500 0.571875 0.437500 0.565625 0.437500
1 0.812500 0.466667 0.818750 0.468750 0.821875 0.475000 0.825000 0.487500 0.829688 0.493750 0.835938 0.506250 0.840625 0.518750 0.845313 0.525000 0.846875 0.529167 0.856250 0.525000 0.862500 0.518750 0.865625 0.510417 0.860938 0.504167 0.856250 0.493750 0.850000 0.487500 0.846875 0.481250 0.840625 0.472917 0.835938 0.462500 0.831250 0.456250 0.825000 0.460417 0.815625 0.466667 0.821875 0.475000
1 0.870313 0.581250 0.878125 0.581250 0.884375 0.587500 0.887500 0.593750 0.893750 0.600000 0.893750 0.610417 0.898438 0.616667 0.903125 0.622917 0.912500 0.616667 0.918750 0.610417 0.918750 0.606250 0.915625 0.597917 0.909375 0.587500 0.903125 0.575000 0.898438 0.568750 0.893750 0.566667 0.887500 0.572917 0.881250 0.575000 0.875000 0.581250 0.881250 0.587500 0.885938 0.597917
1 0.950000 0.656250 0.943750 0.666667 0.934375 0.675000 0.939063 0.681250 0.943750 0.691667 0.948438 0.700000 0.950000 0.710417 0.956250 0.718750 0.960938 0.725000 0.964063 0.737500 0.968750 0.743750 0.975000 0.735417 0.978125 0.729167 0.984375 0.718750 0.985938 0.712500 0.979688 0.704167 0.971875 0.691667 0.965625 0.681250 0.960938 0.675000 0.954688 0.662500 0.950000 0.656250
2 0.550000 0.022917 0.548438 0.025000 0.543750 0.025000 0.537500 0.031250 0.540625 0.031250 0.543750 0.037500 0.543750 0.037500 0.548438 0.043750 0.550000 0.043750 0.550000 0.050000 0.554688 0.050000 0.559375 0.050000 0.562500 0.043750 0.565625 0.043750 0.565625 0.041667 0.565625 0.037500 0.562500 0.037500 0.559375 0.031250 0.559375 0.029167 0.557813 0.025000 0.557813 0.018750 0.557813 0.018750 0.550000 0.018750 0.546875 0.018750
2 0.589063 0.066667 0.581250 0.068750 0.579688 0.068750 0.575000 0.072917 0.573438 0.075000 0.575000 0.079167 0.579688 0.081250 0.581250 0.087500 0.581250 0.091667 0.581250 0.093750 0.585938 0.097917 0.595313 0.091667 0.596875 0.087500 0.600000 0.087500 0.604688 0.085417 0.603125 0.081250 0.600000 0.079167 0.600000 0.075000 0.596875 0.072917 0.596875 0.072917 0.595313 0.068750 0.593750 0.062500 0.590625 0.060417 0.589063 0.060417 0.587500 0.062500
2 0.626563 0.118750 0.618750 0.122917 0.612500 0.125000 0.606250 0.131250 0.609375 0.137500 0.612500 0.137500 0.615625 0.143750 0.617188 0.147917 0.618750 0.150000 0.621875 0.154167 0.625000 0.156250 0.628125 0.156250 0.634375 0.154167 0.642188 0.150000 0.643750 0.150000 0.642188 0.143750 0.637500 0.137500 0.634375 0.131250 0.628125 0.125000 0.628125 0.122917 0.626563 0.116667 0.621875 0.116667 0.612500 0.125000
2 0.653125 0.172917 0.653125 0.175000 0.651563 0.179167 0.650000 0.179167 0.648438 0.181250 0.643750 0.181250 0.642188 0.185417 0.643750 0.187500 0.643750 0.193750 0.646875 0.193750 0.648438 0.197917 0.650000 0.200000 0.651563 0.197917 0.656250 0.193750 0.657813 0.191667 0.659375 0.191667 0.662500 0.187500 0.665625 0.181250 0.662500 0.181250 0.662500 0.181250 0.659375 0.181250 0.659375 0.181250 0.657813 0.179167 0.653125 0.172917
2 0.131250 0.706250 0.131250 0.712500 0.134375 0.722917 0.134375 0.725000 0.137500 0.731250 0.140625 0.735417 0.156250 0.731250 0.165625 0.729167 0.168750 0.725000 0.170313 0.722917 0.171875 0.718750 0.176563 0.712500 0.178125 0.710417 0.175000 0.700000 0.171875 0.693750 0.171875 0.687500 0.168750 0.681250 0.156250 0.693750 0.148438 0.693750 0.143750 0.697917 0.140625 0.697917 0.131250 0.700000
2 0.212500 0.662500 0.218750 0.668750 0.221875 0.675000 0.225000 0.681250 0.228125 0.687500 0.243750 0.679167 0.253125 0.672917 0.262500 0.666667 0.281250 0.656250 0.287500 0.650000 0.290625 0.637500 0.290625 0.631250 0.287500 0.622917 0.285938 0.616667 0.282813 0.606250 0.259375 0.618750 0.253125 0.625000 0.243750 0.631250 0.234375 0.637500 0.225000 0.650000 0.221875 0.656250 0.221875 0.660417
2 0.364063 0.554167 0.356250 0.560417 0.348438 0.566667 0.340625 0.572917 0.340625 0.575000 0.340625 0.585417 0.343750 0.593750 0.345313 0.600000 0.346875 0.606250 0.353125 0.600000 0.360938 0.597917 0.367188 0.593750 0.368750 0.593750 0.378125 0.587500 0.379688 0.585417 0.381250 0.575000 0.378125 0.562500 0.376563 0.550000 0.371875 0.543750 0.368750 0.537500 0.364063 0.550000
2 0.434375 0.510417 0.439063 0.510417 0.442188 0.518750 0.443750 0.529167 0.443750 0.531250 0.443750 0.537500 0.450000 0.537500 0.456250 0.531250 0.460938 0.531250 0.465625 0.531250 0.468750 0.525000 0.470313 0.522917 0.468750 0.516667 0.468750 0.510417 0.465625 0.504167 0.462500 0.500000 0.454688 0.504167 0.443750 0.504167 0.437500 0.506250 0.434375 0.506250 0.437500 0.510417 0.440625 0.522917 0.442188 0.529167
2 0.506250 0.475000 0.510938 0.475000 0.512500 0.481250 0.515625 0.487500 0.525000 0.487500 0.534375 0.481250 0.540625 0.475000 0.543750 0.472917 0.548438 0.468750 0.556250 0.468750 0.559375 0.462500 0.559375 0.456250 0.562500 0.450000 0.562500 0.443750 0.554688 0.443750 0.543750 0.450000 0.534375 0.456250 0.528125 0.460417 0.523438 0.462500 0.518750 0.462500 0.512500 0.468750 0.510938 0.472917
2 0.846875 0.525000 0.840625 0.529167 0.835938 0.531250 0.840625 0.541667 0.846875 0.543750 0.850000 0.550000 0.856250 0.560417 0.862500 0.568750 0.867188 0.581250 0.871875 0.572917 0.878125 0.566667 0.885938 0.556250 0.878125 0.550000 0.871875 0.543750 0.865625 0.531250 0.862500 0.525000 0.856250 0.522917 0.853125 0.516667 0.846875 0.525000 0.843750 0.529167 0.846875 0.537500
2 0.896875 0.625000 0.903125 0.637500 0.912500 0.643750 0.917188 0.654167 0.918750 0.662500 0.923438 0.666667 0.928125 0.668750 0.932813 0.668750 0.934375 0.666667 0.939063 0.660417 0.943750 0.654167 0.946875 0.650000 0.937500 0.643750 0.931250 0.637500 0.925000 0.637500 0.923438 0.631250 0.923438 0.629167 0.918750 0.622917 0.918750 0.616667 0.912500 0.625000 0.909375 0.631250 0.903125 0.631250
2 0.984375 0.725000 0.981250 0.735417 0.975000 0.743750 0.975000 0.750000 0.985938 0.756250 0.987500 0.762500 0.993750 0.766667 1.000000 0.775000 1.003125 0.781250 1.006250 0.775000 1.009375 0.768750 1.009375 0.760417 1.000000 0.750000 0.993750 0.747917 0.987500 0.741667 0.985938 0.735417 0.984375 0.725000 0.987500 0.725000 0.993750 0.731250 0.996875 0.737500 1.003125 0.743750 1.006250 0.750000
2 0.881250 0.225000 0.887500 0.229167 0.890625 0.237500 0.898438 0.235417 0.906250 0.229167 0.909375 0.222917 0.912500 0.218750 0.918750 0.218750 0.917188 0.212500 0.912500 0.200000 0.903125 0.206250 0.898438 0.212500 0.890625 0.212500 0.884375 0.218750 0.878125 0.218750 0.878125 0.225000 0.878125 0.235417 0.881250 0.237500 0.887500 0.241667 0.896875 0.243750 0.898438 0.231250
2 0.940625 0.187500 0.943750 0.187500 0.948438 0.193750 0.948438 0.197917 0.950000 0.200000 0.954688 0.200000 0.956250 0.193750 0.960938 0.193750 0.965625 0.187500 0.968750 0.187500 0.971875 0.181250 0.971875 0.179167 0.971875 0.172917 0.968750 0.172917 0.960938 0.172917 0.956250 0.175000 0.950000 0.179167 0.946875 0.179167 0.940625 0.181250 0.940625 0.181250 0.943750 0.187500 0.946875 0.197917 0.948438 0.200000
1 0.850000 0.241667 0.850000 0.241667 0.854688 0.243750 0.856250 0.243750 0.856250 0.250000 0.859375 0.250000 0.860938 0.254167 0.865625 0.250000 0.870313 0.250000 0.871875 0.250000 0.878125 0.243750 0.878125 0.241667 0.881250 0.237500 0.881250 0.235417 0.881250 0.231250 0.881250 0.229167 0.871875 0.231250 0.868750 0.235417 0.860938 0.235417 0.860938 0.237500 0.859375 0.243750 0.856250 0.243750
1 0.990625 0.150000 0.987500 0.156250 0.981250 0.162500 0.979688 0.162500 0.981250 0.168750 0.981250 0.172917 0.984375 0.175000 0.985938 0.179167 0.987500 0.179167 0.990625 0.175000 0.995313 0.175000 0.996875 0.172917 1.000000 0.168750 1.000000 0.166667 1.000000 0.160417 1.000000 0.154167 1.000000 0.150000 0.996875 0.150000 0.990625 0.150000 0.987500 0.150000
1 0.918750 0.200000 0.923438 0.204167 0.923438 0.210417 0.925000 0.216667 0.925000 0.218750 0.925000 0.222917 0.928125 0.225000 0.929688 0.225000 0.932813 0.218750 0.934375 0.216667 0.937500 0.212500 0.940625 0.212500 0.943750 0.210417 0.943750 0.206250 0.943750 0.200000 0.940625 0.193750 0.940625 0.193750 0.934375 0.193750 0.932813 0.193750 0.928125 0.197917 0.925000 0.197917 0.923438 0.200000
3 0.818750 0.306250 0.803125 0.312500 0.793750 0.318750 0.790625 0.322917 0.784375 0.325000 0.776563 0.331250 0.768750 0.335417 0.760938 0.337500 0.756250 0.341667 0.760938 0.347917 0.767188 0.362500 0.768750 0.362500 0.784375 0.356250 0.800000 0.350000 0.809375 0.347917 0.818750 0.341667 0.825000 0.335417 0.831250 0.325000 0.823438 0.318750 0.818750 0.312500 0.815625 0.306250
3 0.745313 0.400000 0.745313 0.412500 0.750000 0.418750 0.773438 0.422917 0.787500 0.425000 0.790625 0.429167 0.793750 0.429167 0.798438 0.429167 0.798438 0.418750 0.796875 0.416667 0.790625 0.416667 0.787500 0.412500 0.781250 0.412500 0.776563 0.406250 0.765625 0.404167 0.756250 0.400000 0.753125 0.400000 0.751563 0.397917 0.745313 0.393750 0.742188 0.393750 0.737500 0.393750
4 0.021875 0.385417 0.028125 0.387500 0.043750 0.379167 0.050000 0.375000 0.053125 0.360417 0.054688 0.341667 0.054688 0.331250 0.054688 0.318750 0.050000 0.316667 0.043750 0.318750 0.032813 0.322917 0.023438 0.325000 0.017188 0.331250 0.009375 0.335417 0.009375 0.341667 0.009375 0.350000 0.009375 0.362500 0.009375 0.372917 0.012500 0.379167 0.014063 0.387500 0.025000 0.381250 0.034375 0.381250
3 0.667188 0.131250 0.659375 0.131250 0.657813 0.143750 0.659375 0.156250 0.667188 0.162500 0.675000 0.162500 0.687500 0.156250 0.693750 0.156250 0.706250 0.150000 0.715625 0.143750 0.721875 0.141667 0.729688 0.137500 0.737500 0.137500 0.735938 0.129167 0.734375 0.116667 0.728125 0.112500 0.715625 0.118750 0.704688 0.122917 0.696875 0.125000 0.682813 0.125000 0.673438 0.129167
3 0.640625 0.018750 0.631250 0.018750 0.625000 0.016667 0.620313 0.022917 0.620313 0.037500 0.617188 0.054167 0.615625 0.068750 0.615625 0.085417 0.612500 0.097917 0.612500 0.106250 0.618750 0.112500 0.628125 0.112500 0.643750 0.110417 0.648438 0.081250 0.650000 0.066667 0.653125 0.050000 0.653125 0.035417 0.653125 0.025000 0.651563 0.016667 0.642188 0.016667 0.631250 0.018750
6 0.831250 0.447917 0.809375 0.475000 0.829688 0.518750 0.846875 0.556250 0.867188 0.593750 0.890625 0.629167 0.912500 0.662500 0.932813 0.687500 0.953125 0.716667 0.960938 0.718750 0.975000 0.750000 0.992188 0.775000 1.000000 0.750000 0.981250 0.710417 0.960938 0.679167 0.940625 0.650000 0.917188 0.612500 0.892188 0.579167 0.868750 0.537500 0.850000 0.493750 0.837500 0.466667
6 0.996875 0.143750 0.959375 0.156250 0.934375 0.166667 0.928125 0.175000 0.915625 0.187500 0.903125 0.197917 0.881250 0.212500 0.862500 0.229167 0.850000 0.241667 0.846875 0.256250 0.856250 0.262500 0.868750 0.256250 0.881250 0.250000 0.890625 0.241667 0.903125 0.235417 0.918750 0.225000 0.934375 0.218750 0.971875 0.200000 0.987500 0.187500 0.996875 0.172917 1.000000 0.156250 0.996875 0.143750
6 0.534375 0.000000 0.515625 0.010417 0.525000 0.025000 0.537500 0.041667 0.548438 0.054167 0.557813 0.072917 0.568750 0.087500 0.585938 0.106250 0.596875 0.125000 0.612500 0.143750 0.626563 0.166667 0.637500 0.175000 0.648438 0.156250 0.640625 0.137500 0.625000 0.112500 0.612500 0.087500 0.596875 0.062500 0.581250 0.043750 0.565625 0.025000 0.546875 0.006250 0.532813 0.000000
6 0.600000 0.406250 0.543750 0.441667 0.489063 0.475000 0.434375 0.510417 0.392188 0.531250 0.340625 0.562500 0.285938 0.600000 0.218750 0.637500 0.162500 0.681250 0.117188 0.710417 0.090625 0.750000 0.125000 0.737500 0.175000 0.710417 0.234375 0.672917 0.296875 0.635417 0.350000 0.600000 0.410938 0.562500 0.493750 0.516667 0.593750 0.454167 0.612500 0.418750 0.595313 0.406250
7 0.737500 0.475000 0.720313 0.479167 0.709375 0.481250 0.703125 0.481250 0.704688 0.487500 0.712500 0.500000 0.721875 0.518750 0.731250 0.537500 0.737500 0.554167 0.743750 0.568750 0.746875 0.568750 0.756250 0.562500 0.760938 0.560417 0.765625 0.554167 0.767188 0.543750 0.762500 0.531250 0.756250 0.516667 0.746875 0.500000 0.740625 0.487500 0.731250 0.475000 0.729688 0.468750
7 0.640625 0.606250 0.585938 0.622917 0.550000 0.656250 0.517188 0.681250 0.496875 0.706250 0.478125 0.725000 0.465625 0.750000 0.462500 0.775000 0.475000 0.800000 0.485938 0.806250 0.493750 0.835417 0.510938 0.854167 0.537500 0.856250 0.565625 0.837500 0.606250 0.806250 0.642188 0.775000 0.682813 0.743750 0.700000 0.718750 0.684375 0.685417 0.668750 0.656250 0.648438 0.629167
7 0.696875 0.712500 0.642188 0.754167 0.603125 0.787500 0.579688 0.812500 0.565625 0.831250 0.568750 0.850000 0.581250 0.881250 0.584375 0.881250 0.595313 0.904167 0.609375 0.929167 0.620313 0.937500 0.648438 0.925000 0.675000 0.900000 0.709375 0.879167 0.751563 0.837500 0.756250 0.822917 0.746875 0.800000 0.735938 0.781250 0.721875 0.756250 0.706250 0.731250 0.696875 0.712500
7 0.835938 0.891667 0.784375 0.925000 0.759375 0.937500 0.742188 0.943750 0.728125 0.947917 0.721875 0.962500 0.731250 0.972917 0.737500 0.993750 0.742188 1.004167 0.756250 0.997917 0.775000 0.993750 0.787500 0.993750 0.806250 0.993750 0.821875 0.993750 0.837500 0.993750 0.856250 0.991667 0.865625 0.987500 0.865625 0.968750 0.856250 0.954167 0.846875 0.929167 0.839063 0.900000 0.831250 0.887500
7 0.559375 0.254167 0.550000 0.256250 0.542188 0.262500 0.534375 0.268750 0.525000 0.279167 0.509375 0.291667 0.501563 0.297917 0.493750 0.306250 0.496875 0.318750 0.503125 0.331250 0.510938 0.337500 0.517188 0.337500 0.525000 0.331250 0.534375 0.325000 0.546875 0.318750 0.559375 0.306250 0.565625 0.300000 0.573438 0.297917 0.578125 0.285417 0.575000 0.279167 0.565625 0.268750 0.559375 0.260417 0.557813 0.250000
7 0.554688 0.185417 0.543750 0.204167 0.537500 0.210417 0.534375 0.222917 0.537500 0.235417 0.540625 0.241667 0.556250 0.250000 0.559375 0.250000 0.571875 0.254167 0.585938 0.262500 0.590625 0.266667 0.596875 0.262500 0.604688 0.250000 0.603125 0.237500 0.600000 0.231250 0.590625 0.222917 0.585938 0.218750 0.578125 0.212500 0.568750 0.206250 0.559375 0.193750 0.554688 0.187500
7 0.965625 0.297917 0.950000 0.300000 0.939063 0.300000 0.921875 0.300000 0.909375 0.300000 0.900000 0.300000 0.887500 0.304167 0.885938 0.306250 0.890625 0.335417 0.893750 0.343750 0.896875 0.350000 0.900000 0.356250 0.906250 0.356250 0.918750 0.356250 0.929688 0.354167 0.939063 0.350000 0.948438 0.350000 0.956250 0.347917 0.968750 0.335417 0.970313 0.331250 0.968750 0.318750 0.968750 0.306250 0.965625 0.293750
