7 0.321094 0.737500 0.114062 0.079167
7 0.041406 0.813542 0.076563 0.093750
7 0.008594 0.392708 0.020313 0.168750
7 0.032031 0.380208 0.048438 0.152083
3 0.113281 0.409375 0.048438 0.093750
3 0.256250 0.522917 0.031250 0.112500
3 0.041406 0.515625 0.048438 0.093750
3 0.127344 0.642708 0.035937 0.052083
0 0.643750 0.645833 0.140625 0.108333
0 0.514844 0.646875 0.135937 0.114583
0 0.382031 0.644792 0.126562 0.102083
0 0.117969 0.077083 0.048438 0.104167
0 0.114062 0.213542 0.081250 0.127083
0 0.114062 0.338542 0.087500 0.164583
