1 0.282813 0.763542 0.065625 0.097917
1 0.250000 0.587500 0.050000 0.062500
1 0.240625 0.450000 0.232813 0.454167 0.228125 0.454167 0.218750 0.456250 0.210938 0.456250 0.206250 0.460417 0.201563 0.462500 0.203125 0.475000 0.206250 0.481250 0.210938 0.487500 0.212500 0.493750 0.217188 0.500000 0.221875 0.506250 0.228125 0.510417 0.232813 0.506250 0.234375 0.500000 0.234375 0.491667 0.234375 0.481250 0.234375 0.472917 0.234375 0.462500 0.234375 0.456250
1 0.215625 0.368750 0.209375 0.368750 0.203125 0.368750 0.196875 0.372917 0.193750 0.375000 0.190625 0.375000 0.192188 0.381250 0.193750 0.387500 0.196875 0.393750 0.196875 0.400000 0.200000 0.406250 0.203125 0.406250 0.207813 0.406250 0.212500 0.406250 0.218750 0.406250 0.223438 0.404167 0.225000 0.400000 0.225000 0.393750 0.225000 0.387500 0.223438 0.379167 0.221875 0.375000 0.218750 0.368750
1 0.201563 0.285417 0.196875 0.285417 0.192188 0.285417 0.187500 0.287500 0.185938 0.291667 0.184375 0.293750 0.181250 0.300000 0.184375 0.304167 0.185938 0.306250 0.187500 0.312500 0.190625 0.318750 0.193750 0.318750 0.196875 0.318750 0.203125 0.318750 0.207813 0.312500 0.210938 0.312500 0.212500 0.306250 0.210938 0.300000 0.209375 0.300000 0.203125 0.291667 0.203125 0.287500 0.200000 0.281250
1 0.193750 0.243750 0.190625 0.243750 0.187500 0.243750 0.185938 0.243750 0.185938 0.250000 0.181250 0.250000 0.181250 0.250000 0.181250 0.254167 0.181250 0.254167 0.181250 0.262500 0.181250 0.262500 0.184375 0.262500 0.185938 0.262500 0.187500 0.262500 0.190625 0.266667 0.193750 0.266667 0.193750 0.266667 0.196875 0.266667 0.196875 0.262500 0.196875 0.260417 0.196875 0.254167 0.193750 0.254167 0.193750 0.250000 0.193750 0.250000 0.193750 0.243750 0.192188 0.243750
2 0.201563 0.266667 0.193750 0.266667 0.192188 0.266667 0.187500 0.266667 0.185938 0.266667 0.181250 0.268750 0.181250 0.272917 0.181250 0.275000 0.181250 0.281250 0.181250 0.285417 0.181250 0.287500 0.181250 0.291667 0.185938 0.291667 0.187500 0.287500 0.190625 0.287500 0.193750 0.287500 0.193750 0.285417 0.196875 0.285417 0.200000 0.281250 0.200000 0.279167 0.200000 0.275000 0.200000 0.268750 0.200000 0.262500
2 0.209375 0.316667 0.203125 0.316667 0.200000 0.318750 0.196875 0.318750 0.193750 0.318750 0.190625 0.318750 0.187500 0.322917 0.187500 0.325000 0.190625 0.331250 0.192188 0.335417 0.192188 0.337500 0.193750 0.341667 0.193750 0.343750 0.196875 0.343750 0.201563 0.343750 0.203125 0.343750 0.207813 0.343750 0.209375 0.341667 0.212500 0.337500 0.212500 0.335417 0.212500 0.331250 0.210938 0.325000 0.210938 0.318750 0.209375 0.318750 0.207813 0.312500
2 0.210938 0.341667 0.207813 0.341667 0.203125 0.341667 0.196875 0.341667 0.193750 0.341667 0.190625 0.343750 0.190625 0.350000 0.192188 0.362500 0.193750 0.368750 0.193750 0.372917 0.196875 0.368750 0.196875 0.362500 0.203125 0.362500 0.206250 0.362500 0.210938 0.362500 0.212500 0.362500 0.215625 0.356250 0.215625 0.354167 0.210938 0.350000 0.210938 0.343750 0.207813 0.341667 0.207813 0.337500
2 0.217188 0.429167 0.034375 0.041667
2 0.243750 0.504167 0.237500 0.504167 0.232813 0.506250 0.228125 0.510417 0.223438 0.510417 0.221875 0.522917 0.218750 0.531250 0.223438 0.537500 0.225000 0.543750 0.225000 0.550000 0.228125 0.554167 0.234375 0.554167 0.239063 0.550000 0.243750 0.550000 0.250000 0.547917 0.254688 0.543750 0.254688 0.537500 0.253125 0.531250 0.250000 0.518750 0.246875 0.510417 0.243750 0.506250
2 0.267188 0.622917 0.253125 0.622917 0.243750 0.622917 0.237500 0.629167 0.234375 0.637500 0.237500 0.656250 0.240625 0.666667 0.240625 0.675000 0.243750 0.687500 0.243750 0.700000 0.243750 0.712500 0.256250 0.712500 0.267188 0.712500 0.275000 0.712500 0.285938 0.712500 0.287500 0.700000 0.284375 0.656250 0.281250 0.643750 0.278125 0.631250 0.275000 0.622917 0.270313 0.616667
3 0.071875 0.700000 0.046875 0.687500 0.031250 0.712500 0.020313 0.750000 0.006250 0.785417 -0.003125 0.812500 -0.001563 0.835417 -0.003125 0.856250 0.014063 0.868750 0.040625 0.881250 0.059375 0.887500 0.073438 0.879167 0.085938 0.854167 0.093750 0.825000 0.100000 0.800000 0.109375 0.779167 0.112500 0.756250 0.107813 0.741667 0.093750 0.725000 0.081250 0.706250 0.071875 0.693750
3 0.960938 0.622917 0.960938 0.622917 0.964063 0.622917 0.965625 0.622917 0.965625 0.622917 0.968750 0.622917 0.968750 0.622917 0.970313 0.622917 0.971875 0.622917 0.971875 0.622917 0.975000 0.622917 0.975000 0.622917 0.975000 0.622917 0.975000 0.622917 0.978125 0.622917 0.978125 0.622917 0.979688 0.622917 0.981250 0.622917 0.981250 0.622917 0.981250 0.622917 0.984375 0.622917 0.984375 0.622917 0.985938 0.622917 0.987500 0.622917 0.987500 0.622917 0.990625 0.622917 0.990625 0.622917 0.990625 0.622917 0.992188 0.622917 0.993750 0.622917 0.993750 0.622917 0.995313 0.622917 0.995313 0.622917 0.996875 0.622917 0.996875 0.622917 0.996875 0.622917 1.000000 0.622917 1.000000 0.622917 1.000000 0.622917
3 0.850000 0.666667 0.854688 0.704167 0.856250 0.725000 0.903125 0.712500 0.940625 0.710417 0.965625 0.710417 0.990625 0.706250 1.006250 0.704167 1.018750 0.691667 1.014063 0.666667 1.009375 0.643750 1.006250 0.622917 1.003125 0.606250 0.971875 0.612500 0.943750 0.612500 0.909375 0.618750 0.876563 0.622917 0.860938 0.629167 0.846875 0.643750 0.850000 0.666667 0.850000 0.693750
3 0.462500 0.550000 0.415625 0.554167 0.368750 0.566667 0.384375 0.622917 0.400000 0.687500 0.412500 0.750000 0.426563 0.822917 0.434375 0.879167 0.439063 0.925000 0.446875 0.979167 0.487500 0.987500 0.532813 0.987500 0.548438 0.960417 0.537500 0.916667 0.528125 0.862500 0.521875 0.806250 0.512500 0.750000 0.503125 0.693750 0.492188 0.641667 0.481250 0.587500 0.471875 0.550000
6 0.192188 0.235417 0.178125 0.281250 0.182812 0.345833 0.190625 0.406250 0.206250 0.477083 0.217188 0.537500 0.228125 0.595833 0.240625 0.654167 0.250000 0.710417 0.257812 0.772917 0.282813 0.820833 0.303125 0.781250 0.292187 0.720833 0.279687 0.662500 0.268750 0.604167 0.251563 0.543750 0.243750 0.485417 0.225000 0.431250 0.221875 0.343750 0.210938 0.275000 0.192188 0.231250
6 0.998437 0.947917 0.990625 0.954167 0.984375 0.960417 0.975000 0.962500 0.970313 0.966667 0.960938 0.970833 0.954688 0.977083 0.946875 0.979167 0.940625 0.981250 0.935937 0.987500 0.934375 0.993750 0.942187 0.993750 0.950000 0.995833 0.957812 0.995833 0.965625 0.997917 0.975000 0.997917 0.982812 0.997917 0.989062 0.993750 0.995313 0.987500 0.995313 0.977083 0.995313 0.964583 0.995313 0.954167
7 0.546875 0.543750 0.525000 0.550000 0.509375 0.566667 0.493750 0.589583 0.498437 0.616667 0.509375 0.641667 0.515625 0.672917 0.521875 0.702083 0.531250 0.722917 0.548438 0.741667 0.564063 0.754167 0.581250 0.768750 0.603125 0.758333 0.609375 0.727083 0.612500 0.700000 0.612500 0.668750 0.606250 0.645833 0.593750 0.620833 0.581250 0.597917 0.560937 0.570833 0.543750 0.552083
7 0.796875 0.706250 0.745313 0.727083 0.718750 0.739583 0.696875 0.754167 0.675000 0.770833 0.656250 0.785417 0.642188 0.808333 0.640625 0.833333 0.657813 0.852083 0.670312 0.864583 0.692187 0.866667 0.715625 0.862500 0.735938 0.858333 0.751563 0.845833 0.767188 0.831250 0.787500 0.818750 0.809375 0.804167 0.812500 0.781250 0.803125 0.754167 0.796875 0.729167 0.790625 0.706250
4 0.648438 0.233333 0.640625 0.233333 0.632812 0.233333 0.623437 0.233333 0.615625 0.233333 0.607812 0.235417 0.601562 0.239583 0.600000 0.243750 0.604688 0.250000 0.610938 0.254167 0.617188 0.258333 0.625000 0.260417 0.629687 0.262500 0.637500 0.262500 0.648438 0.262500 0.656250 0.262500 0.662500 0.260417 0.660937 0.252083 0.657813 0.243750 0.654687 0.239583 0.650000 0.231250 0.645312 0.227083
