6 0.589063 0.839583 0.573438 0.843750 0.562500 0.868750 0.573438 0.879167 0.593750 0.885417 0.609375 0.885417 0.645312 0.885417 0.682813 0.885417 0.712500 0.885417 0.742188 0.885417 0.776563 0.885417 0.801562 0.883333 0.831250 0.881250 0.862500 0.881250 0.906250 0.875000 0.932813 0.868750 0.964063 0.866667 0.978125 0.864583 1.003125 0.858333 1.003125 0.835417 1.003125 0.816667
6 0.546875 0.258333 0.546875 0.304167 0.553125 0.381250 0.553125 0.437500 0.553125 0.527083 0.554688 0.593750 0.560937 0.675000 0.565625 0.756250 0.571875 0.814583 0.587500 0.839583 0.600000 0.814583 0.596875 0.768750 0.595313 0.722917 0.595313 0.666667 0.593750 0.612500 0.593750 0.554167 0.592187 0.491667 0.590625 0.420833 0.589063 0.352083 0.585938 0.297917 0.579688 0.254167
6 0.396875 0.243750 0.371875 0.279167 0.367188 0.331250 0.360938 0.391667 0.350000 0.462500 0.346875 0.520833 0.337500 0.589583 0.331250 0.656250 0.329688 0.718750 0.328125 0.791667 0.329688 0.835417 0.351562 0.808333 0.359375 0.764583 0.368750 0.706250 0.371875 0.645833 0.378125 0.572917 0.382812 0.489583 0.385937 0.429167 0.392188 0.364583 0.401562 0.302083 0.401562 0.239583
6 0.239063 0.239583 0.215625 0.295833 0.204687 0.358333 0.184375 0.433333 0.176563 0.504167 0.165625 0.566667 0.156250 0.637500 0.164062 0.689583 0.153125 0.739583 0.160938 0.787500 0.137500 0.833333 0.159375 0.856250 0.173437 0.787500 0.185938 0.725000 0.192188 0.660417 0.198437 0.593750 0.207813 0.518750 0.220312 0.445833 0.232813 0.364583 0.253125 0.279167 0.237500 0.239583
6 -0.004687 0.875000 0.026562 0.887500 0.045312 0.893750 0.075000 0.902083 0.089063 0.904167 0.101562 0.908333 0.114062 0.914583 0.128125 0.916667 0.140625 0.897917 0.145313 0.875000 0.134375 0.864583 0.115625 0.864583 0.089063 0.864583 0.071875 0.860417 0.053125 0.847917 0.039062 0.839583 0.020313 0.831250 0.004687 0.831250 -0.006250 0.837500 -0.009375 0.862500 0.001563 0.872917 0.007812 0.881250
1 1.003125 0.825000 1.001562 0.827083 0.996875 0.831250 0.993750 0.833333 0.990625 0.835417 0.990625 0.839583 0.989062 0.843750 0.989062 0.847917 0.989062 0.852083 0.990625 0.852083 0.993750 0.852083 0.996875 0.852083 1.000000 0.852083 1.001562 0.847917 1.003125 0.847917 1.006250 0.841667 1.006250 0.837500 1.006250 0.833333 1.003125 0.831250 1.000000 0.831250 0.996875 0.831250 0.995313 0.831250
1 0.864062 0.841667 0.865625 0.845833 0.865625 0.852083 0.865625 0.856250 0.865625 0.860417 0.865625 0.866667 0.868750 0.868750 0.875000 0.868750 0.879687 0.868750 0.885938 0.868750 0.892188 0.868750 0.898438 0.868750 0.903125 0.868750 0.906250 0.868750 0.910937 0.868750 0.915625 0.868750 0.918750 0.868750 0.923438 0.868750 0.926562 0.868750 0.928125 0.860417 0.928125 0.847917 0.928125 0.841667 0.928125 0.837500 0.925000 0.835417
1 0.734375 0.841667 0.735938 0.852083 0.739062 0.862500 0.739062 0.868750 0.740625 0.877083 0.742188 0.883333 0.748437 0.885417 0.757812 0.885417 0.764062 0.885417 0.767188 0.887500 0.773438 0.887500 0.778125 0.887500 0.784375 0.887500 0.790625 0.887500 0.795312 0.885417 0.798438 0.881250 0.800000 0.875000 0.804688 0.868750 0.804688 0.862500 0.804688 0.854167 0.803125 0.850000 0.803125 0.843750
1 0.573438 0.841667 0.573438 0.847917 0.570312 0.856250 0.570312 0.864583 0.571875 0.868750 0.579688 0.875000 0.590625 0.877083 0.600000 0.881250 0.606250 0.881250 0.612500 0.885417 0.617188 0.885417 0.623437 0.885417 0.631250 0.885417 0.637500 0.885417 0.645312 0.883333 0.651563 0.883333 0.657813 0.883333 0.664062 0.879167 0.664062 0.864583 0.664062 0.854167 0.664062 0.847917 0.660937 0.841667 0.657813 0.835417
1 0.560156 0.285417 0.020313 0.070833
1 0.569531 0.405208 0.029687 0.072917
1 0.571875 0.545833 0.031250 0.095833
1 0.578906 0.703125 0.035937 0.081250
1 0.389062 0.268750 0.025000 0.058333
1 0.378906 0.387500 0.023438 0.079167
1 0.362500 0.529167 0.037500 0.083333
1 0.350000 0.688542 0.025000 0.085417
1 0.240625 0.243750 0.235937 0.239583 0.228125 0.239583 0.221875 0.245833 0.221875 0.256250 0.220312 0.266667 0.218750 0.275000 0.218750 0.285417 0.215625 0.295833 0.221875 0.304167 0.228125 0.304167 0.237500 0.308333 0.243750 0.304167 0.245312 0.291667 0.246875 0.281250 0.250000 0.270833 0.250000 0.258333 0.250000 0.247917 0.250000 0.235417 0.242188 0.235417
1 0.228125 0.375000 0.210938 0.368750 0.203125 0.368750 0.195312 0.370833 0.193750 0.383333 0.192188 0.391667 0.192188 0.400000 0.190625 0.412500 0.189062 0.425000 0.185938 0.433333 0.187500 0.441667 0.201563 0.441667 0.210938 0.441667 0.218750 0.443750 0.225000 0.443750 0.225000 0.437500 0.225000 0.425000 0.225000 0.408333 0.226562 0.400000 0.226562 0.389583 0.228125 0.377083 0.228125 0.368750 0.225000 0.368750
1 0.195312 0.514583 0.189062 0.514583 0.182812 0.510417 0.178125 0.510417 0.176563 0.518750 0.176563 0.529167 0.176563 0.537500 0.173437 0.554167 0.171875 0.564583 0.168750 0.572917 0.168750 0.583333 0.167187 0.591667 0.181250 0.593750 0.185938 0.593750 0.192188 0.593750 0.196875 0.587500 0.198437 0.577083 0.200000 0.562500 0.203125 0.547917 0.203125 0.533333 0.203125 0.520833 0.203125 0.510417 0.198437 0.510417
1 0.176563 0.687500 0.168750 0.683333 0.165625 0.687500 0.165625 0.695833 0.164062 0.704167 0.162500 0.710417 0.160938 0.718750 0.159375 0.727083 0.156250 0.739583 0.156250 0.745833 0.156250 0.754167 0.160938 0.760417 0.165625 0.762500 0.171875 0.764583 0.173437 0.752083 0.178125 0.737500 0.181250 0.725000 0.184375 0.714583 0.185938 0.702083 0.185938 0.685417 0.182812 0.683333 0.176563 0.687500
1 0.104688 0.884375 0.068750 0.052083
1 0.007812 0.839583 0.004687 0.835417 0.001563 0.835417 0.000000 0.841667 -0.001563 0.847917 -0.001563 0.852083 -0.003125 0.858333 -0.003125 0.864583 -0.003125 0.868750 -0.003125 0.875000 -0.003125 0.879167 -0.001563 0.883333 0.001563 0.883333 0.006250 0.879167 0.007812 0.875000 0.009375 0.868750 0.010937 0.866667 0.012500 0.862500 0.014063 0.858333 0.014063 0.852083 0.014063 0.847917 0.012500 0.843750 0.009375 0.841667
2 0.567187 0.350000 0.031250 0.062500
2 0.571094 0.475000 0.035937 0.062500
2 0.577344 0.634375 0.032813 0.081250
2 0.699219 0.864583 0.082812 0.033333
2 0.836719 0.861458 0.057813 0.043750
2 0.959375 0.853125 0.053125 0.035417
2 0.346094 0.778125 0.032813 0.093750
2 0.357812 0.612500 0.031250 0.095833
2 0.374219 0.460417 0.035937 0.058333
2 0.380469 0.335417 0.026562 0.062500
2 0.220312 0.343750 0.018750 0.062500
2 0.190625 0.433333 0.185938 0.447917 0.181250 0.464583 0.178125 0.470833 0.178125 0.481250 0.178125 0.493750 0.181250 0.500000 0.185938 0.502083 0.192188 0.502083 0.200000 0.502083 0.207813 0.504167 0.214062 0.504167 0.214062 0.485417 0.214062 0.475000 0.214062 0.464583 0.214062 0.454167 0.212500 0.443750 0.203125 0.441667 0.195312 0.439583 0.189062 0.439583 0.185938 0.443750
2 0.190625 0.597917 0.182812 0.597917 0.175000 0.597917 0.168750 0.597917 0.162500 0.600000 0.162500 0.614583 0.162500 0.625000 0.162500 0.633333 0.162500 0.645833 0.162500 0.654167 0.162500 0.662500 0.162500 0.670833 0.168750 0.675000 0.182812 0.675000 0.189062 0.675000 0.195312 0.675000 0.195312 0.662500 0.195312 0.652083 0.195312 0.639583 0.195312 0.627083 0.195312 0.616667 0.195312 0.606250 0.192188 0.597917
2 0.015625 0.839583 0.014063 0.847917 0.014063 0.858333 0.014063 0.868750 0.018750 0.877083 0.028125 0.883333 0.034375 0.887500 0.043750 0.889583 0.053125 0.891667 0.059375 0.891667 0.067187 0.891667 0.071875 0.879167 0.073438 0.868750 0.073438 0.860417 0.070312 0.847917 0.062500 0.841667 0.051562 0.837500 0.040625 0.837500 0.032813 0.835417 0.025000 0.835417 0.017188 0.835417 0.014063 0.845833
3 0.239063 0.756250 0.242188 0.791667 0.248438 0.814583 0.256250 0.845833 0.259375 0.864583 0.267188 0.879167 0.279687 0.887500 0.292187 0.887500 0.304688 0.879167 0.312500 0.862500 0.312500 0.835417 0.307812 0.814583 0.301563 0.795833 0.296875 0.775000 0.290625 0.754167 0.279687 0.737500 0.262500 0.733333 0.250000 0.733333 0.237500 0.739583 0.232813 0.756250 0.237500 0.770833
3 0.089063 0.952083 0.082812 0.943750 0.075000 0.937500 0.059375 0.939583 0.050000 0.947917 0.050000 0.964583 0.051562 0.977083 0.059375 0.989583 0.070312 0.997917 0.085938 1.004167 0.098437 1.004167 0.106250 1.006250 0.115625 1.010417 0.128125 1.016667 0.131250 1.016667 0.128125 0.995833 0.120313 0.985417 0.114062 0.977083 0.104688 0.968750 0.095312 0.960417 0.089063 0.952083
7 0.132812 0.664583 0.128125 0.650000 0.114062 0.658333 0.110937 0.691667 0.112500 0.718750 0.114062 0.743750 0.115625 0.764583 0.117188 0.791667 0.123438 0.810417 0.135937 0.812500 0.150000 0.808333 0.156250 0.789583 0.156250 0.768750 0.143750 0.754167 0.139063 0.735417 0.146875 0.722917 0.159375 0.716667 0.171875 0.685417 0.165625 0.670833 0.154688 0.662500 0.140625 0.656250
7 0.054688 0.777083 0.043750 0.770833 0.032813 0.762500 0.017188 0.762500 0.003125 0.766667 -0.003125 0.779167 -0.003125 0.797917 0.000000 0.814583 0.007812 0.820833 0.021875 0.818750 0.031250 0.797917 0.039062 0.802083 0.048438 0.825000 0.070312 0.839583 0.089063 0.839583 0.098437 0.835417 0.100000 0.816667 0.093750 0.795833 0.078125 0.787500 0.064062 0.779167 0.051562 0.770833
