7 0.526563 0.656250 0.540625 0.656250 0.550000 0.650000 0.560937 0.639583 0.575000 0.637500 0.589063 0.631250 0.589063 0.612500 0.585938 0.597917 0.579688 0.587500 0.565625 0.585417 0.551562 0.602083 0.548438 0.616667 0.537500 0.612500 0.531250 0.597917 0.515625 0.595833 0.501563 0.602083 0.501563 0.612500 0.503125 0.631250 0.500000 0.647917 0.510938 0.652083 0.523438 0.656250
7 0.104688 0.258333 0.090625 0.262500 0.082812 0.277083 0.092188 0.306250 0.096875 0.325000 0.103125 0.347917 0.107813 0.368750 0.115625 0.385417 0.126562 0.385417 0.135937 0.372917 0.143750 0.354167 0.139063 0.335417 0.128125 0.327083 0.112500 0.327083 0.107813 0.312500 0.118750 0.304167 0.128125 0.291667 0.121875 0.272917 0.114062 0.258333 0.100000 0.258333 0.087500 0.264583
7 0.103125 0.375000 0.081250 0.377083 0.064062 0.377083 0.051562 0.381250 0.035937 0.389583 0.023438 0.395833 0.015625 0.406250 0.018750 0.420833 0.025000 0.433333 0.032813 0.447917 0.042188 0.450000 0.053125 0.443750 0.059375 0.433333 0.065625 0.420833 0.075000 0.414583 0.081250 0.422917 0.092188 0.427083 0.104688 0.427083 0.112500 0.416667 0.112500 0.397917 0.106250 0.381250
7 0.234375 0.758333 0.231250 0.787500 0.234375 0.808333 0.240625 0.831250 0.245312 0.845833 0.248438 0.864583 0.250000 0.885417 0.259375 0.875000 0.271875 0.868750 0.281250 0.860417 0.281250 0.841667 0.270313 0.833333 0.257812 0.829167 0.250000 0.818750 0.254688 0.804167 0.267188 0.800000 0.270313 0.785417 0.265625 0.768750 0.259375 0.756250 0.245312 0.756250 0.232813 0.754167
7 0.115625 0.825000 0.079687 0.864583 0.056250 0.883333 0.028125 0.906250 0.014063 0.931250 0.006250 0.956250 0.015625 0.983333 0.032813 1.000000 0.053125 1.012500 0.075000 1.020833 0.098437 1.022917 0.123438 1.025000 0.148438 1.020833 0.164062 1.006250 0.178125 0.987500 0.196875 0.977083 0.201563 0.950000 0.190625 0.920833 0.171875 0.895833 0.145313 0.858333 0.109375 0.812500
8 0.625000 0.470833 0.593750 0.485417 0.571875 0.493750 0.550000 0.504167 0.534375 0.510417 0.518750 0.516667 0.504687 0.529167 0.501563 0.552083 0.503125 0.575000 0.515625 0.585417 0.531250 0.585417 0.550000 0.581250 0.570312 0.575000 0.590625 0.566667 0.610938 0.560417 0.629687 0.554167 0.642188 0.547917 0.646875 0.531250 0.640625 0.508333 0.634375 0.487500
8 0.176563 0.116667 0.153125 0.125000 0.129688 0.137500 0.128125 0.164583 0.135937 0.189583 0.146875 0.218750 0.150000 0.247917 0.154688 0.277083 0.162500 0.306250 0.173437 0.322917 0.193750 0.325000 0.215625 0.318750 0.226562 0.297917 0.226562 0.270833 0.217188 0.243750 0.209375 0.220833 0.196875 0.191667 0.187500 0.162500 0.178125 0.131250 0.170313 0.118750 0.176563 0.143750
4 0.490625 0.402083 0.470313 0.414583 0.453125 0.425000 0.426563 0.443750 0.412500 0.454167 0.412500 0.466667 0.420312 0.489583 0.426563 0.510417 0.434375 0.537500 0.440625 0.554167 0.451562 0.556250 0.465625 0.550000 0.484375 0.539583 0.506250 0.522917 0.521875 0.512500 0.534375 0.508333 0.523438 0.491667 0.515625 0.468750 0.507812 0.439583 0.493750 0.408333
4 0.254688 0.327083 0.228125 0.337500 0.203125 0.345833 0.182812 0.356250 0.165625 0.362500 0.164062 0.379167 0.165625 0.402083 0.173437 0.427083 0.181250 0.450000 0.185938 0.475000 0.193750 0.485417 0.214062 0.472917 0.228125 0.466667 0.246875 0.464583 0.267188 0.460417 0.281250 0.454167 0.276562 0.427083 0.270313 0.406250 0.259375 0.379167 0.251563 0.339583 0.251563 0.341667
4 0.364063 0.652083 0.326562 0.662500 0.306250 0.677083 0.290625 0.683333 0.281250 0.685417 0.285938 0.700000 0.289062 0.725000 0.295312 0.743750 0.303125 0.764583 0.307812 0.777083 0.317188 0.781250 0.332813 0.781250 0.343750 0.781250 0.359375 0.775000 0.376563 0.766667 0.389062 0.756250 0.392188 0.745833 0.384375 0.727083 0.379688 0.704167 0.373437 0.683333 0.368750 0.656250 0.365625 0.643750
4 0.179688 0.508333 0.153125 0.512500 0.135937 0.514583 0.118750 0.518750 0.106250 0.527083 0.104688 0.547917 0.107813 0.568750 0.112500 0.595833 0.114062 0.618750 0.118750 0.639583 0.128125 0.647917 0.143750 0.650000 0.159375 0.643750 0.181250 0.637500 0.200000 0.633333 0.214062 0.629167 0.209375 0.606250 0.201563 0.583333 0.190625 0.558333 0.184375 0.525000 0.181250 0.510417
