1 0.889062 0.568750 0.050000 0.033333
1 0.826562 0.768750 0.062500 0.033333
1 0.888281 0.962500 0.026562 0.029167
1 0.778125 0.970833 0.053125 0.029167
1 0.715625 0.770833 0.050000 0.037500
1 0.789062 0.568750 0.043750 0.029167
1 0.677344 0.570833 0.057813 0.029167
1 0.569531 0.563542 0.051562 0.027083
1 0.449219 0.560417 0.051562 0.033333
1 0.356250 0.555208 0.050000 0.022917
1 0.245312 0.548958 0.062500 0.027083
1 0.239063 0.739583 0.050000 0.033333
1 0.346094 0.751042 0.048438 0.031250
1 0.447656 0.759375 0.045312 0.039583
1 0.543750 0.764583 0.043750 0.041667
1 0.615625 0.766667 0.034375 0.041667
1 0.671875 0.978125 0.059375 0.035417
1 0.576562 0.972917 0.050000 0.029167
1 0.460156 0.964583 0.057813 0.029167
1 0.351562 0.951042 0.053125 0.031250
1 0.258594 0.933333 0.035937 0.025000
1 0.078906 0.965625 0.026562 0.072917
1 0.204687 0.991667 0.204687 0.989583 0.201563 0.989583 0.200000 0.989583 0.198437 0.989583 0.193750 0.989583 0.190625 0.989583 0.189062 0.989583 0.185938 0.989583 0.185938 0.989583 0.187500 0.991667 0.189062 0.993750 0.189062 0.997917 0.190625 1.000000 0.190625 1.000000 0.192188 1.000000 0.195312 1.000000 0.198437 1.000000 0.198437 1.000000 0.201563 1.000000 0.203125 1.000000 0.204687 1.000000 0.207813 0.997917 0.207813 0.993750 0.207813 0.991667 0.207813 0.989583
1 0.059375 0.106250 0.057813 0.106250 0.056250 0.106250 0.053125 0.106250 0.051562 0.106250 0.050000 0.106250 0.046875 0.110417 0.046875 0.112500 0.046875 0.116667 0.046875 0.122917 0.046875 0.125000 0.046875 0.129167 0.046875 0.129167 0.046875 0.133333 0.046875 0.137500 0.046875 0.139583 0.046875 0.141667 0.046875 0.145833 0.046875 0.145833 0.046875 0.150000 0.046875 0.152083 0.046875 0.154167 0.046875 0.156250 0.046875 0.158333 0.046875 0.162500 0.046875 0.162500 0.046875 0.164583 0.048438 0.166667 0.050000 0.166667
1 0.046875 0.214583 0.043750 0.216667 0.039062 0.216667 0.037500 0.216667 0.035937 0.216667 0.034375 0.216667 0.032813 0.216667 0.031250 0.216667 0.029687 0.214583 0.026562 0.212500 0.026562 0.214583 0.026562 0.218750 0.026562 0.222917 0.026562 0.225000 0.026562 0.229167 0.026562 0.231250 0.026562 0.235417 0.026562 0.235417 0.026562 0.241667 0.026562 0.243750 0.026562 0.245833 0.026562 0.250000 0.026562 0.252083 0.026562 0.254167 0.026562 0.258333 0.026562 0.258333 0.026562 0.262500 0.026562 0.264583 0.025000 0.266667 0.025000 0.266667
1 0.026562 0.318750 0.021875 0.318750 0.018750 0.318750 0.015625 0.318750 0.014063 0.318750 0.010937 0.318750 0.009375 0.322917 0.010937 0.327083 0.010937 0.331250 0.010937 0.335417 0.010937 0.339583 0.010937 0.345833 0.010937 0.350000 0.010937 0.354167 0.010937 0.358333 0.010937 0.360417 0.010937 0.366667 0.010937 0.370833 0.012500 0.375000 0.014063 0.377083 0.014063 0.379167 0.017188 0.379167 0.020313 0.379167 0.023438 0.379167 0.026562 0.379167
1 0.017188 0.443750 0.014063 0.443750 0.009375 0.445833 0.007812 0.445833 0.003125 0.445833 0.001563 0.445833 0.000000 0.447917 0.000000 0.452083 0.000000 0.456250 0.000000 0.460417 0.000000 0.464583 0.000000 0.470833 0.000000 0.472917 0.000000 0.477083 0.000000 0.481250 0.000000 0.485417 0.000000 0.489583 0.000000 0.493750 0.000000 0.500000 0.001563 0.500000 0.004687 0.500000 0.004687 0.500000
1 0.143750 0.183333 0.137500 0.183333 0.132812 0.183333 0.128125 0.183333 0.123438 0.183333 0.121875 0.187500 0.121875 0.195833 0.121875 0.202083 0.121875 0.210417 0.121875 0.218750 0.121875 0.222917 0.121875 0.229167 0.121875 0.235417 0.125000 0.239583 0.131250 0.239583 0.134375 0.235417 0.135937 0.229167 0.135937 0.222917 0.135937 0.218750 0.137500 0.206250 0.137500 0.197917 0.140625 0.191667 0.142187 0.187500
1 0.156250 0.072917 0.156250 0.072917 0.156250 0.075000 0.156250 0.077083 0.156250 0.077083 0.156250 0.077083 0.156250 0.077083
1 0.156250 0.087500 0.156250 0.089583 0.151562 0.087500 0.148438 0.085417 0.146875 0.085417 0.143750 0.083333 0.140625 0.083333 0.140625 0.087500 0.140625 0.093750 0.139063 0.100000 0.139063 0.104167 0.137500 0.108333 0.137500 0.112500 0.137500 0.116667 0.137500 0.118750 0.137500 0.125000 0.140625 0.125000 0.143750 0.125000 0.146875 0.125000 0.148438 0.122917 0.150000 0.118750
1 0.128125 0.297917 0.128125 0.295833 0.125000 0.293750 0.120313 0.291667 0.117188 0.291667 0.112500 0.287500 0.110937 0.287500 0.110937 0.297917 0.110937 0.304167 0.109375 0.308333 0.109375 0.314583 0.107813 0.318750 0.107813 0.325000 0.104688 0.331250 0.104688 0.337500 0.106250 0.341667 0.107813 0.343750 0.110937 0.343750 0.114062 0.343750 0.118750 0.343750 0.118750 0.339583
1 0.110937 0.420833 0.109375 0.420833 0.107813 0.418750 0.104688 0.418750 0.101562 0.416667 0.100000 0.414583 0.098437 0.412500 0.093750 0.410417 0.093750 0.412500 0.093750 0.416667 0.095312 0.420833 0.095312 0.425000 0.095312 0.429167 0.095312 0.433333 0.095312 0.437500 0.095312 0.443750 0.095312 0.447917 0.095312 0.454167 0.095312 0.456250 0.098437 0.456250 0.100000 0.456250 0.104688 0.456250
1 0.237500 0.404167 0.234375 0.404167 0.231250 0.404167 0.228125 0.406250 0.226562 0.406250 0.225000 0.406250 0.223438 0.408333 0.223438 0.416667 0.223438 0.425000 0.223438 0.429167 0.223438 0.431250 0.223438 0.437500 0.223438 0.443750 0.223438 0.452083 0.223438 0.456250 0.223438 0.460417 0.223438 0.462500 0.225000 0.464583 0.228125 0.464583 0.231250 0.464583 0.234375 0.468750 0.237500 0.468750 0.240625 0.468750 0.240625 0.466667
1 0.250000 0.279167 0.250000 0.281250 0.246875 0.281250 0.243750 0.281250 0.240625 0.281250 0.237500 0.281250 0.234375 0.281250 0.231250 0.283333 0.231250 0.287500 0.231250 0.293750 0.231250 0.304167 0.231250 0.308333 0.231250 0.314583 0.231250 0.318750 0.231250 0.322917 0.231250 0.327083 0.231250 0.331250 0.231250 0.335417 0.231250 0.339583 0.231250 0.343750 0.232813 0.345833 0.237500 0.345833 0.240625 0.345833 0.243750 0.345833 0.245312 0.345833 0.245312 0.345833
1 0.259375 0.170833 0.259375 0.168750 0.256250 0.168750 0.253125 0.168750 0.253125 0.168750 0.250000 0.168750 0.250000 0.168750 0.246875 0.170833 0.245312 0.175000 0.245312 0.183333 0.245312 0.191667 0.245312 0.200000 0.245312 0.206250 0.245312 0.206250 0.245312 0.210417 0.245312 0.212500 0.245312 0.214583 0.245312 0.218750 0.245312 0.220833 0.245312 0.222917 0.246875 0.225000 0.250000 0.227083 0.251563 0.227083 0.253125 0.229167 0.257812 0.229167 0.259375 0.229167 0.259375 0.227083 0.259375 0.222917 0.257812 0.222917
1 0.279687 0.066667 0.276562 0.066667 0.275000 0.068750 0.273438 0.068750 0.270313 0.068750 0.268750 0.068750 0.267188 0.068750 0.265625 0.068750 0.262500 0.068750 0.262500 0.068750 0.259375 0.068750 0.259375 0.068750 0.259375 0.077083 0.259375 0.081250 0.259375 0.089583 0.259375 0.093750 0.259375 0.100000 0.259375 0.102083 0.259375 0.106250 0.262500 0.106250 0.264062 0.106250 0.267188 0.106250 0.270313 0.108333 0.270313 0.108333
2 0.132812 0.231250 0.128125 0.229167 0.120313 0.229167 0.118750 0.233333 0.118750 0.241667 0.118750 0.250000 0.118750 0.258333 0.118750 0.266667 0.118750 0.275000 0.118750 0.279167 0.118750 0.285417 0.117188 0.293750 0.115625 0.300000 0.112500 0.304167 0.112500 0.308333 0.117188 0.308333 0.118750 0.302083 0.118750 0.295833 0.118750 0.291667 0.117188 0.285417 0.121875 0.285417 0.125000 0.287500 0.131250 0.287500
2 0.153125 0.131250 0.148438 0.129167 0.145313 0.129167 0.143750 0.129167 0.137500 0.129167 0.135937 0.129167 0.132812 0.133333 0.132812 0.137500 0.132812 0.139583 0.132812 0.143750 0.132812 0.145833 0.132812 0.150000 0.132812 0.156250 0.132812 0.158333 0.132812 0.162500 0.132812 0.166667 0.132812 0.170833 0.132812 0.170833 0.135937 0.175000 0.140625 0.175000 0.142187 0.175000
2 0.120313 0.345833 0.114062 0.343750 0.107813 0.343750 0.106250 0.345833 0.106250 0.350000 0.104688 0.352083 0.104688 0.356250 0.104688 0.360417 0.104688 0.364583 0.103125 0.368750 0.103125 0.375000 0.103125 0.377083 0.101562 0.381250 0.101562 0.383333 0.101562 0.389583 0.100000 0.391667 0.098437 0.397917 0.098437 0.400000 0.098437 0.404167 0.096875 0.408333 0.096875 0.414583 0.100000 0.412500 0.101562 0.412500 0.104688 0.410417 0.107813 0.410417 0.110937 0.410417
2 0.101562 0.460417 0.095312 0.456250 0.089063 0.456250 0.085938 0.456250 0.084375 0.460417 0.085938 0.464583 0.085938 0.468750 0.085938 0.472917 0.085938 0.479167 0.085938 0.481250 0.085938 0.487500 0.085938 0.493750 0.085938 0.497917 0.085938 0.504167 0.085938 0.508333 0.085938 0.510417 0.085938 0.514583 0.085938 0.520833 0.085938 0.522917 0.092188 0.522917 0.095312 0.522917 0.098437 0.522917 0.100000 0.522917 0.109375 0.522917
2 0.050000 0.166667 0.046875 0.166667 0.045312 0.166667 0.043750 0.166667 0.039062 0.164583 0.037500 0.162500 0.037500 0.168750 0.037500 0.172917 0.035937 0.177083 0.035937 0.181250 0.034375 0.183333 0.034375 0.189583 0.034375 0.191667 0.034375 0.195833 0.034375 0.200000 0.032813 0.202083 0.032813 0.208333 0.034375 0.212500 0.034375 0.212500 0.037500 0.212500 0.040625 0.214583 0.043750 0.214583 0.046875 0.214583
2 0.032813 0.279167 0.031250 0.279167 0.031250 0.279167 0.026562 0.277083 0.025000 0.275000 0.023438 0.275000 0.021875 0.275000 0.021875 0.277083 0.021875 0.279167 0.021875 0.283333 0.021875 0.285417 0.020313 0.287500 0.020313 0.291667 0.020313 0.293750 0.020313 0.295833 0.020313 0.300000 0.020313 0.302083 0.018750 0.304167 0.018750 0.308333 0.018750 0.308333 0.018750 0.312500 0.018750 0.314583 0.020313 0.314583 0.021875 0.316667 0.023438 0.316667 0.028125 0.316667 0.031250 0.316667 0.031250 0.316667
2 0.009375 0.508333 0.007812 0.508333 0.007812 0.508333
2 0.302344 0.553125 0.054688 0.031250
2 0.401562 0.556250 0.043750 0.025000
2 0.505469 0.556250 0.064062 0.037500
2 0.618750 0.561458 0.050000 0.022917
2 0.737500 0.567708 0.056250 0.027083
2 0.836719 0.572917 0.045312 0.037500
2 0.287500 0.742708 0.062500 0.022917
2 0.400000 0.751042 0.053125 0.027083
2 0.496875 0.759375 0.053125 0.027083
2 0.585938 0.765625 0.037500 0.039583
2 0.767188 0.771875 0.056250 0.031250
2 0.885156 0.776042 0.051562 0.035417
2 0.020313 0.387500 0.017188 0.387500 0.014063 0.387500 0.010937 0.387500 0.009375 0.387500 0.006250 0.387500 0.004687 0.387500 0.004687 0.395833 0.004687 0.404167 0.004687 0.408333 0.004687 0.412500 0.003125 0.416667 0.003125 0.422917 0.001563 0.429167 0.001563 0.431250 0.001563 0.435417 0.001563 0.439583 0.001563 0.443750 0.006250 0.443750 0.009375 0.443750 0.010937 0.443750 0.014063 0.443750
2 0.220312 0.341667 0.220312 0.343750 0.220312 0.343750
2 0.242188 0.347917 0.237500 0.347917 0.232813 0.347917 0.228125 0.347917 0.225000 0.347917 0.220312 0.352083 0.220312 0.364583 0.220312 0.370833 0.220312 0.375000 0.220312 0.381250 0.220312 0.387500 0.220312 0.395833 0.220312 0.400000 0.220312 0.404167 0.221875 0.408333 0.225000 0.408333 0.228125 0.408333 0.232813 0.408333 0.235937 0.410417 0.239063 0.410417
2 0.254688 0.229167 0.251563 0.229167 0.248438 0.229167 0.245312 0.229167 0.240625 0.229167 0.240625 0.233333 0.240625 0.239583 0.237500 0.245833 0.237500 0.252083 0.237500 0.258333 0.235937 0.262500 0.232813 0.268750 0.232813 0.275000 0.231250 0.281250 0.232813 0.285417 0.237500 0.285417 0.240625 0.287500 0.243750 0.287500 0.246875 0.289583 0.250000 0.291667 0.251563 0.291667
2 0.151562 0.137500 0.150000 0.137500 0.146875 0.137500 0.143750 0.137500 0.140625 0.137500 0.135937 0.137500 0.134375 0.137500 0.131250 0.137500 0.131250 0.143750 0.129688 0.145833 0.129688 0.150000 0.129688 0.154167 0.129688 0.160417 0.129688 0.162500 0.129688 0.166667 0.128125 0.170833 0.128125 0.175000 0.131250 0.175000 0.134375 0.175000 0.135937 0.175000 0.139063 0.175000 0.140625 0.175000 0.143750 0.175000
2 0.403125 0.952083 0.050000 0.041667
2 0.521094 0.964583 0.064062 0.033333
2 0.628906 0.979167 0.048438 0.033333
2 0.728125 0.977083 0.043750 0.025000
6 0.217188 0.520833 0.201563 0.531250 0.198437 0.554167 0.207813 0.566667 0.242188 0.568750 0.271875 0.570833 0.318750 0.575000 0.368750 0.577083 0.417187 0.577083 0.482812 0.577083 0.543750 0.577083 0.600000 0.581250 0.662500 0.587500 0.729688 0.587500 0.775000 0.587500 0.826562 0.589583 0.854688 0.589583 0.878125 0.583333 0.903125 0.583333 0.910937 0.566667 0.910937 0.543750
6 0.203125 0.714583 0.203125 0.735417 0.206250 0.758333 0.267188 0.758333 0.309375 0.766667 0.342187 0.766667 0.396875 0.768750 0.446875 0.768750 0.515625 0.770833 0.573438 0.770833 0.629687 0.772917 0.685937 0.779167 0.754687 0.779167 0.815625 0.785417 0.856250 0.785417 0.896875 0.785417 0.912500 0.781250 0.910937 0.760417 0.906250 0.735417 0.903125 0.714583 0.903125 0.750000
6 0.234375 0.912500 0.234375 0.933333 0.234375 0.954167 0.304688 0.960417 0.340625 0.960417 0.376563 0.966667 0.431250 0.972917 0.470313 0.977083 0.503125 0.979167 0.551562 0.979167 0.603125 0.981250 0.662500 0.987500 0.693750 0.993750 0.725000 0.995833 0.759375 0.995833 0.790625 0.993750 0.826562 0.985417 0.868750 0.972917 0.890625 0.964583 0.903125 0.954167 0.900000 0.933333
6 0.215625 0.447917 0.225000 0.466667 0.240625 0.462500 0.242188 0.437500 0.243750 0.414583 0.243750 0.387500 0.245312 0.368750 0.250000 0.343750 0.250000 0.318750 0.251563 0.295833 0.256250 0.275000 0.259375 0.250000 0.262500 0.227083 0.267188 0.195833 0.270313 0.172917 0.270313 0.141667 0.276562 0.100000 0.281250 0.077083 0.282813 0.054167 0.259375 0.054167 0.253125 0.068750
6 0.137500 0.070833 0.131250 0.110417 0.128125 0.168750 0.120313 0.214583 0.106250 0.275000 0.098437 0.327083 0.092188 0.368750 0.089063 0.420833 0.085938 0.460417 0.081250 0.520833 0.101562 0.525000 0.109375 0.481250 0.117188 0.435417 0.120313 0.395833 0.128125 0.347917 0.135937 0.291667 0.143750 0.220833 0.150000 0.172917 0.159375 0.120833 0.160938 0.079167 0.143750 0.060417
6 0.062500 0.102083 0.050000 0.122917 0.045312 0.160417 0.037500 0.202083 0.029687 0.239583 0.020313 0.281250 0.014063 0.318750 0.006250 0.358333 -0.003125 0.402083 -0.006250 0.443750 -0.006250 0.481250 0.010937 0.493750 0.020313 0.445833 0.028125 0.400000 0.034375 0.356250 0.034375 0.308333 0.039062 0.268750 0.046875 0.227083 0.057813 0.183333 0.065625 0.145833 0.067187 0.108333
6 0.077344 0.957292 0.045312 0.089583
3 0.098437 0.702083 0.096875 0.693750 0.093750 0.683333 0.085938 0.679167 0.075000 0.683333 0.071875 0.697917 0.071875 0.706250 0.075000 0.716667 0.082812 0.722917 0.092188 0.729167 0.098437 0.733333 0.103125 0.735417 0.110937 0.739583 0.120313 0.739583 0.128125 0.735417 0.128125 0.727083 0.121875 0.718750 0.114062 0.708333 0.107813 0.702083 0.104688 0.693750 0.098437 0.687500 0.092188 0.683333
3 0.026562 0.560417 0.021875 0.556250 0.014063 0.556250 0.001563 0.554167 -0.001563 0.562500 -0.001563 0.570833 0.001563 0.577083 0.004687 0.583333 0.010937 0.585417 0.017188 0.591667 0.020313 0.593750 0.026562 0.595833 0.031250 0.595833 0.037500 0.595833 0.043750 0.595833 0.046875 0.593750 0.050000 0.585417 0.050000 0.577083 0.046875 0.568750 0.043750 0.564583 0.039062 0.558333 0.034375 0.556250 0.026562 0.556250
3 0.010937 0.847917 0.018750 0.850000 0.029687 0.852083 0.035937 0.847917 0.040625 0.841667 0.043750 0.831250 0.039062 0.822917 0.035937 0.818750 0.026562 0.816667 0.020313 0.814583 0.015625 0.814583 0.010937 0.812500 0.006250 0.812500 0.001563 0.812500 -0.001563 0.812500 -0.006250 0.812500 -0.009375 0.818750 -0.009375 0.822917 -0.006250 0.831250 -0.003125 0.835417 0.001563 0.839583 0.004687 0.841667 0.014063 0.841667 0.017188 0.845833
3 0.004687 0.702083 0.004687 0.702083 0.000000 0.702083 -0.003125 0.702083 -0.006250 0.706250 -0.006250 0.712500 -0.006250 0.718750 -0.006250 0.722917 0.000000 0.731250 0.004687 0.733333 0.007812 0.733333 0.010937 0.733333 0.014063 0.733333 0.017188 0.731250 0.017188 0.725000 0.017188 0.718750 0.017188 0.712500 0.014063 0.708333 0.012500 0.706250 0.007812 0.706250 0.004687 0.704167 0.001563 0.702083
4 0.839063 0.118750 0.081250 0.091667
