2 0.421875 0.193750 0.426563 0.193750 0.428125 0.197917 0.431250 0.197917 0.434375 0.197917 0.437500 0.197917 0.439063 0.193750 0.442188 0.193750 0.446875 0.187500 0.446875 0.185417 0.450000 0.181250 0.450000 0.175000 0.446875 0.175000 0.443750 0.172917 0.442188 0.172917 0.439063 0.175000 0.437500 0.175000 0.434375 0.175000 0.431250 0.179167 0.431250 0.181250 0.431250 0.185417 0.428125 0.187500 0.425000 0.191667 0.421875 0.193750 0.421875 0.193750
2 0.460938 0.137500 0.465625 0.143750 0.470313 0.143750 0.473438 0.143750 0.478125 0.147917 0.481250 0.147917 0.485938 0.143750 0.489063 0.141667 0.489063 0.137500 0.489063 0.129167 0.489063 0.125000 0.487500 0.122917 0.484375 0.118750 0.478125 0.118750 0.475000 0.122917 0.473438 0.125000 0.470313 0.125000 0.468750 0.129167 0.465625 0.131250 0.465625 0.137500 0.462500 0.141667
1 0.525000 0.556250 0.475000 0.550000 0.459375 0.543750 0.450000 0.543750 0.440625 0.543750 0.429688 0.543750 0.421875 0.550000 0.415625 0.562500 0.415625 0.572917 0.425000 0.575000 0.439063 0.579167 0.450000 0.581250 0.460938 0.587500 0.468750 0.587500 0.478125 0.593750 0.490625 0.597917 0.503125 0.600000 0.512500 0.600000 0.523438 0.587500 0.528125 0.575000 0.526563 0.566667 0.525000 0.554167
1 0.668750 0.600000 0.668750 0.618750 0.668750 0.631250 0.675000 0.641667 0.682813 0.647917 0.696875 0.650000 0.718750 0.656250 0.731250 0.656250 0.743750 0.656250 0.756250 0.656250 0.767188 0.656250 0.767188 0.643750 0.767188 0.629167 0.767188 0.616667 0.756250 0.610417 0.737500 0.606250 0.725000 0.606250 0.710938 0.604167 0.696875 0.604167 0.684375 0.600000 0.675000 0.600000 0.665625 0.600000
1 0.943750 0.654167 0.918750 0.654167 0.909375 0.654167 0.903125 0.654167 0.893750 0.656250 0.890625 0.656250 0.881250 0.656250 0.878125 0.656250 0.875000 0.666667 0.871875 0.675000 0.878125 0.679167 0.881250 0.679167 0.896875 0.679167 0.915625 0.679167 0.923438 0.679167 0.931250 0.679167 0.939063 0.681250 0.943750 0.681250 0.950000 0.681250 0.950000 0.668750 0.948438 0.660417 0.948438 0.650000
1 0.376563 0.266667 0.368750 0.266667 0.367188 0.262500 0.362500 0.262500 0.356250 0.262500 0.353125 0.260417 0.350000 0.254167 0.350000 0.254167 0.350000 0.262500 0.350000 0.268750 0.350000 0.275000 0.350000 0.279167 0.350000 0.281250 0.350000 0.287500 0.350000 0.291667 0.350000 0.293750 0.350000 0.300000 0.353125 0.300000 0.353125 0.293750 0.359375 0.291667 0.367188 0.279167 0.371875 0.268750 0.376563 0.266667 0.376563 0.262500
1 0.431250 0.206250 0.426563 0.204167 0.421875 0.200000 0.415625 0.200000 0.412500 0.200000 0.409375 0.200000 0.406250 0.206250 0.400000 0.206250 0.398438 0.212500 0.395313 0.218750 0.395313 0.222917 0.398438 0.225000 0.400000 0.225000 0.407813 0.225000 0.412500 0.225000 0.415625 0.222917 0.418750 0.218750 0.418750 0.212500 0.421875 0.206250 0.425000 0.204167
1 0.462500 0.141667 0.459375 0.143750 0.456250 0.143750 0.450000 0.150000 0.450000 0.150000 0.446875 0.156250 0.446875 0.160417 0.446875 0.162500 0.450000 0.162500 0.454688 0.166667 0.457813 0.168750 0.460938 0.172917 0.465625 0.175000 0.468750 0.172917 0.470313 0.166667 0.473438 0.162500 0.475000 0.156250 0.475000 0.154167 0.478125 0.150000 0.473438 0.150000 0.470313 0.150000 0.465625 0.150000 0.462500 0.143750 0.462500 0.143750
2 0.387500 0.218750 0.367188 0.235417 0.360938 0.237500 0.353125 0.241667 0.353125 0.247917 0.353125 0.254167 0.360938 0.254167 0.367188 0.254167 0.371875 0.254167 0.378125 0.254167 0.384375 0.262500 0.387500 0.262500 0.392188 0.262500 0.396875 0.262500 0.400000 0.254167 0.406250 0.254167 0.406250 0.243750 0.403125 0.237500 0.400000 0.235417 0.398438 0.231250 0.395313 0.222917 0.392188 0.218750 0.387500 0.218750
2 0.590625 0.618750 0.134375 0.037500
2 0.815625 0.647917 0.096875 0.066667
3 0.192188 0.237500 0.137500 0.150000 0.081250 0.116667 0.034375 0.116667 0.009375 0.125000 0.001563 0.143750 0.006250 0.162500 0.017188 0.181250 0.025000 0.204167 0.037500 0.222917 0.050000 0.235417 0.062500 0.243750 0.084375 0.266667 0.104688 0.281250 0.123438 0.291667 0.145313 0.291667 0.160938 0.291667 0.176563 0.291667 0.187500 0.285417 0.190625 0.266667 0.187500 0.243750
3 0.356250 0.081250 0.325000 0.081250 0.304688 0.087500 0.278125 0.116667 0.259375 0.143750 0.240625 0.172917 0.228125 0.181250 0.218750 0.200000 0.218750 0.225000 0.232813 0.241667 0.246875 0.254167 0.265625 0.262500 0.293750 0.254167 0.325000 0.229167 0.340625 0.197917 0.350000 0.175000 0.353125 0.147917 0.353125 0.118750 0.350000 0.104167 0.337500 0.085417 0.321875 0.081250
3 0.343750 0.000000 0.318750 0.018750 0.306250 0.037500 0.303125 0.050000 0.306250 0.068750 0.318750 0.075000 0.335938 0.081250 0.350000 0.085417 0.367188 0.075000 0.376563 0.068750 0.395313 0.043750 0.406250 0.037500 0.412500 0.029167 0.421875 0.012500 0.421875 0.000000 0.409375 0.004167 0.395313 0.004167 0.384375 0.004167 0.371875 0.004167 0.356250 0.004167 0.345313 0.004167
7 0.468750 0.762500 0.428125 0.725000 0.348438 0.679167 0.309375 0.666667 0.285938 0.660417 0.259375 0.650000 0.232813 0.656250 0.215625 0.672917 0.209375 0.704167 0.212500 0.756250 0.225000 0.793750 0.246875 0.822917 0.262500 0.837500 0.284375 0.866667 0.325000 0.879167 0.356250 0.881250 0.396875 0.885417 0.423438 0.879167 0.439063 0.856250 0.453125 0.806250 0.460938 0.756250
7 0.104688 0.256250 0.087500 0.247917 0.065625 0.241667 0.040625 0.231250 0.023438 0.225000 0.009375 0.225000 0.006250 0.243750 0.006250 0.262500 0.018750 0.287500 0.025000 0.300000 0.032813 0.312500 0.043750 0.331250 0.062500 0.337500 0.092188 0.343750 0.100000 0.337500 0.104688 0.325000 0.107813 0.310417 0.109375 0.293750 0.109375 0.275000 0.107813 0.268750 0.100000 0.256250
6 0.942187 0.639583 0.878125 0.633333 0.823438 0.612500 0.771875 0.597917 0.709375 0.568750 0.654687 0.564583 0.582812 0.547917 0.495312 0.531250 0.415625 0.533333 0.414062 0.583333 0.453125 0.602083 0.504687 0.614583 0.553125 0.629167 0.617188 0.647917 0.668750 0.658333 0.742188 0.664583 0.806250 0.685417 0.878125 0.702083 0.925000 0.697917 0.953125 0.670833 0.934375 0.631250
6 0.482812 0.104167 0.468750 0.131250 0.454688 0.152083 0.437500 0.175000 0.414062 0.195833 0.387500 0.208333 0.362500 0.237500 0.348438 0.262500 0.354687 0.287500 0.345313 0.281250 0.351562 0.293750 0.373437 0.281250 0.390625 0.260417 0.410938 0.243750 0.428125 0.227083 0.446875 0.200000 0.468750 0.170833 0.485938 0.145833 0.501563 0.116667 0.500000 0.093750 0.473438 0.104167
