8 0.553125 0.185417 0.528125 0.187500 0.503125 0.187500 0.479687 0.187500 0.457813 0.185417 0.434375 0.183333 0.410938 0.183333 0.396875 0.200000 0.393750 0.227083 0.392188 0.260417 0.407813 0.272917 0.429688 0.279167 0.453125 0.281250 0.476562 0.281250 0.500000 0.281250 0.525000 0.281250 0.548438 0.281250 0.565625 0.272917 0.568750 0.243750 0.565625 0.214583 0.559375 0.189583
7 0.581250 0.045833 0.557813 0.047917 0.543750 0.050000 0.528125 0.052083 0.514062 0.054167 0.500000 0.054167 0.484375 0.054167 0.470313 0.054167 0.464062 0.062500 0.473438 0.077083 0.475000 0.095833 0.481250 0.110417 0.493750 0.112500 0.509375 0.112500 0.523438 0.112500 0.535937 0.112500 0.551562 0.112500 0.564063 0.112500 0.575000 0.108333 0.576562 0.089583 0.578125 0.070833 0.579688 0.054167
7 0.610938 0.000000 0.596875 0.000000 0.584375 0.000000 0.571875 0.000000 0.571875 0.016667 0.573438 0.031250 0.576562 0.050000 0.579688 0.064583 0.584375 0.077083 0.593750 0.079167 0.606250 0.079167 0.617188 0.075000 0.625000 0.066667 0.625000 0.054167 0.621875 0.041667 0.614062 0.031250 0.606250 0.020833 0.610938 0.010417 0.604688 0.000000 0.595313 0.000000 0.584375 -0.002083 0.573438 -0.002083
7 0.668750 0.541667 0.651563 0.535417 0.642188 0.518750 0.629687 0.525000 0.621875 0.541667 0.617188 0.564583 0.614062 0.589583 0.614062 0.614583 0.615625 0.639583 0.615625 0.666667 0.617188 0.689583 0.632812 0.683333 0.651563 0.683333 0.665625 0.679167 0.670312 0.654167 0.665625 0.629167 0.648438 0.625000 0.645312 0.602083 0.662500 0.597917 0.670312 0.583333 0.670312 0.558333
7 0.428125 0.587500 0.368750 0.622917 0.331250 0.643750 0.292187 0.668750 0.256250 0.689583 0.217188 0.716667 0.200000 0.739583 0.196875 0.775000 0.217188 0.804167 0.228125 0.843750 0.240625 0.889583 0.270313 0.895833 0.310937 0.879167 0.360938 0.856250 0.414062 0.829167 0.456250 0.804167 0.510938 0.770833 0.495312 0.725000 0.470313 0.672917 0.439063 0.618750 0.417187 0.583333
7 0.503125 0.789583 0.462500 0.800000 0.431250 0.822917 0.384375 0.858333 0.353125 0.885417 0.335938 0.927083 0.351562 0.962500 0.368750 0.987500 0.393750 1.008333 0.423438 1.012500 0.457813 1.016667 0.489063 1.016667 0.507812 0.993750 0.534375 0.970833 0.560937 0.950000 0.579688 0.927083 0.579688 0.895833 0.560937 0.868750 0.542188 0.837500 0.521875 0.804167 0.500000 0.781250
7 0.998437 0.462500 0.995313 0.454167 0.990625 0.443750 0.984375 0.435417 0.976562 0.439583 0.968750 0.443750 0.959375 0.450000 0.956250 0.458333 0.954688 0.468750 0.951562 0.481250 0.951562 0.493750 0.951562 0.508333 0.956250 0.514583 0.964063 0.518750 0.973437 0.522917 0.985938 0.529167 0.993750 0.529167 0.996875 0.516667 1.000000 0.504167 1.000000 0.491667 1.000000 0.477083 1.000000 0.466667
4 0.720313 0.012500 0.698438 0.016667 0.676562 0.020833 0.656250 0.020833 0.635938 0.022917 0.618750 0.022917 0.617188 0.045833 0.620313 0.070833 0.620313 0.095833 0.621875 0.125000 0.631250 0.137500 0.651563 0.133333 0.670312 0.133333 0.689063 0.133333 0.706250 0.137500 0.723437 0.137500 0.731250 0.125000 0.728125 0.102083 0.725000 0.075000 0.720313 0.050000 0.717187 0.025000
3 0.789062 0.000000 0.768750 0.004167 0.759375 0.008333 0.756250 0.020833 0.756250 0.033333 0.746875 0.037500 0.740625 0.050000 0.745313 0.058333 0.751563 0.068750 0.751563 0.083333 0.756250 0.091667 0.768750 0.091667 0.778125 0.089583 0.784375 0.083333 0.784375 0.068750 0.792188 0.062500 0.796875 0.054167 0.796875 0.037500 0.796875 0.022917 0.793750 0.008333 0.787500 0.004167 0.776563 0.000000
3 0.701562 0.139583 0.695312 0.139583 0.687500 0.139583 0.678125 0.139583 0.670312 0.141667 0.670312 0.150000 0.667188 0.158333 0.665625 0.166667 0.662500 0.179167 0.662500 0.189583 0.662500 0.200000 0.665625 0.204167 0.670312 0.197917 0.675000 0.189583 0.682813 0.185417 0.689063 0.185417 0.696875 0.183333 0.703125 0.181250 0.706250 0.172917 0.707812 0.162500 0.707812 0.152083 0.707812 0.139583 0.704688 0.135417
3 0.995313 0.179167 0.984375 0.166667 0.981250 0.156250 0.976562 0.152083 0.967187 0.150000 0.959375 0.152083 0.951562 0.162500 0.946875 0.172917 0.945312 0.187500 0.943750 0.197917 0.940625 0.212500 0.940625 0.227083 0.943750 0.237500 0.950000 0.243750 0.957812 0.243750 0.965625 0.237500 0.971875 0.227083 0.979688 0.220833 0.985938 0.210417 0.989062 0.200000 0.992188 0.189583 0.995313 0.179167
4 0.998437 0.064583 0.985938 0.064583 0.971875 0.066667 0.960938 0.070833 0.962500 0.085417 0.964063 0.102083 0.968750 0.118750 0.971875 0.133333 0.976562 0.152083 0.982812 0.166667 0.989062 0.183333 0.993750 0.193750 1.000000 0.197917 1.004687 0.179167 1.004687 0.164583 1.006250 0.147917 1.006250 0.129167 1.006250 0.112500 1.006250 0.095833 1.004687 0.079167 1.001562 0.064583
4 0.901563 0.243750 0.882812 0.239583 0.860938 0.239583 0.839063 0.239583 0.817187 0.239583 0.804688 0.250000 0.804688 0.277083 0.806250 0.304167 0.810937 0.327083 0.814063 0.352083 0.823438 0.372917 0.842187 0.370833 0.864062 0.370833 0.884375 0.370833 0.904687 0.366667 0.926562 0.362500 0.926562 0.341667 0.918750 0.318750 0.914062 0.293750 0.907813 0.270833 0.903125 0.245833
