6 0.873437 0.581250 0.845313 0.554167 0.806250 0.537500 0.764062 0.520833 0.718750 0.500000 0.662500 0.468750 0.620313 0.452083 0.553125 0.416667 0.503125 0.391667 0.451562 0.368750 0.404687 0.347917 0.390625 0.362500 0.423438 0.387500 0.464062 0.404167 0.517188 0.425000 0.584375 0.445833 0.625000 0.477083 0.668750 0.500000 0.768750 0.550000 0.821875 0.572917
1 0.878125 0.572917 0.873437 0.568750 0.867188 0.566667 0.860938 0.564583 0.856250 0.560417 0.851562 0.560417 0.848437 0.558333 0.845313 0.558333 0.842187 0.562500 0.840625 0.568750 0.842187 0.570833 0.843750 0.572917 0.846875 0.577083 0.850000 0.579167 0.854688 0.581250 0.857812 0.583333 0.860938 0.583333 0.864062 0.583333 0.868750 0.583333 0.873437 0.583333 0.876563 0.581250 0.876563 0.572917
1 0.793750 0.537500 0.787500 0.533333 0.781250 0.531250 0.775000 0.527083 0.770312 0.525000 0.764062 0.520833 0.759375 0.514583 0.754687 0.512500 0.751563 0.516667 0.753125 0.520833 0.751563 0.533333 0.751563 0.537500 0.756250 0.541667 0.764062 0.545833 0.771875 0.550000 0.778125 0.554167 0.784375 0.554167 0.787500 0.552083 0.789062 0.545833 0.792188 0.537500 0.793750 0.531250
1 0.717187 0.495833 0.710938 0.495833 0.704688 0.493750 0.700000 0.491667 0.696875 0.487500 0.692187 0.487500 0.687500 0.483333 0.682813 0.481250 0.678125 0.483333 0.678125 0.489583 0.675000 0.493750 0.679688 0.500000 0.684375 0.502083 0.690625 0.504167 0.695312 0.508333 0.700000 0.510417 0.703125 0.512500 0.707812 0.514583 0.710938 0.510417 0.712500 0.508333 0.715625 0.504167
1 0.642188 0.460417 0.634375 0.460417 0.631250 0.458333 0.625000 0.456250 0.621875 0.454167 0.618750 0.452083 0.615625 0.447917 0.612500 0.447917 0.607812 0.447917 0.606250 0.452083 0.606250 0.456250 0.607812 0.460417 0.610938 0.464583 0.612500 0.464583 0.615625 0.466667 0.620313 0.468750 0.625000 0.468750 0.628125 0.468750 0.631250 0.470833 0.634375 0.472917 0.637500 0.468750 0.640625 0.460417 0.642188 0.452083 0.642188 0.450000
1 0.562500 0.425000 0.557813 0.425000 0.551562 0.425000 0.546875 0.420833 0.540625 0.418750 0.539062 0.414583 0.534375 0.412500 0.531250 0.410417 0.525000 0.408333 0.523438 0.414583 0.523438 0.420833 0.523438 0.429167 0.528125 0.431250 0.531250 0.433333 0.535937 0.433333 0.540625 0.437500 0.543750 0.439583 0.548438 0.441667 0.553125 0.443750 0.557813 0.443750 0.560937 0.439583 0.560937 0.433333 0.560937 0.425000
1 0.487500 0.387500 0.482812 0.387500 0.478125 0.383333 0.473438 0.379167 0.470313 0.377083 0.467187 0.375000 0.460938 0.375000 0.456250 0.375000 0.453125 0.379167 0.453125 0.385417 0.454688 0.391667 0.459375 0.391667 0.464062 0.393750 0.468750 0.395833 0.473438 0.397917 0.475000 0.402083 0.478125 0.404167 0.481250 0.408333 0.482812 0.404167 0.485938 0.397917 0.489063 0.393750
1 0.421875 0.358333 0.420312 0.356250 0.418750 0.352083 0.415625 0.347917 0.412500 0.347917 0.409375 0.347917 0.406250 0.347917 0.401562 0.347917 0.398438 0.347917 0.396875 0.352083 0.400000 0.352083 0.401562 0.356250 0.403125 0.358333 0.403125 0.362500 0.406250 0.364583 0.407813 0.368750 0.409375 0.368750 0.412500 0.370833 0.415625 0.370833 0.418750 0.368750 0.420312 0.368750 0.421875 0.364583
0 0.492188 0.293750 0.476562 0.283333 0.467187 0.277083 0.457813 0.270833 0.445312 0.262500 0.434375 0.256250 0.423438 0.250000 0.417187 0.256250 0.406250 0.272917 0.400000 0.281250 0.393750 0.295833 0.395313 0.310417 0.406250 0.318750 0.418750 0.322917 0.431250 0.327083 0.443750 0.331250 0.453125 0.335417 0.464062 0.335417 0.476562 0.322917 0.485938 0.314583 0.492188 0.308333
0 0.576562 0.318750 0.553125 0.308333 0.543750 0.304167 0.531250 0.300000 0.521875 0.295833 0.510938 0.291667 0.503125 0.300000 0.493750 0.314583 0.489063 0.322917 0.489063 0.335417 0.500000 0.343750 0.509375 0.347917 0.517188 0.356250 0.526563 0.362500 0.539062 0.366667 0.548438 0.370833 0.560937 0.381250 0.570312 0.375000 0.573438 0.362500 0.575000 0.347917 0.576562 0.333333
6 0.354687 0.347917 0.337500 0.375000 0.321875 0.404167 0.304688 0.437500 0.287500 0.470833 0.273438 0.504167 0.254688 0.533333 0.237500 0.566667 0.221875 0.606250 0.206250 0.641667 0.193750 0.677083 0.212500 0.683333 0.231250 0.645833 0.250000 0.612500 0.264062 0.577083 0.282813 0.535417 0.300000 0.497917 0.317188 0.460417 0.339062 0.408333 0.360938 0.368750
7 0.379688 0.295833 0.371875 0.291667 0.362500 0.287500 0.354687 0.291667 0.348438 0.295833 0.343750 0.304167 0.342187 0.318750 0.342187 0.331250 0.343750 0.339583 0.353125 0.343750 0.362500 0.343750 0.373437 0.347917 0.382812 0.347917 0.389062 0.350000 0.398438 0.352083 0.406250 0.347917 0.407813 0.335417 0.407813 0.322917 0.401562 0.314583 0.393750 0.308333 0.384375 0.302083
6 0.454688 0.241667 0.428125 0.258333 0.468750 0.283333 0.523438 0.300000 0.576562 0.318750 0.626563 0.335417 0.676562 0.358333 0.728125 0.379167 0.776563 0.397917 0.825000 0.420833 0.871875 0.445833 0.887500 0.420833 0.839063 0.397917 0.787500 0.381250 0.735938 0.356250 0.682813 0.335417 0.635938 0.314583 0.596875 0.295833 0.553125 0.275000 0.506250 0.258333 0.459375 0.241667
1 0.864062 0.416667 0.857812 0.416667 0.851562 0.416667 0.848437 0.414583 0.842187 0.412500 0.839063 0.410417 0.835938 0.408333 0.831250 0.404167 0.826562 0.404167 0.823438 0.408333 0.825000 0.414583 0.831250 0.420833 0.835938 0.425000 0.839063 0.427083 0.843750 0.427083 0.848437 0.429167 0.851562 0.431250 0.857812 0.431250 0.860938 0.429167 0.864062 0.425000 0.864062 0.416667
1 0.781250 0.379167 0.773438 0.379167 0.770312 0.377083 0.764062 0.375000 0.760938 0.375000 0.757812 0.375000 0.754687 0.370833 0.750000 0.370833 0.746875 0.375000 0.746875 0.381250 0.746875 0.387500 0.750000 0.387500 0.753125 0.389583 0.756250 0.391667 0.760938 0.393750 0.764062 0.395833 0.767188 0.395833 0.771875 0.395833 0.775000 0.395833 0.775000 0.391667 0.775000 0.385417 0.776563 0.381250 0.778125 0.377083
1 0.706250 0.347917 0.703125 0.347917 0.700000 0.343750 0.696875 0.341667 0.696875 0.341667 0.690625 0.341667 0.687500 0.339583 0.685937 0.339583 0.684375 0.341667 0.684375 0.345833 0.684375 0.350000 0.685937 0.352083 0.685937 0.356250 0.685937 0.360417 0.687500 0.362500 0.687500 0.364583 0.690625 0.364583 0.692187 0.364583 0.695312 0.364583 0.696875 0.364583 0.700000 0.364583 0.701562 0.364583 0.703125 0.360417 0.703125 0.358333 0.703125 0.356250 0.704688 0.352083
1 0.654687 0.327083 0.653125 0.322917 0.650000 0.322917 0.648438 0.318750 0.645312 0.318750 0.642188 0.316667 0.639062 0.316667 0.635938 0.316667 0.632812 0.318750 0.632812 0.325000 0.631250 0.327083 0.631250 0.331250 0.632812 0.335417 0.637500 0.335417 0.642188 0.335417 0.645312 0.335417 0.648438 0.335417 0.650000 0.339583 0.651563 0.339583 0.653125 0.339583 0.654687 0.335417 0.654687 0.331250
1 0.595313 0.300000 0.592187 0.295833 0.589063 0.295833 0.582812 0.293750 0.579688 0.291667 0.576562 0.291667 0.571875 0.291667 0.567187 0.291667 0.565625 0.293750 0.564063 0.300000 0.564063 0.304167 0.567187 0.308333 0.570312 0.308333 0.573438 0.310417 0.578125 0.312500 0.582812 0.312500 0.585938 0.314583 0.587500 0.316667 0.590625 0.314583 0.593750 0.308333 0.595313 0.304167 0.596875 0.302083
1 0.451562 0.262500 0.454688 0.258333 0.456250 0.254167 0.454688 0.250000 0.453125 0.245833 0.451562 0.243750 0.446875 0.241667 0.443750 0.241667 0.440625 0.241667 0.437500 0.241667 0.434375 0.241667 0.432812 0.243750 0.431250 0.247917 0.431250 0.252083 0.431250 0.256250 0.431250 0.260417 0.432812 0.262500 0.435937 0.262500 0.439063 0.262500 0.443750 0.262500 0.446875 0.262500 0.450000 0.262500 0.453125 0.262500
1 0.525000 0.289583 0.525000 0.283333 0.525000 0.277083 0.525000 0.270833 0.525000 0.266667 0.523438 0.262500 0.518750 0.262500 0.515625 0.262500 0.510938 0.262500 0.506250 0.262500 0.503125 0.266667 0.500000 0.268750 0.498437 0.270833 0.495312 0.272917 0.492188 0.275000 0.492188 0.281250 0.495312 0.283333 0.500000 0.285417 0.503125 0.287500 0.507812 0.287500 0.512500 0.287500 0.515625 0.287500 0.520312 0.287500
6 0.543750 0.166667 0.493750 0.154167 0.496875 0.179167 0.543750 0.193750 0.592187 0.210417 0.637500 0.229167 0.692187 0.247917 0.739062 0.262500 0.790625 0.285417 0.843750 0.306250 0.898438 0.325000 0.945312 0.347917 0.918750 0.312500 0.864062 0.293750 0.812500 0.275000 0.760938 0.250000 0.718750 0.235417 0.671875 0.212500 0.637500 0.202083 0.589063 0.183333 0.543750 0.168750
1 0.932813 0.318750 0.923438 0.318750 0.918750 0.314583 0.912500 0.312500 0.909375 0.310417 0.906250 0.308333 0.903125 0.310417 0.903125 0.314583 0.903125 0.320833 0.903125 0.325000 0.906250 0.327083 0.909375 0.329167 0.912500 0.331250 0.915625 0.331250 0.918750 0.335417 0.923438 0.335417 0.925000 0.337500 0.928125 0.339583 0.931250 0.339583 0.934375 0.339583 0.935937 0.335417 0.935937 0.331250 0.935937 0.327083 0.935937 0.322917
1 0.864062 0.295833 0.859375 0.291667 0.854688 0.287500 0.851562 0.285417 0.848437 0.283333 0.845313 0.281250 0.840625 0.279167 0.835938 0.279167 0.835938 0.283333 0.834375 0.287500 0.832812 0.291667 0.832812 0.297917 0.835938 0.302083 0.839063 0.304167 0.842187 0.304167 0.848437 0.308333 0.851562 0.308333 0.856250 0.308333 0.860938 0.308333 0.860938 0.304167 0.860938 0.300000
1 0.790625 0.266667 0.785937 0.262500 0.781250 0.262500 0.776563 0.258333 0.771875 0.256250 0.768750 0.252083 0.765625 0.250000 0.762500 0.245833 0.756250 0.245833 0.751563 0.245833 0.751563 0.254167 0.751563 0.258333 0.756250 0.262500 0.760938 0.262500 0.764062 0.266667 0.767188 0.270833 0.770312 0.275000 0.773438 0.279167 0.778125 0.281250 0.784375 0.283333 0.787500 0.285417 0.787500 0.279167 0.789062 0.275000 0.789062 0.268750
1 0.715625 0.235417 0.710938 0.233333 0.709375 0.231250 0.704688 0.229167 0.700000 0.229167 0.696875 0.227083 0.692187 0.227083 0.687500 0.225000 0.684375 0.227083 0.682813 0.229167 0.681250 0.233333 0.682813 0.235417 0.689063 0.237500 0.692187 0.239583 0.695312 0.241667 0.698438 0.243750 0.703125 0.243750 0.706250 0.243750 0.709375 0.243750 0.712500 0.239583 0.712500 0.233333
1 0.640625 0.206250 0.637500 0.204167 0.632812 0.202083 0.628125 0.200000 0.625000 0.197917 0.620313 0.197917 0.615625 0.197917 0.612500 0.195833 0.610938 0.197917 0.609375 0.202083 0.607812 0.206250 0.612500 0.208333 0.617188 0.210417 0.620313 0.212500 0.623437 0.216667 0.625000 0.220833 0.628125 0.222917 0.632812 0.225000 0.634375 0.222917 0.635938 0.218750 0.637500 0.214583 0.639062 0.210417
1 0.579688 0.189583 0.573438 0.187500 0.571875 0.183333 0.567187 0.183333 0.564063 0.181250 0.560937 0.179167 0.557813 0.177083 0.553125 0.177083 0.548438 0.177083 0.545312 0.179167 0.542188 0.183333 0.543750 0.183333 0.548438 0.183333 0.551562 0.187500 0.557813 0.189583 0.560937 0.189583 0.564063 0.193750 0.565625 0.195833 0.568750 0.197917 0.571875 0.202083 0.573438 0.197917 0.576562 0.193750 0.578125 0.189583
1 0.510938 0.162500 0.504687 0.160417 0.500000 0.158333 0.495312 0.158333 0.493750 0.158333 0.490625 0.156250 0.487500 0.156250 0.485938 0.154167 0.482812 0.154167 0.481250 0.156250 0.478125 0.158333 0.478125 0.160417 0.481250 0.162500 0.482812 0.162500 0.485938 0.164583 0.489063 0.166667 0.492188 0.168750 0.495312 0.170833 0.498437 0.172917 0.500000 0.172917 0.503125 0.177083 0.504687 0.175000 0.506250 0.170833 0.506250 0.166667 0.507812 0.162500
2 0.900000 0.308333 0.892188 0.308333 0.885938 0.306250 0.882812 0.304167 0.878125 0.302083 0.875000 0.302083 0.871875 0.300000 0.867188 0.300000 0.864062 0.300000 0.859375 0.300000 0.859375 0.302083 0.860938 0.308333 0.864062 0.308333 0.867188 0.310417 0.873437 0.312500 0.878125 0.314583 0.881250 0.314583 0.884375 0.318750 0.887500 0.318750 0.892188 0.318750 0.893750 0.318750 0.896875 0.314583
2 0.826562 0.281250 0.818750 0.279167 0.815625 0.275000 0.812500 0.275000 0.809375 0.275000 0.806250 0.272917 0.800000 0.272917 0.796875 0.270833 0.795312 0.275000 0.793750 0.275000 0.792188 0.279167 0.790625 0.281250 0.793750 0.283333 0.796875 0.285417 0.800000 0.287500 0.804688 0.287500 0.807813 0.287500 0.809375 0.289583 0.814063 0.291667 0.817187 0.291667 0.820312 0.291667 0.823438 0.291667 0.825000 0.287500
2 0.750000 0.250000 0.745313 0.245833 0.742188 0.243750 0.739062 0.243750 0.734375 0.239583 0.731250 0.239583 0.728125 0.239583 0.725000 0.239583 0.720313 0.237500 0.718750 0.239583 0.717187 0.243750 0.717187 0.245833 0.721875 0.250000 0.725000 0.252083 0.728125 0.254167 0.731250 0.254167 0.734375 0.256250 0.737500 0.258333 0.740625 0.258333 0.743750 0.258333 0.745313 0.254167
2 0.681250 0.222917 0.679688 0.218750 0.675000 0.218750 0.670312 0.214583 0.667188 0.212500 0.660937 0.212500 0.654687 0.212500 0.651563 0.210417 0.648438 0.210417 0.645312 0.212500 0.642188 0.216667 0.642188 0.218750 0.648438 0.222917 0.654687 0.222917 0.657813 0.227083 0.662500 0.229167 0.665625 0.231250 0.670312 0.231250 0.673438 0.229167 0.676562 0.227083
2 0.606250 0.195833 0.600000 0.193750 0.596875 0.191667 0.593750 0.189583 0.589063 0.189583 0.585938 0.187500 0.582812 0.187500 0.579688 0.189583 0.579688 0.193750 0.579688 0.197917 0.582812 0.200000 0.584375 0.202083 0.585938 0.204167 0.589063 0.206250 0.592187 0.208333 0.595313 0.210417 0.598437 0.210417 0.600000 0.208333 0.600000 0.204167 0.603125 0.202083 0.603125 0.197917
2 0.537500 0.170833 0.534375 0.170833 0.528125 0.170833 0.525000 0.170833 0.521875 0.168750 0.518750 0.166667 0.515625 0.166667 0.512500 0.166667 0.509375 0.166667 0.509375 0.170833 0.509375 0.177083 0.509375 0.179167 0.512500 0.179167 0.515625 0.179167 0.518750 0.179167 0.521875 0.181250 0.525000 0.183333 0.528125 0.183333 0.531250 0.185417 0.534375 0.185417 0.535937 0.183333 0.535937 0.179167 0.537500 0.175000
2 0.887500 0.435417 0.884375 0.431250 0.881250 0.425000 0.881250 0.425000 0.878125 0.420833 0.878125 0.422917 0.876563 0.425000 0.876563 0.429167 0.875000 0.431250 0.873437 0.433333 0.873437 0.437500 0.875000 0.439583 0.878125 0.441667 0.881250 0.443750 0.882812 0.443750 0.885938 0.443750 0.890625 0.443750 0.892188 0.443750 0.892188 0.439583 0.890625 0.437500
2 0.818750 0.393750 0.814063 0.391667 0.807813 0.389583 0.803125 0.387500 0.800000 0.385417 0.796875 0.383333 0.790625 0.383333 0.784375 0.383333 0.781250 0.383333 0.776563 0.383333 0.776563 0.389583 0.779687 0.391667 0.782813 0.395833 0.787500 0.397917 0.793750 0.400000 0.796875 0.402083 0.801562 0.404167 0.804688 0.408333 0.806250 0.408333 0.809375 0.412500 0.814063 0.412500 0.817187 0.408333 0.820312 0.404167 0.821875 0.400000
2 0.745313 0.358333 0.742188 0.358333 0.739062 0.358333 0.734375 0.356250 0.731250 0.356250 0.728125 0.356250 0.725000 0.354167 0.721875 0.352083 0.717187 0.352083 0.715625 0.352083 0.712500 0.354167 0.712500 0.358333 0.709375 0.362500 0.712500 0.364583 0.715625 0.364583 0.720313 0.368750 0.726562 0.368750 0.731250 0.370833 0.734375 0.370833 0.739062 0.370833 0.740625 0.368750 0.742188 0.364583 0.742188 0.360417 0.742188 0.358333
2 0.682813 0.337500 0.679688 0.335417 0.676562 0.335417 0.675000 0.331250 0.670312 0.331250 0.667188 0.331250 0.664062 0.331250 0.660937 0.331250 0.659375 0.333333 0.657813 0.335417 0.657813 0.341667 0.657813 0.345833 0.659375 0.347917 0.662500 0.352083 0.665625 0.352083 0.668750 0.352083 0.670312 0.354167 0.675000 0.354167 0.678125 0.354167 0.679688 0.352083 0.681250 0.347917 0.682813 0.343750
2 0.626563 0.312500 0.620313 0.308333 0.615625 0.306250 0.612500 0.304167 0.609375 0.302083 0.604688 0.302083 0.603125 0.304167 0.600000 0.308333 0.596875 0.310417 0.596875 0.314583 0.600000 0.318750 0.601562 0.318750 0.603125 0.322917 0.607812 0.322917 0.612500 0.322917 0.615625 0.327083 0.620313 0.327083 0.623437 0.327083 0.626563 0.325000 0.629687 0.322917
2 0.562500 0.287500 0.559375 0.279167 0.554688 0.275000 0.550000 0.272917 0.543750 0.270833 0.540625 0.266667 0.535937 0.266667 0.531250 0.266667 0.528125 0.268750 0.526563 0.275000 0.525000 0.279167 0.525000 0.285417 0.528125 0.289583 0.534375 0.291667 0.539062 0.295833 0.543750 0.297917 0.548438 0.300000 0.553125 0.302083 0.557813 0.302083 0.560937 0.300000 0.560937 0.293750
2 0.498437 0.254167 0.489063 0.252083 0.484375 0.250000 0.479687 0.247917 0.473438 0.245833 0.468750 0.243750 0.464062 0.243750 0.459375 0.245833 0.457813 0.250000 0.456250 0.258333 0.456250 0.262500 0.457813 0.266667 0.462500 0.268750 0.467187 0.270833 0.470313 0.275000 0.476562 0.277083 0.481250 0.279167 0.485938 0.277083 0.489063 0.270833 0.492188 0.268750 0.495312 0.264583 0.500000 0.262500
2 0.454688 0.368750 0.450000 0.368750 0.443750 0.368750 0.440625 0.364583 0.435937 0.364583 0.432812 0.362500 0.428125 0.360417 0.425000 0.358333 0.421875 0.362500 0.418750 0.366667 0.418750 0.372917 0.420312 0.377083 0.421875 0.379167 0.426563 0.383333 0.431250 0.385417 0.435937 0.387500 0.440625 0.387500 0.445312 0.387500 0.448437 0.385417 0.450000 0.379167 0.450000 0.375000
2 0.835938 0.547917 0.826562 0.545833 0.821875 0.543750 0.815625 0.539583 0.810937 0.537500 0.806250 0.535417 0.800000 0.535417 0.795312 0.537500 0.793750 0.541667 0.796875 0.545833 0.801562 0.550000 0.806250 0.550000 0.810937 0.554167 0.815625 0.558333 0.818750 0.562500 0.825000 0.566667 0.829688 0.570833 0.835938 0.570833 0.843750 0.568750 0.843750 0.560417
2 0.745313 0.514583 0.742188 0.512500 0.739062 0.508333 0.734375 0.506250 0.729688 0.504167 0.728125 0.504167 0.725000 0.502083 0.725000 0.500000 0.721875 0.502083 0.720313 0.504167 0.718750 0.510417 0.717187 0.512500 0.720313 0.514583 0.721875 0.516667 0.725000 0.518750 0.728125 0.520833 0.731250 0.520833 0.734375 0.522917 0.739062 0.525000 0.743750 0.525000 0.746875 0.525000 0.746875 0.520833 0.746875 0.516667
2 0.679688 0.477083 0.673438 0.477083 0.668750 0.472917 0.664062 0.472917 0.660937 0.470833 0.654687 0.468750 0.651563 0.468750 0.648438 0.466667 0.643750 0.466667 0.642188 0.470833 0.642188 0.477083 0.648438 0.481250 0.653125 0.481250 0.654687 0.485417 0.657813 0.487500 0.660937 0.489583 0.664062 0.491667 0.667188 0.489583 0.670312 0.487500 0.670312 0.483333 0.673438 0.477083
2 0.606250 0.443750 0.601562 0.443750 0.596875 0.441667 0.590625 0.437500 0.585938 0.435417 0.582812 0.433333 0.578125 0.431250 0.573438 0.429167 0.570312 0.427083 0.567187 0.429167 0.567187 0.435417 0.570312 0.439583 0.571875 0.441667 0.573438 0.443750 0.578125 0.445833 0.582812 0.447917 0.585938 0.452083 0.590625 0.452083 0.595313 0.452083 0.600000 0.452083 0.601562 0.447917
2 0.517188 0.402083 0.512500 0.400000 0.510938 0.397917 0.507812 0.395833 0.504687 0.395833 0.503125 0.391667 0.498437 0.391667 0.493750 0.389583 0.492188 0.391667 0.492188 0.395833 0.489063 0.400000 0.490625 0.404167 0.492188 0.408333 0.495312 0.408333 0.500000 0.412500 0.503125 0.414583 0.506250 0.416667 0.506250 0.420833 0.510938 0.420833 0.512500 0.418750 0.514062 0.414583 0.515625 0.412500 0.517188 0.410417 0.518750 0.408333
1 0.353125 0.387500 0.348438 0.383333 0.345313 0.381250 0.342187 0.379167 0.339062 0.379167 0.337500 0.381250 0.335938 0.383333 0.334375 0.387500 0.329688 0.389583 0.328125 0.393750 0.326562 0.397917 0.325000 0.402083 0.323437 0.404167 0.321875 0.408333 0.321875 0.412500 0.323437 0.416667 0.328125 0.416667 0.331250 0.416667 0.334375 0.416667 0.337500 0.414583 0.339062 0.408333 0.340625 0.406250 0.342187 0.402083 0.343750 0.397917 0.345313 0.391667
1 0.312500 0.464583 0.307812 0.464583 0.303125 0.464583 0.298438 0.464583 0.293750 0.464583 0.292187 0.468750 0.289062 0.472917 0.287500 0.477083 0.285938 0.481250 0.282813 0.485417 0.282813 0.491667 0.282813 0.497917 0.282813 0.502083 0.287500 0.504167 0.290625 0.502083 0.293750 0.500000 0.295312 0.497917 0.300000 0.493750 0.301563 0.487500 0.304688 0.483333 0.306250 0.477083 0.307812 0.470833 0.309375 0.466667
1 0.270313 0.554167 0.267188 0.552083 0.262500 0.552083 0.257812 0.554167 0.256250 0.556250 0.253125 0.560417 0.250000 0.564583 0.246875 0.568750 0.243750 0.572917 0.242188 0.577083 0.240625 0.581250 0.240625 0.587500 0.243750 0.589583 0.246875 0.589583 0.251563 0.591667 0.256250 0.587500 0.259375 0.581250 0.260937 0.577083 0.262500 0.572917 0.262500 0.566667 0.265625 0.562500
1 0.218750 0.641667 0.214062 0.643750 0.210938 0.645833 0.206250 0.650000 0.203125 0.652083 0.200000 0.656250 0.198437 0.658333 0.195312 0.662500 0.193750 0.666667 0.193750 0.672917 0.193750 0.679167 0.193750 0.683333 0.198437 0.683333 0.201563 0.683333 0.206250 0.679167 0.210938 0.672917 0.212500 0.666667 0.214062 0.662500 0.215625 0.656250 0.218750 0.652083 0.218750 0.645833 0.220312 0.641667
2 0.351562 0.381250 0.353125 0.379167 0.354687 0.377083 0.356250 0.375000 0.357812 0.375000 0.357812 0.372917 0.359375 0.368750 0.359375 0.368750 0.359375 0.364583 0.359375 0.364583 0.359375 0.360417 0.359375 0.360417 0.357812 0.358333 0.356250 0.358333 0.354687 0.358333 0.353125 0.358333 0.350000 0.358333 0.350000 0.358333 0.348438 0.360417 0.346875 0.360417 0.346875 0.364583 0.345313 0.364583 0.343750 0.364583 0.343750 0.368750 0.343750 0.370833 0.343750 0.375000 0.346875 0.375000 0.346875 0.375000 0.346875 0.375000
2 0.329688 0.420833 0.321875 0.420833 0.315625 0.420833 0.312500 0.425000 0.310937 0.429167 0.307812 0.433333 0.306250 0.437500 0.304688 0.441667 0.301563 0.447917 0.300000 0.450000 0.298438 0.454167 0.303125 0.454167 0.306250 0.456250 0.310937 0.456250 0.315625 0.454167 0.317188 0.452083 0.318750 0.447917 0.321875 0.443750 0.321875 0.439583 0.325000 0.431250 0.325000 0.425000 0.328125 0.420833
2 0.290625 0.508333 0.285938 0.508333 0.282813 0.508333 0.279687 0.510417 0.276562 0.512500 0.275000 0.516667 0.270313 0.516667 0.270313 0.520833 0.267188 0.525000 0.265625 0.529167 0.262500 0.533333 0.262500 0.537500 0.265625 0.541667 0.267188 0.543750 0.271875 0.543750 0.275000 0.537500 0.276562 0.533333 0.279687 0.527083 0.279687 0.525000 0.282813 0.520833 0.285938 0.516667 0.287500 0.512500
2 0.242188 0.589583 0.237500 0.593750 0.234375 0.597917 0.231250 0.602083 0.228125 0.606250 0.225000 0.610417 0.223438 0.616667 0.220312 0.620833 0.215625 0.625000 0.212500 0.633333 0.218750 0.633333 0.223438 0.635417 0.228125 0.637500 0.231250 0.635417 0.232813 0.629167 0.237500 0.620833 0.240625 0.616667 0.243750 0.610417 0.246875 0.604167 0.250000 0.595833 0.248438 0.591667 0.242188 0.591667
6 0.120313 0.614583 0.101562 0.650000 0.121875 0.650000 0.146875 0.622917 0.162500 0.589583 0.185938 0.545833 0.209375 0.504167 0.226562 0.464583 0.243750 0.425000 0.270313 0.375000 0.282813 0.335417 0.275000 0.318750 0.253125 0.345833 0.237500 0.375000 0.221875 0.404167 0.204687 0.441667 0.190625 0.472917 0.176563 0.506250 0.156250 0.539583 0.140625 0.572917 0.125000 0.606250
2 0.128125 0.631250 0.125000 0.629167 0.123438 0.625000 0.120313 0.622917 0.117188 0.622917 0.115625 0.625000 0.109375 0.633333 0.106250 0.637500 0.104688 0.639583 0.103125 0.645833 0.101562 0.647917 0.101562 0.650000 0.101562 0.656250 0.101562 0.660417 0.101562 0.666667 0.104688 0.666667 0.107813 0.666667 0.110937 0.662500 0.112500 0.662500 0.118750 0.654167 0.121875 0.650000 0.123438 0.647917 0.125000 0.643750 0.126562 0.641667
2 0.178125 0.541667 0.175000 0.541667 0.173437 0.539583 0.168750 0.537500 0.165625 0.537500 0.162500 0.537500 0.157812 0.541667 0.156250 0.545833 0.153125 0.550000 0.150000 0.554167 0.148438 0.558333 0.148438 0.564583 0.150000 0.566667 0.151562 0.568750 0.154688 0.570833 0.159375 0.570833 0.162500 0.570833 0.165625 0.568750 0.168750 0.566667 0.170313 0.564583 0.173437 0.560417 0.173437 0.556250 0.173437 0.552083 0.173437 0.547917
1 0.157812 0.575000 0.148438 0.575000 0.143750 0.572917 0.140625 0.575000 0.137500 0.583333 0.135937 0.589583 0.134375 0.593750 0.131250 0.600000 0.128125 0.606250 0.125000 0.612500 0.126562 0.616667 0.131250 0.618750 0.135937 0.618750 0.140625 0.618750 0.146875 0.616667 0.150000 0.612500 0.153125 0.606250 0.154688 0.597917 0.156250 0.589583 0.156250 0.583333 0.156250 0.577083
1 0.204687 0.491667 0.198437 0.489583 0.195312 0.489583 0.190625 0.493750 0.185938 0.500000 0.181250 0.502083 0.176563 0.506250 0.171875 0.512500 0.168750 0.516667 0.167187 0.520833 0.167187 0.527083 0.170313 0.531250 0.175000 0.533333 0.179688 0.533333 0.184375 0.533333 0.189062 0.529167 0.192188 0.522917 0.195312 0.518750 0.198437 0.512500 0.200000 0.508333 0.201563 0.504167
1 0.240625 0.414583 0.237500 0.414583 0.234375 0.412500 0.231250 0.410417 0.228125 0.408333 0.225000 0.412500 0.221875 0.414583 0.220312 0.418750 0.217188 0.420833 0.214062 0.427083 0.210938 0.431250 0.210938 0.437500 0.210938 0.443750 0.214062 0.445833 0.218750 0.447917 0.223438 0.445833 0.228125 0.441667 0.232813 0.437500 0.234375 0.431250 0.239063 0.425000 0.240625 0.420833
1 0.279687 0.327083 0.275000 0.327083 0.271875 0.331250 0.268750 0.333333 0.264062 0.335417 0.262500 0.339583 0.256250 0.341667 0.253125 0.347917 0.250000 0.352083 0.248438 0.356250 0.248438 0.362500 0.250000 0.364583 0.254688 0.364583 0.259375 0.364583 0.262500 0.364583 0.267188 0.364583 0.270313 0.362500 0.271875 0.356250 0.273438 0.350000 0.276562 0.345833 0.276562 0.337500 0.276562 0.331250
2 0.257812 0.375000 0.256250 0.372917 0.253125 0.368750 0.250000 0.368750 0.246875 0.368750 0.243750 0.375000 0.240625 0.375000 0.237500 0.381250 0.234375 0.383333 0.232813 0.387500 0.231250 0.389583 0.228125 0.395833 0.228125 0.400000 0.228125 0.402083 0.232813 0.404167 0.237500 0.404167 0.240625 0.404167 0.243750 0.404167 0.245312 0.397917 0.246875 0.395833 0.257812 0.381250 0.260937 0.375000
2 0.218750 0.456250 0.214062 0.454167 0.210938 0.454167 0.207813 0.454167 0.204687 0.454167 0.201563 0.456250 0.198437 0.460417 0.198437 0.464583 0.195312 0.468750 0.195312 0.472917 0.192188 0.477083 0.192188 0.481250 0.192188 0.485417 0.190625 0.489583 0.193750 0.489583 0.198437 0.487500 0.203125 0.487500 0.207813 0.487500 0.207813 0.485417 0.214062 0.475000 0.218750 0.466667 0.220312 0.460417
2 0.182812 0.543750 0.178125 0.541667 0.173437 0.541667 0.170313 0.541667 0.168750 0.539583 0.165625 0.543750 0.160938 0.545833 0.159375 0.550000 0.156250 0.554167 0.154688 0.558333 0.153125 0.560417 0.153125 0.566667 0.153125 0.570833 0.153125 0.575000 0.154688 0.577083 0.156250 0.581250 0.159375 0.581250 0.164062 0.577083 0.168750 0.568750 0.171875 0.566667 0.173437 0.562500 0.173437 0.558333 0.176563 0.550000 0.178125 0.545833 0.179688 0.543750
0 0.120313 0.506250 0.134375 0.510417 0.143750 0.512500 0.156250 0.504167 0.160938 0.489583 0.165625 0.477083 0.173437 0.462500 0.179688 0.447917 0.185938 0.435417 0.195312 0.425000 0.187500 0.414583 0.176563 0.406250 0.165625 0.404167 0.157812 0.412500 0.153125 0.422917 0.146875 0.433333 0.140625 0.447917 0.134375 0.464583 0.126562 0.477083 0.120313 0.487500 0.118750 0.500000 0.128125 0.504167
0 0.178125 0.393750 0.192188 0.395833 0.203125 0.397917 0.214062 0.391667 0.220312 0.383333 0.226562 0.368750 0.232813 0.356250 0.242188 0.341667 0.253125 0.331250 0.251563 0.316667 0.243750 0.312500 0.229687 0.308333 0.218750 0.308333 0.209375 0.314583 0.201563 0.325000 0.198437 0.335417 0.193750 0.347917 0.185938 0.358333 0.179688 0.370833 0.173437 0.381250 0.176563 0.391667
6 0.071875 0.533333 0.056250 0.560417 0.051562 0.589583 0.064062 0.579167 0.089063 0.552083 0.103125 0.525000 0.120313 0.495833 0.134375 0.460417 0.151562 0.429167 0.165625 0.402083 0.187500 0.364583 0.200000 0.333333 0.214062 0.304167 0.192188 0.322917 0.173437 0.350000 0.156250 0.381250 0.134375 0.412500 0.120313 0.439583 0.104688 0.470833 0.089063 0.502083 0.071875 0.535417
1 0.087500 0.535417 0.082812 0.533333 0.079687 0.533333 0.075000 0.537500 0.070312 0.541667 0.065625 0.545833 0.060937 0.550000 0.059375 0.554167 0.056250 0.558333 0.053125 0.566667 0.051562 0.572917 0.051562 0.581250 0.051562 0.585417 0.056250 0.585417 0.059375 0.581250 0.065625 0.575000 0.070312 0.568750 0.071875 0.566667 0.078125 0.558333 0.079687 0.554167 0.082812 0.547917 0.082812 0.543750
1 0.210938 0.308333 0.204687 0.312500 0.201563 0.314583 0.198437 0.318750 0.195312 0.318750 0.193750 0.322917 0.190625 0.325000 0.189062 0.327083 0.185938 0.331250 0.185938 0.333333 0.185938 0.337500 0.185938 0.341667 0.189062 0.341667 0.192188 0.343750 0.195312 0.341667 0.198437 0.339583 0.203125 0.335417 0.207813 0.333333 0.207813 0.331250 0.209375 0.325000 0.210938 0.320833 0.210938 0.316667 0.210938 0.314583
2 0.189062 0.343750 0.185938 0.343750 0.182812 0.343750 0.179688 0.345833 0.176563 0.347917 0.173437 0.350000 0.170313 0.352083 0.168750 0.354167 0.165625 0.358333 0.165625 0.362500 0.165625 0.366667 0.165625 0.370833 0.167187 0.375000 0.168750 0.377083 0.173437 0.377083 0.176563 0.377083 0.178125 0.375000 0.179688 0.368750 0.182812 0.366667 0.182812 0.364583 0.182812 0.360417 0.184375 0.354167 0.185938 0.352083 0.185938 0.347917 0.187500 0.343750
1 0.168750 0.383333 0.165625 0.383333 0.162500 0.383333 0.157812 0.383333 0.154688 0.383333 0.153125 0.385417 0.151562 0.387500 0.150000 0.391667 0.148438 0.395833 0.146875 0.400000 0.146875 0.404167 0.143750 0.408333 0.143750 0.412500 0.142187 0.416667 0.143750 0.418750 0.146875 0.420833 0.150000 0.420833 0.153125 0.420833 0.157812 0.416667 0.164062 0.402083 0.165625 0.397917 0.167187 0.393750 0.168750 0.391667 0.168750 0.387500 0.170313 0.383333
2 0.148438 0.425000 0.143750 0.427083 0.142187 0.429167 0.137500 0.431250 0.134375 0.433333 0.129688 0.437500 0.128125 0.439583 0.129688 0.443750 0.131250 0.447917 0.135937 0.450000 0.140625 0.450000 0.142187 0.443750 0.143750 0.439583 0.143750 0.433333 0.146875 0.431250 0.148438 0.427083 0.146875 0.420833 0.143750 0.420833 0.140625 0.422917 0.137500 0.425000 0.135937 0.429167 0.134375 0.431250
1 0.131250 0.452083 0.129688 0.447917 0.125000 0.447917 0.120313 0.450000 0.118750 0.452083 0.114062 0.456250 0.112500 0.460417 0.109375 0.464583 0.107813 0.470833 0.107813 0.477083 0.107813 0.481250 0.110937 0.485417 0.114062 0.487500 0.118750 0.487500 0.123438 0.483333 0.128125 0.477083 0.131250 0.470833 0.131250 0.466667 0.132812 0.462500 0.134375 0.458333 0.135937 0.452083
2 0.118750 0.489583 0.114062 0.479167 0.110937 0.477083 0.107813 0.472917 0.106250 0.477083 0.101562 0.485417 0.098437 0.489583 0.093750 0.497917 0.092188 0.504167 0.089063 0.510417 0.085938 0.516667 0.085938 0.522917 0.085938 0.529167 0.089063 0.533333 0.093750 0.531250 0.104688 0.520833 0.107813 0.516667 0.109375 0.512500 0.115625 0.504167 0.118750 0.500000 0.118750 0.493750
6 0.560937 0.000000 0.548438 0.012500 0.540625 0.027083 0.531250 0.045833 0.518750 0.068750 0.504687 0.089583 0.492188 0.110417 0.482812 0.129167 0.476562 0.147917 0.485938 0.162500 0.495312 0.150000 0.506250 0.137500 0.518750 0.120833 0.528125 0.104167 0.537500 0.087500 0.548438 0.068750 0.557813 0.045833 0.568750 0.029167 0.579688 0.012500 0.571875 0.004167
1 0.560937 0.000000 0.560937 0.004167 0.557813 0.006250 0.557813 0.008333 0.557813 0.010417 0.557813 0.014583 0.557813 0.016667 0.560937 0.016667 0.564063 0.016667 0.565625 0.016667 0.568750 0.016667 0.570312 0.016667 0.570312 0.012500 0.573438 0.010417 0.573438 0.006250 0.576562 0.004167 0.576562 0.004167 0.573438 0.004167 0.570312 0.004167 0.570312 0.004167 0.567187 0.002083 0.565625 0.000000 0.565625 0.000000
1 0.548438 0.037500 0.543750 0.037500 0.540625 0.041667 0.540625 0.043750 0.537500 0.045833 0.535937 0.047917 0.534375 0.050000 0.532813 0.054167 0.531250 0.054167 0.529687 0.058333 0.528125 0.060417 0.528125 0.064583 0.531250 0.068750 0.532813 0.070833 0.535937 0.070833 0.539062 0.068750 0.542188 0.064583 0.545312 0.060417 0.548438 0.058333 0.550000 0.056250 0.551562 0.054167 0.551562 0.050000 0.551562 0.043750 0.551562 0.039583
2 0.560937 0.016667 0.557813 0.016667 0.554688 0.016667 0.551562 0.016667 0.550000 0.018750 0.548438 0.020833 0.546875 0.025000 0.543750 0.027083 0.542188 0.029167 0.543750 0.033333 0.548438 0.033333 0.550000 0.035417 0.551562 0.037500 0.554688 0.037500 0.557813 0.037500 0.559375 0.033333 0.560937 0.031250 0.564063 0.027083 0.565625 0.025000 0.568750 0.022917 0.565625 0.020833 0.564063 0.020833
2 0.531250 0.070833 0.525000 0.068750 0.521875 0.068750 0.518750 0.070833 0.517188 0.072917 0.514062 0.077083 0.510938 0.077083 0.510938 0.083333 0.510938 0.087500 0.510938 0.089583 0.514062 0.093750 0.515625 0.093750 0.518750 0.097917 0.520312 0.097917 0.521875 0.093750 0.525000 0.091667 0.529687 0.085417 0.531250 0.081250 0.534375 0.079167 0.532813 0.075000 0.531250 0.072917
2 0.503125 0.127083 0.500000 0.125000 0.498437 0.122917 0.495312 0.122917 0.493750 0.122917 0.490625 0.127083 0.487500 0.129167 0.485938 0.133333 0.485938 0.135417 0.482812 0.139583 0.482812 0.143750 0.482812 0.147917 0.485938 0.150000 0.489063 0.150000 0.492188 0.147917 0.495312 0.145833 0.498437 0.143750 0.498437 0.139583 0.501563 0.135417 0.503125 0.131250 0.506250 0.129167
1 0.521875 0.100000 0.518750 0.097917 0.515625 0.097917 0.512500 0.095833 0.509375 0.095833 0.506250 0.095833 0.506250 0.097917 0.503125 0.100000 0.503125 0.104167 0.501563 0.106250 0.500000 0.110417 0.500000 0.114583 0.500000 0.116667 0.501563 0.118750 0.503125 0.118750 0.506250 0.120833 0.507812 0.120833 0.510938 0.120833 0.512500 0.120833 0.515625 0.116667 0.515625 0.114583 0.518750 0.110417 0.518750 0.108333 0.520312 0.106250 0.521875 0.104167
6 0.471875 0.000000 0.462500 0.012500 0.454688 0.025000 0.443750 0.035417 0.432812 0.050000 0.426563 0.064583 0.414062 0.083333 0.406250 0.097917 0.395313 0.114583 0.395313 0.133333 0.407813 0.127083 0.421875 0.114583 0.431250 0.102083 0.437500 0.083333 0.446875 0.068750 0.457813 0.050000 0.468750 0.033333 0.479687 0.018750 0.489063 0.004167 0.479687 0.000000 0.464062 -0.002083
2 0.476562 0.000000 0.473438 0.002083 0.473438 0.004167 0.470313 0.004167 0.467187 0.008333 0.465625 0.010417 0.465625 0.016667 0.465625 0.020833 0.465625 0.025000 0.468750 0.025000 0.471875 0.022917 0.473438 0.020833 0.476562 0.018750 0.478125 0.016667 0.479687 0.016667 0.481250 0.012500 0.482812 0.010417 0.484375 0.004167 0.482812 0.004167 0.479687 0.002083
2 0.453125 0.050000 0.450000 0.050000 0.446875 0.047917 0.443750 0.047917 0.439063 0.047917 0.437500 0.050000 0.434375 0.052083 0.434375 0.054167 0.432812 0.058333 0.431250 0.060417 0.431250 0.064583 0.431250 0.068750 0.431250 0.072917 0.434375 0.072917 0.437500 0.068750 0.439063 0.066667 0.442188 0.064583 0.445312 0.062500 0.448437 0.060417 0.450000 0.056250 0.450000 0.052083 0.450000 0.050000
1 0.471875 0.029167 0.468750 0.027083 0.467187 0.025000 0.464062 0.022917 0.460938 0.020833 0.459375 0.022917 0.456250 0.025000 0.454688 0.027083 0.451562 0.029167 0.448437 0.031250 0.448437 0.035417 0.446875 0.037500 0.445312 0.041667 0.445312 0.045833 0.448437 0.045833 0.451562 0.047917 0.454688 0.050000 0.457813 0.047917 0.459375 0.045833 0.460938 0.043750 0.464062 0.041667 0.465625 0.037500 0.467187 0.035417 0.468750 0.033333
1 0.434375 0.072917 0.431250 0.072917 0.428125 0.072917 0.426563 0.072917 0.425000 0.072917 0.421875 0.075000 0.421875 0.077083 0.418750 0.079167 0.418750 0.081250 0.417187 0.083333 0.415625 0.087500 0.414062 0.089583 0.415625 0.091667 0.417187 0.093750 0.417187 0.097917 0.418750 0.097917 0.421875 0.093750 0.421875 0.093750 0.421875 0.089583 0.423438 0.089583 0.426563 0.085417 0.428125 0.083333 0.429688 0.081250 0.431250 0.079167
2 0.418750 0.097917 0.417187 0.097917 0.414062 0.097917 0.412500 0.097917 0.409375 0.097917 0.407813 0.100000 0.406250 0.100000 0.406250 0.104167 0.401562 0.108333 0.401562 0.110417 0.401562 0.114583 0.398438 0.116667 0.398438 0.118750 0.396875 0.122917 0.398438 0.122917 0.401562 0.122917 0.404687 0.122917 0.406250 0.122917 0.406250 0.118750 0.409375 0.116667 0.409375 0.112500 0.410938 0.110417 0.412500 0.108333 0.415625 0.106250 0.417187 0.104167 0.418750 0.102083
0 0.426563 0.041667 0.418750 0.037500 0.409375 0.029167 0.400000 0.029167 0.392188 0.031250 0.385937 0.037500 0.382812 0.043750 0.379688 0.052083 0.376563 0.060417 0.370312 0.070833 0.365625 0.079167 0.360938 0.087500 0.360938 0.093750 0.370312 0.093750 0.376563 0.093750 0.382812 0.091667 0.390625 0.089583 0.398438 0.083333 0.404687 0.077083 0.409375 0.068750 0.418750 0.054167 0.425000 0.045833
3 0.392188 0.093750 0.376563 0.085417 0.371875 0.089583 0.367188 0.102083 0.367188 0.112500 0.367188 0.129167 0.367188 0.145833 0.368750 0.156250 0.373437 0.168750 0.376563 0.179167 0.378125 0.189583 0.379688 0.197917 0.384375 0.202083 0.392188 0.202083 0.395313 0.189583 0.395313 0.177083 0.395313 0.166667 0.395313 0.154167 0.395313 0.135417 0.392188 0.125000 0.392188 0.108333 0.392188 0.097917
6 0.398438 0.000000 0.389062 0.008333 0.379688 0.020833 0.373437 0.035417 0.365625 0.045833 0.356250 0.058333 0.348438 0.077083 0.340625 0.089583 0.331250 0.100000 0.325000 0.114583 0.325000 0.129167 0.337500 0.125000 0.346875 0.106250 0.354687 0.089583 0.364063 0.077083 0.371875 0.066667 0.384375 0.043750 0.398438 0.025000 0.409375 0.008333 0.409375 0.002083 0.398438 0.000000
2 0.401562 0.000000 0.400000 0.000000 0.395313 0.004167 0.393750 0.006250 0.392188 0.008333 0.392188 0.010417 0.392188 0.012500 0.390625 0.012500 0.390625 0.016667 0.392188 0.016667 0.392188 0.018750 0.392188 0.020833 0.392188 0.020833 0.395313 0.020833 0.396875 0.020833 0.398438 0.018750 0.400000 0.016667 0.401562 0.016667 0.401562 0.012500 0.403125 0.012500 0.404687 0.010417 0.406250 0.006250 0.406250 0.004167 0.407813 0.004167 0.409375 0.004167 0.407813 0.000000 0.406250 0.000000
1 0.393750 0.020833 0.385937 0.020833 0.382812 0.020833 0.379688 0.020833 0.378125 0.020833 0.376563 0.025000 0.375000 0.027083 0.373437 0.033333 0.373437 0.033333 0.371875 0.037500 0.370312 0.043750 0.370312 0.045833 0.373437 0.045833 0.376563 0.045833 0.379688 0.045833 0.379688 0.043750 0.385937 0.039583 0.390625 0.037500 0.392188 0.033333 0.393750 0.033333 0.393750 0.029167 0.393750 0.027083
2 0.376563 0.050000 0.371875 0.050000 0.367188 0.054167 0.365625 0.054167 0.362500 0.058333 0.359375 0.060417 0.356250 0.062500 0.354687 0.066667 0.353125 0.068750 0.353125 0.072917 0.353125 0.077083 0.354687 0.077083 0.356250 0.077083 0.359375 0.077083 0.362500 0.075000 0.364063 0.072917 0.370312 0.066667 0.375000 0.060417 0.376563 0.058333 0.376563 0.054167 0.376563 0.050000 0.376563 0.045833
2 0.339062 0.102083 0.339062 0.104167 0.337500 0.106250 0.334375 0.108333 0.334375 0.110417 0.332813 0.110417 0.331250 0.112500 0.329688 0.114583 0.328125 0.114583 0.328125 0.116667 0.326562 0.118750 0.326562 0.122917 0.328125 0.125000 0.329688 0.125000 0.331250 0.125000 0.334375 0.125000 0.334375 0.125000 0.337500 0.125000 0.339062 0.125000 0.340625 0.125000 0.340625 0.120833 0.342187 0.114583 0.342187 0.110417 0.343750 0.106250 0.343750 0.106250 0.343750 0.102083
1 0.364063 0.077083 0.360938 0.077083 0.356250 0.077083 0.354687 0.077083 0.353125 0.077083 0.350000 0.077083 0.348438 0.077083 0.346875 0.077083 0.346875 0.079167 0.343750 0.081250 0.343750 0.083333 0.342187 0.085417 0.342187 0.085417 0.340625 0.087500 0.340625 0.091667 0.340625 0.093750 0.340625 0.095833 0.342187 0.097917 0.343750 0.100000 0.345313 0.097917 0.350000 0.091667 0.357812 0.085417 0.359375 0.083333 0.364063 0.081250 0.364063 0.079167 0.365625 0.077083
3 0.342187 0.014583 0.335938 0.008333 0.328125 0.008333 0.321875 0.008333 0.317188 0.012500 0.315625 0.020833 0.318750 0.029167 0.325000 0.037500 0.328125 0.045833 0.331250 0.060417 0.334375 0.072917 0.334375 0.081250 0.337500 0.089583 0.340625 0.093750 0.345313 0.085417 0.350000 0.079167 0.356250 0.068750 0.357812 0.060417 0.356250 0.050000 0.350000 0.037500 0.345313 0.025000 0.342187 0.014583
7 0.335938 0.039583 0.328125 0.045833 0.325000 0.050000 0.321875 0.054167 0.317188 0.058333 0.315625 0.062500 0.312500 0.068750 0.310937 0.072917 0.310937 0.077083 0.312500 0.085417 0.314063 0.091667 0.315625 0.100000 0.321875 0.100000 0.325000 0.100000 0.328125 0.097917 0.331250 0.087500 0.334375 0.079167 0.337500 0.075000 0.342187 0.066667 0.342187 0.060417 0.337500 0.050000 0.334375 0.045833
7 0.309375 0.066667 0.301563 0.066667 0.293750 0.066667 0.285938 0.066667 0.279687 0.066667 0.273438 0.064583 0.270313 0.066667 0.270313 0.075000 0.270313 0.083333 0.270313 0.091667 0.270313 0.100000 0.273438 0.104167 0.279687 0.106250 0.287500 0.106250 0.293750 0.110417 0.300000 0.110417 0.304688 0.110417 0.307812 0.106250 0.309375 0.093750 0.309375 0.085417 0.309375 0.077083
6 0.318750 0.122917 0.312500 0.120833 0.307812 0.116667 0.301563 0.112500 0.295312 0.110417 0.289062 0.108333 0.281250 0.106250 0.275000 0.106250 0.267188 0.106250 0.265625 0.106250 0.267188 0.112500 0.270313 0.122917 0.273438 0.129167 0.276562 0.129167 0.285938 0.133333 0.296875 0.139583 0.304688 0.141667 0.309375 0.143750 0.315625 0.143750 0.320312 0.141667 0.321875 0.137500 0.321875 0.131250
1 0.314063 0.120833 0.312500 0.120833 0.307812 0.118750 0.304688 0.118750 0.303125 0.118750 0.300000 0.118750 0.298438 0.118750 0.295312 0.118750 0.292187 0.122917 0.292187 0.125000 0.292187 0.129167 0.292187 0.133333 0.292187 0.137500 0.295312 0.137500 0.295312 0.139583 0.300000 0.141667 0.303125 0.141667 0.304688 0.141667 0.307812 0.141667 0.310937 0.139583 0.312500 0.137500 0.314063 0.137500 0.314063 0.133333 0.314063 0.129167 0.314063 0.125000
2 0.285938 0.114583 0.285938 0.114583 0.282813 0.110417 0.281250 0.110417 0.279687 0.110417 0.278125 0.110417 0.276562 0.110417 0.275000 0.110417 0.273438 0.110417 0.271875 0.110417 0.271875 0.112500 0.271875 0.116667 0.271875 0.118750 0.271875 0.120833 0.273438 0.122917 0.275000 0.125000 0.276562 0.125000 0.278125 0.125000 0.279687 0.125000 0.281250 0.127083 0.282813 0.129167 0.285938 0.129167 0.287500 0.129167 0.289062 0.127083 0.290625 0.125000 0.290625 0.122917 0.290625 0.120833 0.289062 0.118750
6 0.089063 0.072917 0.071875 0.070833 0.060937 0.075000 0.075000 0.087500 0.096875 0.093750 0.114062 0.097917 0.135937 0.106250 0.153125 0.110417 0.173437 0.110417 0.196875 0.112500 0.220312 0.118750 0.245312 0.118750 0.243750 0.108333 0.228125 0.104167 0.207813 0.097917 0.189062 0.093750 0.168750 0.087500 0.143750 0.085417 0.129688 0.077083 0.107813 0.068750 0.089063 0.066667
2 0.246875 0.106250 0.245312 0.106250 0.242188 0.104167 0.240625 0.104167 0.239063 0.104167 0.237500 0.104167 0.237500 0.106250 0.234375 0.106250 0.234375 0.106250 0.232813 0.108333 0.232813 0.110417 0.228125 0.116667 0.226562 0.118750 0.226562 0.120833 0.228125 0.120833 0.229687 0.120833 0.231250 0.120833 0.234375 0.120833 0.237500 0.120833 0.237500 0.120833 0.240625 0.120833 0.240625 0.120833
2 0.207813 0.097917 0.206250 0.097917 0.203125 0.097917 0.198437 0.097917 0.196875 0.095833 0.195312 0.095833 0.192188 0.093750 0.190625 0.093750 0.189062 0.093750 0.187500 0.093750 0.185938 0.093750 0.185938 0.097917 0.184375 0.097917 0.182812 0.100000 0.182812 0.102083 0.185938 0.104167 0.185938 0.106250 0.190625 0.106250 0.192188 0.106250 0.195312 0.106250 0.198437 0.106250 0.200000 0.106250 0.201563 0.106250 0.203125 0.106250 0.204687 0.106250 0.204687 0.104167 0.204687 0.102083 0.206250 0.100000 0.207813 0.100000
2 0.168750 0.091667 0.167187 0.089583 0.165625 0.089583 0.165625 0.087500 0.162500 0.087500 0.160938 0.087500 0.159375 0.085417 0.157812 0.085417 0.156250 0.085417 0.154688 0.085417 0.154688 0.089583 0.154688 0.089583 0.153125 0.093750 0.153125 0.095833 0.153125 0.097917 0.156250 0.100000 0.156250 0.100000 0.159375 0.100000 0.160938 0.100000 0.162500 0.100000 0.162500 0.097917 0.162500 0.095833 0.164062 0.093750 0.165625 0.093750 0.165625 0.091667 0.165625 0.089583 0.167187 0.087500 0.168750 0.085417
2 0.134375 0.085417 0.131250 0.085417 0.131250 0.083333 0.131250 0.081250 0.128125 0.081250 0.128125 0.081250 0.125000 0.081250 0.123438 0.081250 0.121875 0.081250 0.120313 0.081250 0.120313 0.083333 0.120313 0.085417 0.118750 0.089583 0.120313 0.089583 0.121875 0.089583 0.123438 0.089583 0.125000 0.089583 0.128125 0.089583 0.128125 0.089583 0.131250 0.089583 0.131250 0.089583 0.134375 0.089583 0.134375 0.087500 0.134375 0.085417 0.134375 0.081250 0.134375 0.079167 0.134375 0.077083
2 0.106250 0.081250 0.106250 0.077083 0.106250 0.075000 0.104688 0.075000 0.101562 0.075000 0.101562 0.075000 0.098437 0.075000 0.096875 0.075000 0.095312 0.075000 0.093750 0.077083 0.092188 0.077083 0.089063 0.081250 0.089063 0.081250 0.092188 0.081250 0.092188 0.081250 0.095312 0.083333 0.096875 0.083333 0.098437 0.085417 0.100000 0.085417 0.100000 0.083333 0.101562 0.081250 0.101562 0.077083 0.101562 0.077083 0.104688 0.072917 0.104688 0.070833
2 0.075000 0.072917 0.075000 0.072917 0.075000 0.072917 0.075000 0.070833 0.075000 0.068750 0.073438 0.068750 0.071875 0.068750 0.071875 0.068750 0.071875 0.068750 0.068750 0.068750 0.068750 0.068750 0.068750 0.068750 0.067187 0.068750 0.065625 0.068750 0.065625 0.068750 0.065625 0.070833 0.065625 0.072917 0.065625 0.072917 0.065625 0.072917 0.065625 0.072917 0.067187 0.072917 0.067187 0.075000 0.068750 0.075000 0.068750 0.077083 0.068750 0.077083 0.068750 0.077083 0.068750 0.077083 0.070312 0.077083 0.071875 0.077083 0.071875 0.077083 0.071875 0.077083 0.073438 0.077083 0.075000 0.077083 0.075000 0.075000 0.075000 0.075000 0.076563 0.075000 0.076563 0.072917 0.076563 0.072917 0.076563 0.072917
1 0.229687 0.102083 0.228125 0.102083 0.226562 0.100000 0.225000 0.100000 0.225000 0.100000 0.221875 0.100000 0.218750 0.097917 0.217188 0.097917 0.214062 0.097917 0.212500 0.097917 0.210938 0.097917 0.210938 0.097917 0.209375 0.102083 0.207813 0.104167 0.207813 0.106250 0.207813 0.108333 0.209375 0.110417 0.210938 0.110417 0.212500 0.110417 0.214062 0.110417 0.217188 0.110417 0.218750 0.110417 0.220312 0.110417 0.221875 0.110417 0.225000 0.110417 0.225000 0.110417 0.226562 0.110417 0.228125 0.108333 0.228125 0.106250 0.228125 0.106250
1 0.182812 0.091667 0.181250 0.091667 0.179688 0.091667 0.178125 0.091667 0.176563 0.091667 0.173437 0.089583 0.171875 0.089583 0.168750 0.089583 0.168750 0.091667 0.165625 0.091667 0.165625 0.093750 0.162500 0.093750 0.162500 0.095833 0.162500 0.097917 0.165625 0.100000 0.167187 0.102083 0.168750 0.102083 0.171875 0.102083 0.173437 0.102083 0.175000 0.102083 0.176563 0.102083 0.178125 0.102083 0.179688 0.102083 0.179688 0.100000 0.181250 0.097917
1 0.153125 0.081250 0.148438 0.079167 0.146875 0.079167 0.143750 0.079167 0.140625 0.079167 0.137500 0.079167 0.134375 0.079167 0.134375 0.083333 0.132812 0.087500 0.132812 0.089583 0.134375 0.093750 0.137500 0.097917 0.140625 0.100000 0.143750 0.100000 0.146875 0.100000 0.148438 0.100000 0.150000 0.097917 0.151562 0.093750 0.151562 0.091667 0.151562 0.089583 0.153125 0.083333 0.153125 0.081250
1 0.117188 0.079167 0.115625 0.077083 0.114062 0.077083 0.110937 0.077083 0.110937 0.077083 0.109375 0.077083 0.107813 0.075000 0.106250 0.077083 0.106250 0.077083 0.104688 0.083333 0.104688 0.085417 0.104688 0.089583 0.103125 0.089583 0.104688 0.089583 0.106250 0.089583 0.107813 0.089583 0.110937 0.089583 0.110937 0.089583 0.114062 0.089583 0.114062 0.087500 0.114062 0.085417 0.115625 0.081250 0.117188 0.077083 0.118750 0.072917 0.118750 0.070833
1 0.089063 0.070833 0.089063 0.070833 0.089063 0.072917 0.087500 0.072917 0.085938 0.072917 0.085938 0.072917 0.085938 0.072917 0.084375 0.072917 0.084375 0.075000 0.084375 0.077083 0.082812 0.077083 0.082812 0.077083 0.081250 0.077083 0.081250 0.077083 0.081250 0.079167 0.079687 0.081250 0.079687 0.081250 0.079687 0.081250 0.079687 0.083333 0.079687 0.083333 0.081250 0.083333 0.081250 0.083333 0.082812 0.083333 0.082812 0.083333 0.084375 0.083333 0.085938 0.083333 0.085938 0.083333 0.085938 0.083333 0.087500 0.083333 0.089063 0.083333 0.089063 0.081250 0.089063 0.081250 0.089063 0.079167 0.089063 0.077083 0.089063 0.075000 0.089063 0.072917 0.089063 0.072917 0.089063 0.072917
0 0.245312 0.110417 0.240625 0.114583 0.235937 0.116667 0.231250 0.116667 0.228125 0.118750 0.220312 0.127083 0.217188 0.131250 0.215625 0.133333 0.218750 0.141667 0.225000 0.145833 0.228125 0.150000 0.232813 0.152083 0.239063 0.154167 0.243750 0.158333 0.248438 0.158333 0.250000 0.156250 0.251563 0.152083 0.253125 0.145833 0.253125 0.137500 0.253125 0.129167 0.251563 0.120833 0.250000 0.112500 0.246875 0.106250 0.245312 0.100000
3 0.276562 0.060417 0.262500 0.060417 0.254688 0.060417 0.248438 0.062500 0.245312 0.068750 0.245312 0.079167 0.248438 0.089583 0.250000 0.100000 0.253125 0.112500 0.256250 0.125000 0.257812 0.133333 0.262500 0.137500 0.268750 0.137500 0.275000 0.133333 0.276562 0.129167 0.276562 0.106250 0.273438 0.093750 0.270313 0.081250 0.267188 0.066667 0.265625 0.060417 0.262500 0.052083
3 0.282813 0.145833 0.276562 0.143750 0.270313 0.139583 0.262500 0.139583 0.253125 0.139583 0.250000 0.145833 0.251563 0.162500 0.254688 0.175000 0.259375 0.195833 0.264062 0.214583 0.268750 0.233333 0.270313 0.239583 0.275000 0.254167 0.279687 0.258333 0.282813 0.258333 0.296875 0.245833 0.298438 0.235417 0.295312 0.218750 0.289062 0.191667 0.285938 0.175000 0.282813 0.156250 0.279687 0.145833
6 0.059375 0.116667 0.031250 0.110417 0.040625 0.133333 0.062500 0.141667 0.085938 0.147917 0.112500 0.152083 0.140625 0.160417 0.165625 0.166667 0.192188 0.179167 0.225000 0.187500 0.251563 0.197917 0.262500 0.189583 0.251563 0.175000 0.232813 0.162500 0.207813 0.162500 0.182812 0.154167 0.156250 0.145833 0.131250 0.135417 0.109375 0.129167 0.089063 0.125000 0.068750 0.120833
1 0.257812 0.179167 0.256250 0.179167 0.250000 0.175000 0.246875 0.172917 0.245312 0.172917 0.243750 0.172917 0.242188 0.175000 0.240625 0.175000 0.237500 0.179167 0.235937 0.179167 0.234375 0.181250 0.237500 0.181250 0.239063 0.183333 0.240625 0.185417 0.240625 0.189583 0.243750 0.189583 0.245312 0.189583 0.251563 0.191667 0.256250 0.191667 0.257812 0.191667 0.259375 0.189583 0.259375 0.187500 0.259375 0.183333 0.259375 0.179167
1 0.209375 0.162500 0.207813 0.162500 0.206250 0.162500 0.201563 0.162500 0.200000 0.162500 0.198437 0.162500 0.195312 0.162500 0.193750 0.160417 0.192188 0.162500 0.192188 0.164583 0.190625 0.166667 0.190625 0.168750 0.190625 0.170833 0.190625 0.172917 0.193750 0.175000 0.195312 0.179167 0.195312 0.179167 0.198437 0.179167 0.201563 0.183333 0.203125 0.183333 0.204687 0.183333 0.207813 0.183333 0.207813 0.181250 0.207813 0.179167 0.210938 0.175000 0.210938 0.172917 0.210938 0.166667 0.210938 0.162500 0.210938 0.162500
1 0.173437 0.154167 0.170313 0.154167 0.168750 0.154167 0.165625 0.154167 0.162500 0.154167 0.159375 0.154167 0.156250 0.154167 0.156250 0.152083 0.153125 0.152083 0.153125 0.152083 0.151562 0.154167 0.151562 0.158333 0.151562 0.160417 0.153125 0.162500 0.153125 0.162500 0.156250 0.162500 0.156250 0.162500 0.159375 0.162500 0.164062 0.166667 0.165625 0.166667 0.168750 0.166667 0.170313 0.166667 0.171875 0.166667 0.171875 0.162500 0.173437 0.158333 0.173437 0.156250 0.173437 0.152083 0.173437 0.152083
1 0.137500 0.145833 0.135937 0.143750 0.131250 0.141667 0.131250 0.141667 0.128125 0.141667 0.126562 0.141667 0.125000 0.141667 0.123438 0.141667 0.120313 0.141667 0.118750 0.141667 0.118750 0.143750 0.118750 0.145833 0.120313 0.147917 0.120313 0.150000 0.121875 0.150000 0.123438 0.150000 0.125000 0.150000 0.128125 0.152083 0.128125 0.152083 0.131250 0.152083 0.131250 0.150000 0.131250 0.147917 0.134375 0.145833 0.137500 0.141667 0.139063 0.141667 0.140625 0.141667
1 0.085938 0.129167 0.084375 0.129167 0.081250 0.129167 0.079687 0.129167 0.076563 0.129167 0.075000 0.129167 0.075000 0.129167 0.073438 0.131250 0.071875 0.135417 0.070312 0.139583 0.071875 0.139583 0.073438 0.141667 0.075000 0.141667 0.076563 0.143750 0.079687 0.145833 0.079687 0.145833 0.081250 0.145833 0.082812 0.145833 0.082812 0.141667 0.084375 0.139583 0.084375 0.137500 0.084375 0.133333 0.085938 0.133333 0.085938 0.133333
1 0.056250 0.122917 0.056250 0.122917 0.053125 0.122917 0.051562 0.122917 0.050000 0.122917 0.046875 0.122917 0.046875 0.125000 0.046875 0.127083 0.046875 0.129167 0.046875 0.131250 0.046875 0.133333 0.050000 0.133333 0.050000 0.133333 0.051562 0.133333 0.053125 0.133333 0.056250 0.133333 0.056250 0.129167 0.056250 0.129167 0.057813 0.125000 0.057813 0.122917 0.057813 0.118750 0.059375 0.118750
2 0.237500 0.166667 0.234375 0.166667 0.231250 0.166667 0.225000 0.166667 0.221875 0.164583 0.218750 0.164583 0.215625 0.164583 0.210938 0.166667 0.210938 0.170833 0.210938 0.175000 0.214062 0.177083 0.215625 0.179167 0.218750 0.181250 0.221875 0.183333 0.225000 0.185417 0.226562 0.185417 0.231250 0.183333 0.234375 0.181250 0.234375 0.179167 0.237500 0.175000 0.240625 0.172917 0.240625 0.170833
2 0.193750 0.158333 0.190625 0.158333 0.185938 0.154167 0.184375 0.154167 0.182812 0.152083 0.179688 0.152083 0.178125 0.154167 0.178125 0.154167 0.175000 0.156250 0.173437 0.156250 0.173437 0.158333 0.171875 0.166667 0.171875 0.166667 0.173437 0.166667 0.176563 0.166667 0.179688 0.166667 0.182812 0.166667 0.182812 0.166667 0.185938 0.166667 0.185938 0.166667 0.189062 0.166667 0.190625 0.162500 0.190625 0.160417 0.190625 0.158333 0.190625 0.158333
2 0.151562 0.150000 0.151562 0.147917 0.150000 0.141667 0.148438 0.139583 0.146875 0.139583 0.145313 0.139583 0.143750 0.139583 0.140625 0.139583 0.137500 0.139583 0.135937 0.139583 0.134375 0.141667 0.132812 0.141667 0.132812 0.145833 0.134375 0.145833 0.134375 0.150000 0.134375 0.150000 0.134375 0.152083 0.135937 0.154167 0.140625 0.158333 0.140625 0.158333 0.143750 0.160417 0.143750 0.160417 0.143750 0.158333 0.145313 0.154167 0.148438 0.147917 0.148438 0.145833 0.150000 0.145833
2 0.117188 0.137500 0.114062 0.133333 0.110937 0.133333 0.106250 0.133333 0.103125 0.131250 0.101562 0.129167 0.098437 0.129167 0.095312 0.129167 0.092188 0.129167 0.089063 0.129167 0.089063 0.133333 0.093750 0.137500 0.098437 0.139583 0.101562 0.139583 0.104688 0.139583 0.107813 0.139583 0.109375 0.143750 0.110937 0.143750 0.110937 0.139583 0.112500 0.137500 0.114062 0.135417
2 0.071875 0.122917 0.068750 0.122917 0.065625 0.125000 0.062500 0.125000 0.060937 0.125000 0.059375 0.127083 0.059375 0.129167 0.059375 0.129167 0.056250 0.131250 0.056250 0.133333 0.054688 0.135417 0.056250 0.135417 0.059375 0.135417 0.060937 0.135417 0.064062 0.135417 0.067187 0.135417 0.068750 0.135417 0.068750 0.133333 0.070312 0.129167 0.071875 0.125000 0.071875 0.118750 0.071875 0.116667
2 0.050000 0.116667 0.046875 0.116667 0.045312 0.116667 0.043750 0.114583 0.042188 0.114583 0.040625 0.114583 0.037500 0.110417 0.035937 0.110417 0.034375 0.110417 0.031250 0.114583 0.031250 0.114583 0.026562 0.116667 0.029687 0.116667 0.031250 0.118750 0.031250 0.120833 0.032813 0.122917 0.032813 0.125000 0.034375 0.129167 0.035937 0.129167 0.037500 0.129167 0.039062 0.129167 0.040625 0.127083 0.040625 0.125000 0.042188 0.122917 0.043750 0.122917 0.043750 0.120833
4 0.731250 0.989583 0.723437 0.983333 0.717187 0.977083 0.709375 0.964583 0.701562 0.960417 0.690625 0.947917 0.682813 0.947917 0.678125 0.947917 0.673438 0.960417 0.667188 0.970833 0.664062 0.977083 0.659375 0.983333 0.657813 0.989583 0.664062 0.993750 0.675000 0.997917 0.682813 1.000000 0.687500 1.000000 0.696875 1.000000 0.709375 1.000000 0.715625 1.000000 0.721875 1.000000 0.725000 0.993750 0.726562 0.989583
7 0.173437 0.291667 0.176563 0.295833 0.176563 0.304167 0.179688 0.308333 0.182812 0.314583 0.185938 0.322917 0.190625 0.320833 0.195312 0.318750 0.203125 0.314583 0.218750 0.304167 0.225000 0.297917 0.232813 0.291667 0.232813 0.285417 0.232813 0.277083 0.228125 0.272917 0.225000 0.264583 0.220312 0.262500 0.215625 0.258333 0.207813 0.258333 0.198437 0.262500 0.189062 0.270833 0.179688 0.279167 0.175000 0.285417 0.168750 0.291667
6 0.203125 0.254167 0.195312 0.250000 0.187500 0.243750 0.178125 0.239583 0.168750 0.239583 0.159375 0.237500 0.151562 0.237500 0.145313 0.237500 0.146875 0.243750 0.150000 0.247917 0.156250 0.252083 0.160938 0.258333 0.168750 0.264583 0.175000 0.268750 0.181250 0.275000 0.185938 0.275000 0.190625 0.279167 0.196875 0.279167 0.204687 0.279167 0.207813 0.279167 0.207813 0.266667 0.206250 0.260417
1 0.178125 0.243750 0.176563 0.243750 0.175000 0.243750 0.171875 0.243750 0.168750 0.243750 0.167187 0.243750 0.164062 0.243750 0.162500 0.243750 0.159375 0.243750 0.156250 0.245833 0.156250 0.247917 0.156250 0.250000 0.156250 0.252083 0.159375 0.254167 0.160938 0.256250 0.162500 0.258333 0.164062 0.258333 0.165625 0.260417 0.168750 0.262500 0.170313 0.262500 0.173437 0.262500 0.175000 0.258333 0.176563 0.254167 0.178125 0.254167 0.178125 0.252083 0.178125 0.250000
2 0.204687 0.262500 0.203125 0.258333 0.200000 0.256250 0.196875 0.254167 0.195312 0.254167 0.190625 0.254167 0.187500 0.254167 0.182812 0.254167 0.181250 0.256250 0.178125 0.258333 0.176563 0.262500 0.173437 0.264583 0.173437 0.268750 0.178125 0.270833 0.184375 0.272917 0.187500 0.275000 0.190625 0.275000 0.193750 0.275000 0.195312 0.275000 0.200000 0.275000 0.203125 0.272917 0.204687 0.266667 0.204687 0.262500
2 0.154688 0.237500 0.153125 0.237500 0.150000 0.237500 0.148438 0.237500 0.146875 0.235417 0.145313 0.235417 0.143750 0.235417 0.140625 0.235417 0.140625 0.239583 0.140625 0.243750 0.140625 0.243750 0.143750 0.245833 0.146875 0.245833 0.148438 0.245833 0.150000 0.245833 0.151562 0.245833 0.153125 0.243750 0.153125 0.243750 0.153125 0.239583 0.154688 0.239583 0.154688 0.235417
6 0.017188 0.166667 0.000000 0.166667 0.003125 0.181250 0.017188 0.187500 0.034375 0.195833 0.051562 0.206250 0.068750 0.212500 0.082812 0.218750 0.104688 0.222917 0.118750 0.231250 0.137500 0.239583 0.146875 0.243750 0.142187 0.231250 0.131250 0.218750 0.114062 0.214583 0.096875 0.210417 0.079687 0.202083 0.059375 0.183333 0.046875 0.175000 0.031250 0.170833 0.015625 0.166667
2 0.154688 0.237500 0.153125 0.237500 0.150000 0.235417 0.148438 0.235417 0.146875 0.235417 0.143750 0.233333 0.142187 0.231250 0.140625 0.229167 0.137500 0.229167 0.135937 0.229167 0.134375 0.229167 0.134375 0.231250 0.134375 0.235417 0.134375 0.235417 0.134375 0.239583 0.135937 0.239583 0.135937 0.241667 0.140625 0.245833 0.143750 0.245833 0.146875 0.247917 0.150000 0.250000 0.151562 0.250000 0.153125 0.247917 0.153125 0.243750 0.153125 0.243750
2 0.089063 0.210417 0.089063 0.208333 0.085938 0.208333 0.082812 0.206250 0.082812 0.206250 0.081250 0.206250 0.079687 0.206250 0.078125 0.206250 0.076563 0.206250 0.076563 0.206250 0.075000 0.206250 0.075000 0.206250 0.075000 0.206250 0.075000 0.208333 0.075000 0.210417 0.075000 0.210417 0.075000 0.212500 0.076563 0.212500 0.078125 0.212500 0.079687 0.212500 0.079687 0.212500 0.081250 0.212500 0.082812 0.212500 0.082812 0.212500 0.085938 0.212500 0.085938 0.212500 0.085938 0.212500 0.087500 0.212500 0.089063 0.212500 0.089063 0.212500 0.089063 0.210417 0.089063 0.210417 0.089063 0.210417
1 0.110937 0.218750 0.107813 0.218750 0.104688 0.214583 0.101562 0.212500 0.101562 0.212500 0.098437 0.212500 0.095312 0.210417 0.093750 0.210417 0.092188 0.210417 0.092188 0.214583 0.092188 0.216667 0.092188 0.218750 0.093750 0.222917 0.095312 0.222917 0.098437 0.227083 0.100000 0.227083 0.101562 0.227083 0.106250 0.229167 0.110937 0.229167 0.110937 0.229167 0.112500 0.227083 0.112500 0.222917 0.112500 0.220833 0.112500 0.218750
1 0.071875 0.197917 0.070312 0.197917 0.065625 0.195833 0.064062 0.195833 0.062500 0.195833 0.059375 0.195833 0.059375 0.197917 0.056250 0.197917 0.056250 0.200000 0.053125 0.202083 0.053125 0.202083 0.056250 0.204167 0.059375 0.206250 0.060937 0.206250 0.064062 0.206250 0.065625 0.206250 0.068750 0.206250 0.070312 0.206250 0.071875 0.206250 0.071875 0.206250 0.075000 0.202083 0.075000 0.202083
1 0.043750 0.183333 0.043750 0.183333 0.042188 0.183333 0.039062 0.183333 0.037500 0.183333 0.037500 0.183333 0.034375 0.183333 0.034375 0.183333 0.034375 0.183333 0.031250 0.183333 0.031250 0.183333 0.031250 0.183333 0.031250 0.185417 0.031250 0.187500 0.031250 0.189583 0.031250 0.189583 0.031250 0.189583 0.031250 0.189583 0.034375 0.193750 0.034375 0.193750 0.035937 0.193750 0.040625 0.195833 0.040625 0.195833 0.040625 0.195833 0.043750 0.197917 0.043750 0.197917 0.043750 0.195833 0.043750 0.193750 0.043750 0.193750 0.043750 0.191667 0.043750 0.189583 0.043750 0.187500 0.043750 0.185417 0.043750 0.185417
1 0.020313 0.175000 0.018750 0.175000 0.018750 0.172917 0.017188 0.170833 0.017188 0.170833 0.015625 0.170833 0.014063 0.168750 0.014063 0.168750 0.012500 0.168750 0.010937 0.168750 0.010937 0.170833 0.010937 0.170833 0.010937 0.172917 0.009375 0.172917 0.009375 0.172917 0.009375 0.175000 0.009375 0.175000 0.009375 0.177083 0.009375 0.181250 0.009375 0.183333 0.009375 0.183333 0.010937 0.183333 0.012500 0.183333 0.014063 0.183333 0.017188 0.183333 0.017188 0.183333 0.017188 0.183333 0.018750 0.183333 0.020313 0.183333 0.020313 0.183333 0.020313 0.183333 0.021875 0.183333 0.021875 0.183333
2 0.064062 0.191667 0.062500 0.191667 0.059375 0.189583 0.056250 0.187500 0.056250 0.185417 0.053125 0.183333 0.051562 0.183333 0.050000 0.183333 0.048438 0.183333 0.048438 0.187500 0.048438 0.189583 0.046875 0.195833 0.046875 0.197917 0.046875 0.197917 0.048438 0.202083 0.050000 0.202083 0.051562 0.202083 0.053125 0.200000 0.054688 0.197917 0.056250 0.195833 0.056250 0.193750 0.057813 0.193750 0.059375 0.191667 0.059375 0.189583
2 0.031250 0.177083 0.031250 0.175000 0.026562 0.175000 0.026562 0.172917 0.023438 0.172917 0.021875 0.172917 0.021875 0.175000 0.021875 0.179167 0.021875 0.183333 0.021875 0.187500 0.021875 0.189583 0.023438 0.189583 0.026562 0.189583 0.029687 0.189583 0.031250 0.189583 0.031250 0.185417 0.032813 0.183333 0.032813 0.179167 0.032813 0.175000 0.034375 0.172917
2 0.006250 0.166667 0.004687 0.166667 0.004687 0.166667 0.001563 0.166667 0.001563 0.166667 0.001563 0.166667 0.000000 0.168750 0.000000 0.170833 0.000000 0.170833 -0.001563 0.170833 -0.001563 0.172917 -0.001563 0.172917 0.000000 0.175000 0.000000 0.175000 0.000000 0.175000 0.001563 0.175000 0.001563 0.175000 0.001563 0.177083 0.004687 0.179167 0.004687 0.179167 0.004687 0.179167 0.006250 0.179167 0.006250 0.179167 0.006250 0.177083 0.006250 0.175000 0.006250 0.172917 0.006250 0.172917 0.006250 0.170833 0.007812 0.170833 0.007812 0.170833 0.007812 0.170833
7 0.160938 0.268750 0.135937 0.252083 0.118750 0.239583 0.104688 0.239583 0.085938 0.237500 0.078125 0.239583 0.070312 0.252083 0.059375 0.258333 0.051562 0.268750 0.050000 0.289583 0.050000 0.304167 0.059375 0.312500 0.075000 0.327083 0.089063 0.335417 0.110937 0.343750 0.126562 0.347917 0.137500 0.345833 0.150000 0.318750 0.165625 0.293750 0.167187 0.270833 0.159375 0.262500
7 0.118750 0.341667 0.089063 0.327083 0.073438 0.318750 0.059375 0.314583 0.050000 0.312500 0.043750 0.316667 0.034375 0.331250 0.026562 0.341667 0.025000 0.350000 0.023438 0.368750 0.023438 0.379167 0.034375 0.387500 0.048438 0.400000 0.056250 0.404167 0.064062 0.410417 0.079687 0.416667 0.085938 0.418750 0.095312 0.416667 0.117188 0.391667 0.126562 0.379167 0.131250 0.372917 0.128125 0.350000 0.123438 0.341667
7 0.035937 0.418750 0.021875 0.418750 0.015625 0.420833 0.010937 0.425000 0.004687 0.437500 0.000000 0.447917 0.000000 0.454167 -0.001563 0.464583 0.001563 0.472917 0.007812 0.481250 0.014063 0.489583 0.017188 0.497917 0.025000 0.502083 0.032813 0.504167 0.040625 0.506250 0.048438 0.500000 0.057813 0.487500 0.068750 0.472917 0.076563 0.464583 0.071875 0.460417 0.056250 0.447917 0.046875 0.437500 0.039062 0.425000 0.034375 0.420833
