4 0.556250 0.002083 0.568750 0.006250 0.581250 0.012500 0.587500 0.014583 0.593750 0.018750 0.596875 0.022917 0.604688 0.025000 0.610938 0.027083 0.618750 0.027083 0.623437 0.020833 0.629687 0.014583 0.635938 0.004167 0.637500 0.000000 0.629687 0.000000 0.623437 -0.002083 0.615625 -0.002083 0.607812 -0.002083 0.601562 -0.002083 0.593750 -0.002083 0.584375 -0.002083 0.575000 -0.002083 0.568750 0.000000 0.560937 0.000000
3 0.809375 0.012500 0.800000 0.004167 0.792188 0.000000 0.781250 0.000000 0.773438 0.004167 0.775000 0.014583 0.775000 0.029167 0.776563 0.041667 0.778125 0.054167 0.778125 0.066667 0.778125 0.081250 0.784375 0.089583 0.790625 0.097917 0.796875 0.110417 0.801562 0.118750 0.803125 0.112500 0.807813 0.095833 0.809375 0.077083 0.809375 0.058333 0.809375 0.041667 0.807813 0.027083 0.806250 0.014583
3 0.640625 0.014583 0.634375 0.010417 0.625000 0.010417 0.620313 0.018750 0.623437 0.027083 0.625000 0.037500 0.628125 0.047917 0.629687 0.058333 0.631250 0.068750 0.634375 0.083333 0.637500 0.095833 0.637500 0.102083 0.642188 0.095833 0.645312 0.087500 0.648438 0.077083 0.648438 0.064583 0.648438 0.054167 0.648438 0.041667 0.646875 0.033333 0.643750 0.022917 0.642188 0.014583
7 0.935937 0.037500 0.923438 0.037500 0.914062 0.037500 0.904687 0.043750 0.896875 0.052083 0.890625 0.058333 0.882812 0.064583 0.873437 0.072917 0.870313 0.081250 0.876563 0.091667 0.882812 0.104167 0.885938 0.114583 0.890625 0.125000 0.901563 0.125000 0.910937 0.125000 0.920312 0.125000 0.926562 0.118750 0.935937 0.095833 0.939063 0.085417 0.939063 0.070833 0.939063 0.056250 0.937500 0.043750
7 0.471875 0.102083 0.465625 0.091667 0.454688 0.083333 0.439063 0.085417 0.426563 0.091667 0.420312 0.108333 0.421875 0.129167 0.426563 0.139583 0.442188 0.147917 0.453125 0.152083 0.467187 0.150000 0.479687 0.150000 0.490625 0.156250 0.501563 0.162500 0.507812 0.150000 0.520312 0.139583 0.515625 0.122917 0.507812 0.108333 0.498437 0.102083 0.482812 0.102083 0.471875 0.110417
7 0.479687 0.139583 0.468750 0.150000 0.457813 0.162500 0.443750 0.175000 0.428125 0.185417 0.420312 0.200000 0.414062 0.216667 0.415625 0.237500 0.425000 0.245833 0.434375 0.252083 0.450000 0.250000 0.459375 0.233333 0.462500 0.212500 0.467187 0.197917 0.479687 0.204167 0.493750 0.206250 0.504687 0.193750 0.510938 0.179167 0.501563 0.166667 0.493750 0.152083 0.484375 0.141667
7 0.782813 0.308333 0.768750 0.316667 0.764062 0.335417 0.762500 0.358333 0.764062 0.381250 0.779687 0.395833 0.792188 0.412500 0.806250 0.420833 0.820312 0.431250 0.835938 0.439583 0.845313 0.427083 0.850000 0.406250 0.862500 0.395833 0.864062 0.379167 0.854688 0.362500 0.843750 0.352083 0.828125 0.350000 0.817187 0.335417 0.809375 0.316667 0.796875 0.306250 0.781250 0.308333
7 0.828125 0.595833 0.776563 0.560417 0.725000 0.531250 0.692187 0.543750 0.682813 0.585417 0.670312 0.637500 0.650000 0.693750 0.640625 0.750000 0.632812 0.789583 0.618750 0.839583 0.628125 0.877083 0.656250 0.900000 0.695312 0.910417 0.737500 0.920833 0.768750 0.902083 0.773438 0.854167 0.782813 0.806250 0.795312 0.758333 0.809375 0.693750 0.814063 0.635417 0.828125 0.589583
7 0.957812 0.579167 0.918750 0.570833 0.884375 0.560417 0.850000 0.562500 0.832812 0.585417 0.821875 0.622917 0.818750 0.679167 0.818750 0.727083 0.825000 0.793750 0.826562 0.831250 0.831250 0.862500 0.862500 0.862500 0.895312 0.862500 0.929688 0.862500 0.957812 0.860417 0.968750 0.818750 0.964063 0.775000 0.964063 0.720833 0.964063 0.662500 0.964063 0.616667 0.959375 0.585417
8 0.875000 0.297917 0.851562 0.300000 0.837500 0.314583 0.829688 0.341667 0.840625 0.362500 0.859375 0.379167 0.879687 0.400000 0.900000 0.420833 0.920312 0.433333 0.937500 0.447917 0.954688 0.464583 0.976562 0.460417 0.985938 0.439583 0.985938 0.406250 0.978125 0.385417 0.964063 0.368750 0.945312 0.356250 0.926562 0.341667 0.904687 0.325000 0.882812 0.306250 0.865625 0.297917
8 0.531250 0.233333 0.512500 0.243750 0.496875 0.260417 0.481250 0.272917 0.465625 0.295833 0.448437 0.314583 0.432812 0.337500 0.425000 0.358333 0.437500 0.379167 0.451562 0.391667 0.467187 0.404167 0.479687 0.389583 0.496875 0.379167 0.509375 0.362500 0.520312 0.341667 0.535937 0.322917 0.548438 0.302083 0.562500 0.287500 0.564063 0.266667 0.551562 0.250000 0.534375 0.233333
