3 0.328125 0.197917 0.040625 0.095833
3 0.255469 0.270833 0.051562 0.070833
3 0.325000 0.366667 0.040625 0.041667
3 0.457031 0.298958 0.035937 0.110417
7 0.507812 0.536458 0.121875 0.102083
7 0.087500 0.973958 0.134375 0.147917
7 0.052344 0.702083 0.101562 0.304167
7 0.207031 0.595833 0.039062 0.120833
7 0.186719 0.253125 0.085938 0.068750
7 0.232813 0.204167 0.050000 0.083333
0 0.307031 0.096875 0.054688 0.110417
0 0.306250 0.205208 0.062500 0.152083
0 0.272656 0.667708 0.067187 0.189583
0 0.259375 0.854167 0.068750 0.191667
