7 0.135937 0.125000 0.146875 0.054167 0.162500 0.014583 0.125000 0.006250 0.095312 0.004167 0.062500 0.004167 0.031250 0.004167 0.004687 0.004167 -0.010937 0.043750 -0.012500 0.089583 -0.010937 0.133333 -0.001563 0.177083 0.000000 0.210417 0.001563 0.245833 0.004687 0.268750 0.028125 0.268750 0.060937 0.266667 0.081250 0.262500 0.093750 0.214583 0.107813 0.172917 0.128125 0.129167
7 0.000000 0.456250 0.004687 0.516667 0.006250 0.556250 0.004687 0.595833 -0.001563 0.635417 -0.003125 0.666667 -0.006250 0.706250 -0.006250 0.735417 0.004687 0.754167 0.023438 0.762500 0.034375 0.733333 0.048438 0.704167 0.068750 0.652083 0.079687 0.616667 0.098437 0.572917 0.114062 0.527083 0.123438 0.500000 0.082812 0.485417 0.057813 0.481250 0.026562 0.477083 0.001563 0.462500
7 0.818750 0.033333 0.835938 0.033333 0.871875 0.037500 0.884375 0.037500 0.890625 0.041667 0.901563 0.045833 0.910937 0.050000 0.920312 0.054167 0.928125 0.054167 0.928125 0.031250 0.929688 0.012500 0.929688 0.000000 0.932813 -0.008333 0.892188 -0.004167 0.860938 0.002083 0.851562 0.004167 0.843750 0.006250 0.832812 0.004167 0.821875 0.004167 0.821875 0.018750 0.821875 0.029167 0.821875 0.037500
1 0.647656 0.068750 0.045312 0.050000
1 0.703125 0.185417 0.081250 0.070833
1 0.803125 0.373958 0.087500 0.122917
1 0.925000 0.656250 0.128125 0.183333
1 0.415625 0.734375 0.090625 0.256250
1 0.395313 0.056250 0.043750 0.045833
1 0.400781 0.179167 0.042188 0.091667
1 0.409375 0.353125 0.053125 0.106250
1 0.884375 0.064583 0.887500 0.066667 0.889062 0.072917 0.890625 0.077083 0.890625 0.083333 0.890625 0.085417 0.900000 0.085417 0.912500 0.085417 0.923438 0.085417 0.932813 0.085417 0.940625 0.085417 0.945312 0.085417 0.948438 0.085417 0.951562 0.085417 0.953125 0.085417 0.954688 0.085417 0.954688 0.089583 0.954688 0.085417 0.951562 0.081250 0.948438 0.077083 0.945312 0.077083 0.945312 0.075000 0.945312 0.070833 0.945312 0.066667
1 0.942187 0.220833 0.948438 0.231250 0.957812 0.245833 0.962500 0.254167 0.968750 0.262500 0.975000 0.270833 0.984375 0.279167 0.990625 0.287500 1.000000 0.295833 1.007812 0.302083 1.007812 0.289583 1.009375 0.281250 1.003125 0.266667 0.998437 0.258333 0.992188 0.250000 0.984375 0.237500 0.978125 0.229167 0.971875 0.220833 0.965625 0.214583 0.956250 0.212500 0.943750 0.218750
1 0.868750 0.114583 0.870313 0.125000 0.878125 0.133333 0.882812 0.141667 0.885938 0.150000 0.890625 0.154167 0.893750 0.156250 0.903125 0.158333 0.906250 0.162500 0.914062 0.162500 0.921875 0.158333 0.926562 0.154167 0.926562 0.145833 0.926562 0.137500 0.918750 0.131250 0.914062 0.127083 0.907813 0.122917 0.903125 0.118750 0.896875 0.114583 0.893750 0.114583 0.887500 0.110417 0.881250 0.110417 0.871875 0.110417
2 0.398438 0.106250 0.050000 0.058333
2 0.408594 0.266667 0.057813 0.070833
2 0.416406 0.493750 0.073438 0.212500
2 0.646875 0.091667 0.645312 0.104167 0.646875 0.120833 0.650000 0.133333 0.651563 0.137500 0.654687 0.141667 0.660937 0.145833 0.668750 0.150000 0.676562 0.150000 0.681250 0.150000 0.687500 0.150000 0.692187 0.145833 0.696875 0.141667 0.700000 0.135417 0.693750 0.129167 0.687500 0.120833 0.682813 0.116667 0.676562 0.110417 0.671875 0.106250 0.667188 0.102083 0.660937 0.097917 0.656250 0.095833 0.648438 0.097917
2 0.706250 0.227083 0.714063 0.243750 0.725000 0.268750 0.735938 0.291667 0.739062 0.302083 0.745313 0.310417 0.753125 0.314583 0.762500 0.308333 0.770312 0.306250 0.778125 0.302083 0.781250 0.291667 0.767188 0.275000 0.760938 0.268750 0.756250 0.258333 0.751563 0.243750 0.746875 0.235417 0.743750 0.222917 0.735938 0.216667 0.729688 0.216667 0.721875 0.222917 0.710938 0.227083 0.709375 0.252083
2 0.809375 0.439583 0.817187 0.464583 0.823438 0.481250 0.831250 0.500000 0.839063 0.514583 0.851562 0.537500 0.859375 0.554167 0.867188 0.564583 0.878125 0.560417 0.893750 0.558333 0.903125 0.554167 0.900000 0.543750 0.893750 0.527083 0.887500 0.512500 0.881250 0.497917 0.875000 0.483333 0.867188 0.470833 0.862500 0.460417 0.859375 0.445833 0.851562 0.437500 0.825000 0.439583 0.821875 0.462500
2 0.935937 0.768750 0.948438 0.791667 0.960938 0.822917 0.975000 0.852083 0.985938 0.881250 0.995313 0.904167 1.001562 0.922917 1.009375 0.931250 1.020312 0.912500 1.020312 0.897917 1.020312 0.885417 1.017187 0.866667 1.009375 0.852083 1.003125 0.835417 1.000000 0.818750 0.995313 0.804167 0.990625 0.787500 0.982812 0.770833 0.968750 0.766667 0.954688 0.770833 0.934375 0.770833
2 0.825000 0.066667 0.832812 0.077083 0.839063 0.089583 0.845313 0.100000 0.850000 0.102083 0.854688 0.106250 0.860938 0.110417 0.865625 0.114583 0.875000 0.114583 0.878125 0.104167 0.878125 0.093750 0.878125 0.085417 0.868750 0.079167 0.864062 0.077083 0.857812 0.072917 0.848437 0.068750 0.843750 0.064583 0.837500 0.060417 0.832812 0.060417 0.829688 0.066667
2 0.906250 0.162500 0.907813 0.168750 0.910937 0.177083 0.915625 0.183333 0.920312 0.191667 0.929688 0.202083 0.934375 0.204167 0.940625 0.206250 0.943750 0.210417 0.948438 0.210417 0.953125 0.212500 0.957812 0.212500 0.957812 0.204167 0.956250 0.195833 0.953125 0.189583 0.942187 0.181250 0.923438 0.177083 0.918750 0.175000 0.915625 0.170833 0.910937 0.166667 0.906250 0.166667 0.906250 0.166667
