7 0.203125 0.010417 0.198437 0.020833 0.195312 0.039583 0.190625 0.054167 0.196875 0.072917 0.207813 0.077083 0.218750 0.079167 0.231250 0.079167 0.243750 0.072917 0.253125 0.064583 0.262500 0.052083 0.268750 0.037500 0.270313 0.020833 0.270313 0.008333 0.264062 0.000000 0.253125 -0.006250 0.240625 -0.006250 0.228125 -0.004167 0.218750 -0.002083 0.210938 0.004167 0.201563 0.010417
7 0.001563 0.050000 0.000000 0.072917 -0.004687 0.106250 -0.004687 0.125000 -0.001563 0.150000 0.001563 0.177083 0.001563 0.202083 0.000000 0.222917 0.020313 0.227083 0.042188 0.222917 0.056250 0.210417 0.065625 0.183333 0.071875 0.150000 0.076563 0.118750 0.082812 0.093750 0.089063 0.068750 0.092188 0.050000 0.068750 0.050000 0.039062 0.050000 0.015625 0.050000 0.000000 0.050000
7 -0.001563 0.564583 0.000000 0.577083 0.000000 0.593750 0.000000 0.610417 0.000000 0.627083 0.000000 0.641667 0.000000 0.662500 0.000000 0.675000 -0.001563 0.691667 0.003125 0.683333 0.010937 0.666667 0.017188 0.650000 0.021875 0.637500 0.031250 0.616667 0.035937 0.600000 0.034375 0.583333 0.021875 0.581250 0.014063 0.577083 0.004687 0.570833 0.000000 0.577083 -0.001563 0.589583
7 0.623437 0.012500 0.625000 0.020833 0.645312 0.029167 0.662500 0.031250 0.675000 0.037500 0.676562 0.054167 0.685937 0.062500 0.698438 0.058333 0.701562 0.041667 0.715625 0.039583 0.729688 0.035417 0.773438 -0.014583 0.779687 -0.025000 0.757812 -0.012500 0.734375 -0.006250 0.706250 0.000000 0.687500 0.000000 0.660937 0.000000 0.645312 0.000000 0.629687 -0.004167 0.617188 -0.004167
1 0.704688 0.037500 0.703125 0.041667 0.703125 0.052083 0.701562 0.060417 0.700000 0.064583 0.703125 0.068750 0.710938 0.072917 0.718750 0.072917 0.723437 0.075000 0.732812 0.077083 0.740625 0.077083 0.748437 0.077083 0.753125 0.077083 0.757812 0.077083 0.760938 0.077083 0.764062 0.077083 0.767188 0.077083 0.770312 0.077083 0.771875 0.068750 0.773438 0.064583 0.773438 0.056250 0.773438 0.047917 0.776563 0.041667 0.776563 0.037500 0.776563 0.033333
1 0.856250 0.058333 0.856250 0.068750 0.856250 0.081250 0.856250 0.087500 0.856250 0.093750 0.862500 0.093750 0.867188 0.093750 0.875000 0.093750 0.881250 0.093750 0.885938 0.093750 0.892188 0.093750 0.898438 0.093750 0.904687 0.093750 0.909375 0.095833 0.915625 0.095833 0.918750 0.100000 0.923438 0.102083 0.925000 0.097917 0.925000 0.089583 0.925000 0.081250 0.925000 0.077083 0.925000 0.066667 0.925000 0.058333 0.926562 0.050000
1 0.978125 0.097917 0.978125 0.100000 0.978125 0.102083 0.978125 0.106250 0.979688 0.110417 0.981250 0.114583 0.982812 0.118750 0.982812 0.122917 0.982812 0.125000 0.984375 0.127083 0.987500 0.127083 0.990625 0.129167 0.995313 0.129167 0.998437 0.129167 1.000000 0.129167 1.003125 0.129167 1.004687 0.129167 1.004687 0.125000 1.004687 0.118750 1.004687 0.116667 1.004687 0.114583 1.004687 0.110417 1.004687 0.110417 1.004687 0.106250 1.004687 0.104167 1.004687 0.102083 1.004687 0.097917 1.004687 0.095833 1.004687 0.093750
2 0.781250 0.043750 0.776563 0.058333 0.776563 0.072917 0.801562 0.077083 0.814063 0.079167 0.826562 0.081250 0.840625 0.085417 0.850000 0.089583 0.848437 0.075000 0.848437 0.064583 0.848437 0.054167 0.845313 0.043750 0.839063 0.041667 0.829688 0.041667 0.820312 0.039583 0.809375 0.039583 0.800000 0.039583 0.790625 0.039583 0.781250 0.039583 0.773438 0.050000 0.773438 0.060417
2 0.926562 0.077083 0.926562 0.083333 0.926562 0.089583 0.926562 0.095833 0.926562 0.100000 0.928125 0.106250 0.934375 0.106250 0.937500 0.106250 0.940625 0.108333 0.945312 0.110417 0.948438 0.110417 0.951562 0.110417 0.956250 0.112500 0.960938 0.112500 0.964063 0.112500 0.968750 0.112500 0.971875 0.112500 0.975000 0.110417 0.975000 0.100000 0.975000 0.093750 0.975000 0.089583 0.975000 0.085417 0.975000 0.081250 0.975000 0.075000
2 0.651563 0.039583 0.645312 0.039583 0.637500 0.041667 0.637500 0.056250 0.637500 0.075000 0.637500 0.085417 0.637500 0.100000 0.640625 0.106250 0.651563 0.110417 0.660937 0.110417 0.667188 0.110417 0.667188 0.091667 0.667188 0.077083 0.667188 0.068750 0.667188 0.054167 0.667188 0.039583 0.664062 0.031250 0.654687 0.031250 0.645312 0.033333 0.639062 0.033333 0.639062 0.045833 0.642188 0.058333
2 0.653125 0.246875 0.037500 0.085417
2 0.655469 0.465625 0.026562 0.097917
2 0.642969 0.696875 0.032813 0.147917
2 0.415625 0.193750 0.034375 0.095833
2 0.403906 0.396875 0.026562 0.097917
2 0.378125 0.642708 0.025000 0.118750
2 0.353906 0.903125 0.023438 0.118750
2 0.206250 0.158333 0.206250 0.168750 0.204687 0.181250 0.200000 0.197917 0.195312 0.212500 0.195312 0.222917 0.193750 0.235417 0.195312 0.243750 0.206250 0.243750 0.218750 0.243750 0.226562 0.239583 0.228125 0.218750 0.232813 0.204167 0.232813 0.191667 0.232813 0.175000 0.232813 0.164583 0.234375 0.150000 0.220312 0.145833 0.210938 0.147917 0.204687 0.156250 0.203125 0.172917 0.203125 0.185417
2 0.175000 0.360417 0.167187 0.375000 0.164062 0.387500 0.159375 0.397917 0.159375 0.406250 0.156250 0.416667 0.157812 0.425000 0.167187 0.425000 0.176563 0.425000 0.184375 0.425000 0.190625 0.425000 0.195312 0.404167 0.195312 0.383333 0.198437 0.370833 0.198437 0.360417 0.195312 0.352083 0.185938 0.350000 0.179688 0.347917 0.173437 0.350000 0.171875 0.364583
2 0.162500 0.558333 0.145313 0.554167 0.134375 0.550000 0.131250 0.564583 0.128125 0.581250 0.125000 0.600000 0.121875 0.616667 0.120313 0.633333 0.118750 0.645833 0.115625 0.662500 0.114062 0.675000 0.123438 0.677083 0.135937 0.679167 0.145313 0.679167 0.150000 0.662500 0.153125 0.645833 0.156250 0.618750 0.162500 0.597917 0.165625 0.579167 0.165625 0.564583 0.162500 0.550000
1 0.652344 0.155208 0.039062 0.089583
1 0.653125 0.353125 0.037500 0.127083
1 0.652344 0.573958 0.029687 0.114583
1 0.635938 0.840625 0.040625 0.139583
1 0.356250 0.700000 0.354687 0.718750 0.351562 0.737500 0.351562 0.754167 0.350000 0.775000 0.350000 0.787500 0.346875 0.804167 0.346875 0.818750 0.354687 0.827083 0.364063 0.827083 0.373437 0.831250 0.379688 0.829167 0.381250 0.810417 0.384375 0.791667 0.385937 0.777083 0.389062 0.754167 0.389062 0.737500 0.389062 0.718750 0.389062 0.704167 0.367188 0.702083 0.357812 0.702083
1 0.385937 0.445833 0.382812 0.472917 0.379688 0.491667 0.376563 0.506250 0.375000 0.520833 0.371875 0.533333 0.370312 0.545833 0.368750 0.560417 0.370312 0.570833 0.379688 0.572917 0.390625 0.572917 0.401562 0.577083 0.409375 0.572917 0.409375 0.545833 0.409375 0.529167 0.409375 0.510417 0.409375 0.493750 0.409375 0.477083 0.409375 0.462500 0.412500 0.447917 0.392188 0.443750
1 0.392188 0.239583 0.392188 0.260417 0.392188 0.268750 0.390625 0.277083 0.390625 0.287500 0.390625 0.300000 0.390625 0.312500 0.390625 0.322917 0.389062 0.331250 0.389062 0.339583 0.398438 0.341667 0.406250 0.341667 0.414062 0.341667 0.421875 0.341667 0.426563 0.335417 0.426563 0.322917 0.426563 0.308333 0.426563 0.295833 0.426563 0.287500 0.426563 0.272917 0.426563 0.254167 0.426563 0.239583
1 0.428125 0.056250 0.423438 0.068750 0.421875 0.079167 0.418750 0.089583 0.415625 0.100000 0.414062 0.108333 0.412500 0.118750 0.410938 0.131250 0.410938 0.141667 0.415625 0.143750 0.423438 0.143750 0.432812 0.145833 0.440625 0.145833 0.443750 0.133333 0.446875 0.118750 0.446875 0.108333 0.448437 0.093750 0.451562 0.083333 0.453125 0.072917 0.454688 0.064583 0.446875 0.058333 0.434375 0.058333
1 0.226562 0.072917 0.226562 0.085417 0.225000 0.093750 0.220312 0.104167 0.217188 0.110417 0.215625 0.122917 0.214062 0.133333 0.214062 0.145833 0.223438 0.145833 0.234375 0.145833 0.240625 0.145833 0.248438 0.143750 0.250000 0.133333 0.253125 0.118750 0.254688 0.104167 0.257812 0.093750 0.259375 0.085417 0.262500 0.072917 0.246875 0.070833 0.240625 0.070833 0.232813 0.070833
1 0.187500 0.237500 0.189062 0.252083 0.185938 0.266667 0.182812 0.279167 0.179688 0.293750 0.176563 0.302083 0.176563 0.314583 0.173437 0.327083 0.173437 0.339583 0.178125 0.345833 0.190625 0.341667 0.198437 0.341667 0.206250 0.339583 0.210938 0.314583 0.214062 0.287500 0.217188 0.275000 0.220312 0.258333 0.223438 0.245833 0.210938 0.239583 0.198437 0.239583 0.189062 0.239583
1 0.153125 0.416667 0.148438 0.435417 0.145313 0.452083 0.143750 0.468750 0.142187 0.481250 0.140625 0.495833 0.139063 0.510417 0.137500 0.525000 0.143750 0.533333 0.156250 0.535417 0.165625 0.535417 0.173437 0.512500 0.176563 0.500000 0.182812 0.485417 0.185938 0.466667 0.189062 0.452083 0.190625 0.435417 0.190625 0.420833 0.175000 0.416667 0.164062 0.414583 0.154688 0.418750
1 0.131250 0.695833 0.131250 0.695833 0.131250 0.695833 0.131250 0.695833 0.129688 0.695833 0.128125 0.695833 0.128125 0.695833
1 0.114062 0.685417 0.114062 0.704167 0.110937 0.722917 0.106250 0.735417 0.101562 0.754167 0.101562 0.772917 0.098437 0.789583 0.098437 0.806250 0.098437 0.820833 0.104688 0.827083 0.117188 0.827083 0.121875 0.816667 0.126562 0.800000 0.129688 0.781250 0.134375 0.764583 0.137500 0.747917 0.140625 0.727083 0.143750 0.706250 0.145313 0.693750 0.137500 0.683333 0.123438 0.685417 0.114062 0.693750
6 0.667188 0.033333 0.667188 0.077083 0.706250 0.091667 0.746875 0.093750 0.798438 0.093750 0.842187 0.100000 0.882812 0.110417 0.923438 0.114583 0.957812 0.120833 0.989062 0.129167 1.006250 0.112500 0.985938 0.089583 0.948438 0.085417 0.918750 0.083333 0.890625 0.072917 0.860938 0.062500 0.829688 0.054167 0.778125 0.043750 0.746875 0.037500 0.700000 0.029167 0.667188 0.033333
6 0.253125 0.064583 0.210938 0.110417 0.195312 0.189583 0.182812 0.268750 0.164062 0.350000 0.143750 0.429167 0.134375 0.506250 0.125000 0.589583 0.110937 0.687500 0.095312 0.775000 0.110937 0.835417 0.135937 0.762500 0.153125 0.681250 0.165625 0.602083 0.179688 0.520833 0.195312 0.443750 0.209375 0.352083 0.228125 0.262500 0.246875 0.179167 0.267188 0.097917 0.246875 0.060417
6 0.425000 0.054167 0.404687 0.129167 0.396875 0.218750 0.385937 0.306250 0.384375 0.395833 0.373437 0.508333 0.356250 0.604167 0.346875 0.706250 0.331250 0.822917 0.328125 0.920833 0.359375 0.952083 0.379688 0.864583 0.396875 0.768750 0.406250 0.666667 0.415625 0.566667 0.418750 0.481250 0.431250 0.379167 0.439063 0.293750 0.451562 0.170833 0.460938 0.079167 0.418750 0.056250
6 0.657813 0.060417 0.631250 0.095833 0.631250 0.166667 0.628125 0.262500 0.626563 0.350000 0.626563 0.456250 0.625000 0.535417 0.620313 0.629167 0.618750 0.791667 0.610938 0.872917 0.628125 0.920833 0.656250 0.858333 0.667188 0.768750 0.668750 0.695833 0.675000 0.604167 0.679688 0.502083 0.682813 0.408333 0.673438 0.322917 0.675000 0.231250 0.676562 0.131250 0.657813 0.054167
