0 0.767188 0.000000 0.765625 0.020833 0.776563 0.033333 0.793750 0.037500 0.810937 0.041667 0.829688 0.045833 0.848437 0.050000 0.864062 0.054167 0.881250 0.058333 0.898438 0.064583 0.912500 0.060417 0.918750 0.037500 0.917188 0.014583 0.906250 0.004167 0.890625 0.002083 0.867188 0.002083 0.843750 0.000000 0.825000 0.000000 0.806250 0.000000 0.789062 0.000000 0.771875 0.000000
0 0.671875 0.000000 0.682813 0.006250 0.690625 0.012500 0.696875 0.018750 0.701562 0.025000 0.709375 0.029167 0.717187 0.031250 0.726562 0.033333 0.735938 0.033333 0.745313 0.033333 0.751563 0.025000 0.751563 0.012500 0.751563 0.002083 0.742188 0.002083 0.731250 0.002083 0.720313 0.002083 0.710938 0.002083 0.701562 0.002083 0.692187 0.002083 0.681250 0.002083 0.673438 0.002083
0 0.312500 0.104167 0.282813 0.112500 0.257812 0.118750 0.229687 0.122917 0.228125 0.145833 0.228125 0.179167 0.231250 0.210417 0.231250 0.245833 0.228125 0.283333 0.226562 0.318750 0.234375 0.347917 0.259375 0.347917 0.285938 0.345833 0.315625 0.341667 0.321875 0.310417 0.321875 0.270833 0.320312 0.235417 0.318750 0.195833 0.318750 0.158333 0.318750 0.122917 0.312500 0.102083
0 0.304688 0.368750 0.275000 0.368750 0.246875 0.368750 0.217188 0.375000 0.210938 0.408333 0.214062 0.443750 0.218750 0.483333 0.218750 0.525000 0.214062 0.541667 0.218750 0.577083 0.221875 0.612500 0.243750 0.618750 0.270313 0.616667 0.298438 0.618750 0.317188 0.606250 0.317188 0.566667 0.320312 0.520833 0.315625 0.477083 0.312500 0.429167 0.312500 0.387500 0.298438 0.372917
7 0.673438 0.050000 0.667188 0.029167 0.654687 0.022917 0.632812 0.022917 0.621875 0.035417 0.614062 0.020833 0.601562 0.012500 0.582812 0.010417 0.565625 0.016667 0.557813 0.033333 0.556250 0.056250 0.556250 0.077083 0.567187 0.089583 0.585938 0.089583 0.603125 0.093750 0.621875 0.097917 0.637500 0.100000 0.656250 0.100000 0.670312 0.095833 0.676562 0.077083 0.676562 0.054167
7 0.231250 0.041667 0.214062 0.035417 0.203125 0.025000 0.193750 0.033333 0.184375 0.058333 0.178125 0.077083 0.171875 0.097917 0.168750 0.125000 0.165625 0.145833 0.167187 0.168750 0.184375 0.172917 0.198437 0.175000 0.210938 0.162500 0.218750 0.133333 0.212500 0.116667 0.198437 0.106250 0.206250 0.093750 0.221875 0.100000 0.229687 0.083333 0.235937 0.062500 0.231250 0.043750
7 0.054688 0.110417 0.037500 0.106250 0.020313 0.104167 0.004687 0.104167 0.001563 0.129167 -0.003125 0.150000 -0.004687 0.175000 -0.004687 0.202083 -0.006250 0.227083 -0.006250 0.252083 -0.006250 0.275000 -0.004687 0.295833 0.014063 0.295833 0.034375 0.291667 0.043750 0.283333 0.050000 0.254167 0.053125 0.227083 0.053125 0.204167 0.053125 0.175000 0.053125 0.143750 0.053125 0.118750
7 0.051562 0.295833 0.028125 0.295833 0.010937 0.295833 0.003125 0.306250 0.000000 0.329167 -0.003125 0.350000 -0.003125 0.375000 -0.001563 0.397917 -0.001563 0.420833 -0.001563 0.445833 -0.001563 0.468750 0.004687 0.485417 0.020313 0.487500 0.037500 0.485417 0.046875 0.472917 0.046875 0.445833 0.046875 0.420833 0.043750 0.391667 0.043750 0.364583 0.045312 0.335417 0.046875 0.310417
7 0.043750 0.647917 0.031250 0.645833 0.020313 0.639583 0.006250 0.635417 0.000000 0.641667 0.001563 0.658333 0.001563 0.677083 -0.001563 0.693750 -0.006250 0.710417 -0.004687 0.735417 -0.003125 0.752083 0.000000 0.766667 0.007812 0.775000 0.014063 0.770833 0.020313 0.756250 0.026562 0.743750 0.031250 0.727083 0.034375 0.710417 0.037500 0.693750 0.040625 0.677083 0.042188 0.660417
6 0.696875 0.077083 0.662500 0.085417 0.632812 0.095833 0.667188 0.110417 0.703125 0.116667 0.742188 0.127083 0.781250 0.135417 0.812500 0.145833 0.842187 0.143750 0.878125 0.154167 0.915625 0.162500 0.954688 0.179167 0.996875 0.185417 0.996875 0.154167 0.965625 0.141667 0.900000 0.133333 0.859375 0.122917 0.818750 0.110417 0.781250 0.097917 0.732812 0.083333 0.692187 0.077083
6 0.582812 0.087500 0.557813 0.139583 0.551562 0.231250 0.553125 0.322917 0.554688 0.408333 0.556250 0.493750 0.553125 0.593750 0.551562 0.702083 0.550000 0.789583 0.564063 0.847917 0.582812 0.787500 0.585938 0.704167 0.585938 0.616667 0.592187 0.520833 0.593750 0.431250 0.593750 0.343750 0.596875 0.254167 0.596875 0.143750 0.576562 0.083333 0.578125 0.083333 0.556250 0.129167
6 0.392188 0.102083 0.364063 0.127083 0.356250 0.200000 0.354687 0.277083 0.351562 0.358333 0.356250 0.452083 0.356250 0.539583 0.353125 0.629167 0.353125 0.722917 0.350000 0.814583 0.346875 0.895833 0.387500 0.893750 0.387500 0.802083 0.392188 0.718750 0.392188 0.627083 0.392188 0.533333 0.395313 0.400000 0.395313 0.302083 0.395313 0.195833 0.396875 0.106250 0.362500 0.114583
6 0.210938 0.172917 0.175000 0.179167 0.170313 0.243750 0.168750 0.306250 0.168750 0.372917 0.168750 0.439583 0.165625 0.510417 0.160938 0.579167 0.160938 0.650000 0.159375 0.725000 0.156250 0.804167 0.181250 0.835417 0.195312 0.785417 0.192188 0.712500 0.190625 0.629167 0.195312 0.550000 0.198437 0.460417 0.204687 0.350000 0.207813 0.268750 0.210938 0.191667 0.179688 0.166667
6 0.192188 0.016667 0.165625 0.016667 0.142187 0.016667 0.110937 0.016667 0.076563 0.025000 0.053125 0.027083 0.023438 0.031250 0.000000 0.033333 0.001563 0.056250 0.014063 0.072917 0.035937 0.072917 0.057813 0.072917 0.081250 0.068750 0.104688 0.064583 0.126562 0.060417 0.145313 0.058333 0.167187 0.058333 0.190625 0.056250 0.206250 0.047917 0.207813 0.020833 0.189062 0.014583
1 0.687500 0.083333 0.676562 0.081250 0.670312 0.081250 0.667188 0.081250 0.660937 0.083333 0.654687 0.085417 0.650000 0.085417 0.645312 0.089583 0.645312 0.093750 0.642188 0.097917 0.645312 0.102083 0.651563 0.102083 0.656250 0.104167 0.662500 0.106250 0.667188 0.106250 0.673438 0.106250 0.679688 0.108333 0.682813 0.108333 0.687500 0.106250 0.687500 0.100000 0.687500 0.093750 0.687500 0.087500
1 0.815625 0.112500 0.806250 0.112500 0.800000 0.112500 0.790625 0.112500 0.782813 0.112500 0.775000 0.110417 0.770312 0.108333 0.764062 0.106250 0.760938 0.110417 0.759375 0.131250 0.759375 0.139583 0.764062 0.139583 0.771875 0.139583 0.781250 0.139583 0.789062 0.139583 0.796875 0.141667 0.809375 0.145833 0.818750 0.145833 0.818750 0.141667 0.815625 0.133333 0.812500 0.127083 0.810937 0.118750 0.809375 0.114583
1 0.918750 0.135417 0.907813 0.135417 0.900000 0.133333 0.890625 0.133333 0.881250 0.129167 0.873437 0.129167 0.868750 0.133333 0.865625 0.139583 0.868750 0.145833 0.875000 0.147917 0.881250 0.150000 0.890625 0.156250 0.896875 0.158333 0.903125 0.162500 0.910937 0.162500 0.917188 0.166667 0.923438 0.164583 0.926562 0.156250 0.926562 0.145833 0.923438 0.139583 0.915625 0.137500
1 0.993750 0.154167 0.990625 0.154167 0.987500 0.154167 0.987500 0.156250 0.987500 0.158333 0.985938 0.162500 0.985938 0.166667 0.985938 0.168750 0.985938 0.172917 0.985938 0.175000 0.985938 0.179167 0.985938 0.183333 0.987500 0.183333 0.990625 0.183333 0.993750 0.183333 0.995313 0.181250 0.995313 0.179167 0.995313 0.175000 0.995313 0.170833 0.995313 0.166667 0.995313 0.162500 0.995313 0.160417 0.995313 0.158333
1 0.578906 0.213542 0.035937 0.093750
1 0.573438 0.400000 0.028125 0.104167
2 0.759375 0.100000 0.753125 0.093750 0.743750 0.091667 0.735938 0.089583 0.725000 0.087500 0.717187 0.087500 0.709375 0.085417 0.700000 0.085417 0.690625 0.085417 0.693750 0.093750 0.690625 0.106250 0.692187 0.114583 0.700000 0.114583 0.709375 0.114583 0.718750 0.118750 0.726562 0.122917 0.734375 0.125000 0.742188 0.125000 0.751563 0.127083 0.757812 0.122917 0.757812 0.110417 0.757812 0.097917
2 0.860938 0.125000 0.850000 0.122917 0.843750 0.122917 0.839063 0.118750 0.832812 0.118750 0.826562 0.118750 0.821875 0.118750 0.818750 0.122917 0.821875 0.129167 0.821875 0.133333 0.826562 0.137500 0.832812 0.139583 0.837500 0.139583 0.843750 0.139583 0.848437 0.141667 0.854688 0.143750 0.860938 0.143750 0.864062 0.139583 0.864062 0.133333 0.860938 0.129167 0.854688 0.127083
2 0.982812 0.154167 0.973437 0.150000 0.964063 0.145833 0.957812 0.145833 0.951562 0.143750 0.943750 0.143750 0.935937 0.143750 0.929688 0.145833 0.928125 0.152083 0.928125 0.162500 0.931250 0.166667 0.935937 0.170833 0.943750 0.172917 0.948438 0.175000 0.956250 0.177083 0.960938 0.179167 0.968750 0.179167 0.978125 0.179167 0.984375 0.179167 0.984375 0.170833 0.984375 0.158333
2 0.560937 0.162500 0.573438 0.162500 0.579688 0.162500 0.585938 0.162500 0.592187 0.162500 0.593750 0.156250 0.595313 0.150000 0.595313 0.141667 0.592187 0.133333 0.589063 0.125000 0.587500 0.118750 0.585938 0.110417 0.582812 0.106250 0.576562 0.106250 0.570312 0.110417 0.567187 0.112500 0.565625 0.120833 0.565625 0.129167 0.564063 0.137500 0.564063 0.145833 0.560937 0.154167 0.562500 0.164583
2 0.576562 0.306250 0.031250 0.087500
2 0.585938 0.458333 0.578125 0.458333 0.570312 0.460417 0.567187 0.468750 0.560937 0.477083 0.559375 0.487500 0.559375 0.502083 0.560937 0.512500 0.559375 0.522917 0.559375 0.533333 0.560937 0.543750 0.567187 0.545833 0.576562 0.547917 0.582812 0.547917 0.585938 0.541667 0.589063 0.527083 0.590625 0.516667 0.590625 0.504167 0.590625 0.487500 0.589063 0.477083 0.585938 0.462500
2 0.570312 0.692708 0.025000 0.106250
1 0.572656 0.592708 0.029687 0.102083
1 0.564844 0.795833 0.023438 0.091667
1 0.169531 0.044792 0.064062 0.043750
1 0.068750 0.031250 0.051562 0.031250 0.040625 0.031250 0.031250 0.031250 0.023438 0.033333 0.014063 0.033333 0.006250 0.033333 0.001563 0.035417 0.001563 0.043750 0.003125 0.052083 0.004687 0.058333 0.007812 0.064583 0.014063 0.066667 0.023438 0.066667 0.031250 0.064583 0.039062 0.064583 0.045312 0.064583 0.056250 0.064583 0.064062 0.064583 0.064062 0.054167 0.065625 0.047917 0.067187 0.037500
1 0.204687 0.172917 0.198437 0.172917 0.192188 0.172917 0.187500 0.172917 0.182812 0.175000 0.178125 0.179167 0.178125 0.183333 0.178125 0.191667 0.178125 0.202083 0.179688 0.212500 0.182812 0.218750 0.185938 0.218750 0.190625 0.218750 0.196875 0.218750 0.201563 0.218750 0.204687 0.218750 0.204687 0.208333 0.204687 0.191667 0.204687 0.183333 0.204687 0.179167 0.204687 0.170833
1 0.392188 0.116667 0.385937 0.110417 0.378125 0.106250 0.370312 0.110417 0.365625 0.118750 0.364063 0.135417 0.364063 0.152083 0.364063 0.166667 0.364063 0.183333 0.362500 0.195833 0.360938 0.206250 0.364063 0.214583 0.375000 0.214583 0.382812 0.214583 0.389062 0.208333 0.389062 0.195833 0.389062 0.183333 0.392188 0.166667 0.392188 0.152083 0.392188 0.139583 0.392188 0.129167 0.392188 0.112500
1 0.374219 0.360417 0.032813 0.091667
1 0.374219 0.557292 0.026562 0.114583
1 0.370312 0.761458 0.028125 0.093750
1 0.182812 0.727083 0.171875 0.725000 0.162500 0.722917 0.159375 0.733333 0.160938 0.743750 0.160938 0.758333 0.160938 0.775000 0.160938 0.785417 0.160938 0.797917 0.162500 0.814583 0.167187 0.825000 0.175000 0.831250 0.182812 0.827083 0.182812 0.814583 0.182812 0.802083 0.182812 0.787500 0.182812 0.775000 0.182812 0.762500 0.182812 0.750000 0.182812 0.735417 0.182812 0.722917
1 0.195312 0.508333 0.184375 0.504167 0.173437 0.500000 0.165625 0.500000 0.165625 0.506250 0.165625 0.525000 0.165625 0.539583 0.162500 0.550000 0.159375 0.562500 0.159375 0.575000 0.156250 0.585417 0.162500 0.589583 0.175000 0.591667 0.182812 0.593750 0.187500 0.589583 0.190625 0.572917 0.193750 0.558333 0.195312 0.545833 0.195312 0.533333 0.195312 0.522917 0.192188 0.514583
1 0.198437 0.318750 0.187500 0.318750 0.178125 0.318750 0.168750 0.318750 0.168750 0.341667 0.168750 0.354167 0.168750 0.368750 0.168750 0.379167 0.167187 0.395833 0.167187 0.408333 0.167187 0.420833 0.173437 0.425000 0.181250 0.425000 0.189062 0.429167 0.192188 0.420833 0.193750 0.406250 0.195312 0.393750 0.195312 0.379167 0.195312 0.364583 0.195312 0.352083 0.198437 0.339583 0.198437 0.327083
2 0.376563 0.258333 0.034375 0.091667
2 0.375781 0.452083 0.035937 0.087500
2 0.372656 0.666667 0.035937 0.087500
2 0.370312 0.854167 0.031250 0.079167
2 0.185938 0.600000 0.176563 0.597917 0.165625 0.593750 0.164062 0.606250 0.162500 0.627083 0.162500 0.645833 0.162500 0.658333 0.162500 0.672917 0.160938 0.687500 0.162500 0.702083 0.167187 0.714583 0.178125 0.718750 0.189062 0.714583 0.189062 0.697917 0.189062 0.683333 0.187500 0.668750 0.187500 0.654167 0.185938 0.639583 0.185938 0.625000 0.185938 0.610417 0.185938 0.593750
2 0.192188 0.437500 0.185938 0.437500 0.182812 0.433333 0.175000 0.433333 0.173437 0.439583 0.173437 0.447917 0.173437 0.458333 0.173437 0.464583 0.168750 0.477083 0.168750 0.485417 0.171875 0.493750 0.176563 0.495833 0.182812 0.500000 0.187500 0.502083 0.192188 0.500000 0.195312 0.489583 0.198437 0.477083 0.200000 0.468750 0.198437 0.460417 0.195312 0.450000 0.193750 0.443750 0.192188 0.433333
2 0.204687 0.222917 0.193750 0.220833 0.184375 0.220833 0.181250 0.229167 0.178125 0.239583 0.176563 0.256250 0.175000 0.266667 0.173437 0.281250 0.173437 0.291667 0.173437 0.304167 0.173437 0.314583 0.179688 0.314583 0.189062 0.314583 0.195312 0.310417 0.198437 0.302083 0.203125 0.291667 0.203125 0.281250 0.203125 0.268750 0.204687 0.252083 0.204687 0.239583 0.204687 0.229167
2 0.131250 0.029167 0.121875 0.027083 0.114062 0.025000 0.104688 0.022917 0.095312 0.020833 0.087500 0.020833 0.079687 0.020833 0.075000 0.027083 0.071875 0.037500 0.070312 0.045833 0.070312 0.056250 0.073438 0.062500 0.079687 0.066667 0.085938 0.066667 0.093750 0.066667 0.103125 0.064583 0.110937 0.064583 0.120313 0.060417 0.129688 0.058333 0.129688 0.047917 0.129688 0.037500 0.131250 0.027083
