1 0.462500 0.725000 0.473438 0.725000 0.484375 0.729167 0.493750 0.725000 0.493750 0.712500 0.493750 0.700000 0.493750 0.681250 0.493750 0.660417 0.493750 0.643750 0.493750 0.629167 0.487500 0.622917 0.475000 0.622917 0.465625 0.622917 0.460938 0.629167 0.459375 0.641667 0.457813 0.650000 0.456250 0.666667 0.459375 0.675000 0.460938 0.687500 0.462500 0.706250 0.462500 0.722917
1 0.468750 0.491667 0.506250 0.500000 0.510938 0.504167 0.515625 0.500000 0.518750 0.485417 0.518750 0.468750 0.518750 0.450000 0.515625 0.422917 0.510938 0.406250 0.506250 0.393750 0.503125 0.387500 0.496875 0.381250 0.492188 0.381250 0.487500 0.387500 0.485938 0.393750 0.481250 0.404167 0.475000 0.431250 0.473438 0.443750 0.470313 0.460417 0.465625 0.472917 0.465625 0.485417 0.465625 0.493750
1 0.485938 0.293750 0.500000 0.300000 0.506250 0.300000 0.518750 0.300000 0.523438 0.297917 0.523438 0.281250 0.523438 0.262500 0.523438 0.235417 0.523438 0.212500 0.523438 0.200000 0.518750 0.193750 0.509375 0.193750 0.501563 0.193750 0.493750 0.197917 0.489063 0.206250 0.485938 0.216667 0.485938 0.225000 0.485938 0.237500 0.485938 0.254167 0.485938 0.275000 0.485938 0.285417 0.485938 0.293750
1 0.500000 0.122917 0.506250 0.122917 0.515625 0.122917 0.523438 0.122917 0.528125 0.122917 0.532813 0.118750 0.532813 0.106250 0.532813 0.087500 0.532813 0.072917 0.532813 0.060417 0.531250 0.054167 0.525000 0.050000 0.518750 0.050000 0.515625 0.054167 0.512500 0.060417 0.509375 0.062500 0.506250 0.072917 0.506250 0.081250 0.506250 0.087500 0.506250 0.100000 0.503125 0.106250 0.503125 0.116667
2 0.468750 0.500000 0.465625 0.529167 0.462500 0.543750 0.462500 0.556250 0.460938 0.575000 0.457813 0.591667 0.457813 0.606250 0.462500 0.618750 0.473438 0.618750 0.485938 0.616667 0.496875 0.616667 0.506250 0.612500 0.506250 0.600000 0.506250 0.562500 0.506250 0.541667 0.506250 0.525000 0.506250 0.516667 0.496875 0.510417 0.485938 0.506250 0.475000 0.504167 0.465625 0.500000
2 0.481250 0.806250 0.481250 0.781250 0.484375 0.775000 0.485938 0.762500 0.489063 0.754167 0.489063 0.743750 0.489063 0.735417 0.485938 0.729167 0.481250 0.725000 0.473438 0.725000 0.468750 0.725000 0.462500 0.725000 0.462500 0.731250 0.465625 0.741667 0.470313 0.750000 0.471875 0.756250 0.473438 0.768750 0.475000 0.781250 0.481250 0.791667 0.481250 0.797917 0.484375 0.804167
2 0.485938 0.387500 0.493750 0.387500 0.506250 0.387500 0.512500 0.381250 0.515625 0.375000 0.518750 0.356250 0.518750 0.343750 0.518750 0.331250 0.518750 0.312500 0.517188 0.300000 0.509375 0.300000 0.500000 0.300000 0.489063 0.300000 0.481250 0.304167 0.478125 0.318750 0.478125 0.331250 0.478125 0.347917 0.478125 0.362500 0.478125 0.379167 0.478125 0.387500
2 0.512500 0.154167 0.028125 0.066667
3 0.400000 0.656250 0.440625 0.462500 0.468750 0.331250 0.470313 0.291667 0.457813 0.266667 0.428125 0.254167 0.387500 0.250000 0.360938 0.250000 0.343750 0.268750 0.340625 0.335417 0.334375 0.393750 0.328125 0.443750 0.325000 0.493750 0.318750 0.522917 0.309375 0.554167 0.306250 0.581250 0.315625 0.606250 0.334375 0.625000 0.356250 0.637500 0.384375 0.637500 0.398438 0.643750
6 0.534375 0.054167 0.495312 0.089583 0.485938 0.177083 0.485938 0.252083 0.482812 0.322917 0.476562 0.391667 0.467187 0.458333 0.457813 0.525000 0.453125 0.600000 0.457813 0.664583 0.462500 0.760417 0.487500 0.785417 0.503125 0.725000 0.504687 0.641667 0.500000 0.552083 0.512500 0.481250 0.520312 0.408333 0.528125 0.322917 0.537500 0.235417 0.537500 0.141667 0.528125 0.052083
7 0.242188 0.635417 0.217188 0.635417 0.195312 0.635417 0.164062 0.658333 0.162500 0.691667 0.160938 0.725000 0.159375 0.764583 0.159375 0.797917 0.170313 0.835417 0.185938 0.864583 0.207813 0.885417 0.253125 0.887500 0.268750 0.864583 0.284375 0.843750 0.281250 0.804167 0.271875 0.770833 0.267188 0.741667 0.265625 0.710417 0.264062 0.681250 0.250000 0.658333 0.237500 0.633333
7 0.153125 0.852083 0.131250 0.852083 0.071875 0.841667 0.029687 0.837500 0.015625 0.843750 0.004687 0.858333 0.000000 0.870833 0.000000 0.887500 0.000000 0.900000 0.004687 0.910417 0.012500 0.920833 0.028125 0.929167 0.046875 0.935417 0.071875 0.937500 0.095312 0.939583 0.118750 0.939583 0.129688 0.933333 0.137500 0.922917 0.146875 0.912500 0.151562 0.893750 0.156250 0.866667 0.154688 0.854167
