7 0.345313 0.177083 0.323437 0.179167 0.310937 0.160417 0.300000 0.168750 0.298438 0.200000 0.298438 0.233333 0.290625 0.264583 0.292187 0.295833 0.300000 0.314583 0.315625 0.325000 0.331250 0.331250 0.350000 0.331250 0.357812 0.310417 0.353125 0.281250 0.342187 0.270833 0.320312 0.270833 0.320312 0.250000 0.332813 0.237500 0.353125 0.237500 0.353125 0.214583 0.351562 0.187500
7 0.214062 0.293750 0.192188 0.293750 0.167187 0.289583 0.156250 0.304167 0.159375 0.331250 0.159375 0.358333 0.168750 0.379167 0.187500 0.383333 0.207813 0.379167 0.217188 0.360417 0.234375 0.356250 0.239063 0.381250 0.259375 0.389583 0.278125 0.385417 0.290625 0.362500 0.298438 0.341667 0.295312 0.318750 0.282813 0.302083 0.260937 0.300000 0.239063 0.297917 0.217188 0.293750
7 0.825000 0.954167 0.845313 0.950000 0.871875 0.947917 0.890625 0.933333 0.882812 0.914583 0.873437 0.893750 0.862500 0.868750 0.842187 0.875000 0.828125 0.902083 0.818750 0.912500 0.815625 0.881250 0.803125 0.860417 0.781250 0.868750 0.764062 0.881250 0.764062 0.914583 0.750000 0.933333 0.762500 0.954167 0.778125 0.966667 0.796875 0.975000 0.818750 0.972917 0.831250 0.954167
7 0.340625 0.972917 0.335938 0.943750 0.325000 0.939583 0.307812 0.943750 0.300000 0.950000 0.295312 0.966667 0.295312 0.983333 0.300000 0.995833 0.300000 1.010417 0.310937 1.008333 0.321875 1.006250 0.335938 1.006250 0.348438 1.010417 0.359375 1.010417 0.368750 1.010417 0.371875 1.000000 0.365625 0.989583 0.356250 0.987500 0.348438 0.983333 0.343750 0.972917 0.340625 0.960417
4 0.575781 0.229167 0.151562 0.195833
4 0.918750 0.420833 0.895312 0.431250 0.845313 0.445833 0.823438 0.450000 0.817187 0.462500 0.821875 0.493750 0.823438 0.520833 0.829688 0.554167 0.835938 0.577083 0.842187 0.602083 0.859375 0.612500 0.882812 0.608333 0.906250 0.602083 0.926562 0.585417 0.946875 0.581250 0.956250 0.564583 0.950000 0.535417 0.939063 0.504167 0.931250 0.470833 0.926562 0.437500 0.920312 0.412500
4 0.425000 0.362500 0.387500 0.366667 0.353125 0.362500 0.317188 0.360417 0.307812 0.385417 0.303125 0.422917 0.300000 0.458333 0.298438 0.500000 0.295312 0.541667 0.318750 0.547917 0.348438 0.554167 0.379688 0.554167 0.409375 0.560417 0.443750 0.564583 0.460938 0.541667 0.462500 0.500000 0.462500 0.456250 0.467187 0.408333 0.457813 0.356250 0.428125 0.356250 0.393750 0.362500
4 0.551562 0.729167 0.551562 0.764583 0.553125 0.800000 0.557813 0.835417 0.564063 0.870833 0.565625 0.906250 0.579688 0.925000 0.604688 0.927083 0.635938 0.922917 0.664062 0.920833 0.690625 0.920833 0.715625 0.908333 0.715625 0.875000 0.714063 0.825000 0.710938 0.777083 0.703125 0.741667 0.687500 0.722917 0.662500 0.720833 0.632812 0.720833 0.593750 0.720833 0.560937 0.720833
3 0.828125 0.537500 0.815625 0.543750 0.804688 0.554167 0.792188 0.558333 0.778125 0.554167 0.771875 0.566667 0.768750 0.583333 0.757812 0.595833 0.751563 0.608333 0.751563 0.629167 0.756250 0.645833 0.762500 0.654167 0.773438 0.641667 0.787500 0.643750 0.796875 0.656250 0.804688 0.647917 0.806250 0.620833 0.814063 0.610417 0.829688 0.602083 0.834375 0.589583 0.834375 0.564583 0.832812 0.539583
3 0.543750 0.325000 0.539062 0.341667 0.534375 0.354167 0.529687 0.360417 0.523438 0.366667 0.520312 0.379167 0.525000 0.389583 0.534375 0.389583 0.543750 0.391667 0.551562 0.395833 0.560937 0.395833 0.565625 0.391667 0.568750 0.379167 0.570312 0.366667 0.576562 0.362500 0.584375 0.356250 0.581250 0.345833 0.576562 0.335417 0.571875 0.331250 0.560937 0.329167 0.551562 0.327083
8 0.818750 0.739583 0.790625 0.750000 0.759375 0.758333 0.754687 0.791667 0.753125 0.829167 0.757812 0.860417 0.782813 0.862500 0.806250 0.858333 0.834375 0.852083 0.857812 0.862500 0.878125 0.875000 0.904687 0.872917 0.921875 0.854167 0.937500 0.837500 0.939063 0.795833 0.935937 0.758333 0.918750 0.747917 0.890625 0.752083 0.862500 0.752083 0.835938 0.750000 0.810937 0.741667
8 0.095312 0.435417 0.087500 0.475000 0.082812 0.516667 0.092188 0.539583 0.114062 0.552083 0.140625 0.562500 0.168750 0.564583 0.206250 0.568750 0.239063 0.572917 0.268750 0.577083 0.290625 0.562500 0.293750 0.525000 0.296875 0.485417 0.287500 0.456250 0.259375 0.450000 0.229687 0.439583 0.195312 0.437500 0.165625 0.429167 0.112500 0.408333 0.085938 0.427083 0.085938 0.464583
