7 0.290625 0.372917 0.279687 0.366667 0.268750 0.364583 0.267188 0.377083 0.268750 0.389583 0.270313 0.402083 0.273438 0.414583 0.275000 0.429167 0.276562 0.443750 0.279687 0.456250 0.287500 0.458333 0.295312 0.456250 0.301563 0.443750 0.300000 0.433333 0.293750 0.425000 0.285938 0.420833 0.281250 0.412500 0.284375 0.402083 0.295312 0.402083 0.295312 0.389583 0.295312 0.377083 0.290625 0.366667
7 0.262500 0.439583 0.250000 0.439583 0.239063 0.439583 0.226562 0.439583 0.217188 0.441667 0.212500 0.450000 0.212500 0.468750 0.214062 0.477083 0.226562 0.477083 0.234375 0.472917 0.239063 0.464583 0.245312 0.454167 0.246875 0.464583 0.251563 0.475000 0.262500 0.475000 0.271875 0.475000 0.276562 0.466667 0.279687 0.456250 0.276562 0.443750 0.270313 0.439583 0.260937 0.439583
7 0.503125 0.693750 0.496875 0.706250 0.493750 0.716667 0.500000 0.722917 0.507812 0.727083 0.512500 0.733333 0.520312 0.737500 0.529687 0.737500 0.535937 0.733333 0.543750 0.727083 0.553125 0.727083 0.560937 0.720833 0.560937 0.710417 0.557813 0.697917 0.554688 0.687500 0.543750 0.687500 0.535937 0.693750 0.529687 0.702083 0.525000 0.695833 0.520312 0.685417 0.510938 0.685417 0.503125 0.687500
7 0.320312 0.735417 0.309375 0.733333 0.304688 0.722917 0.300000 0.735417 0.300000 0.754167 0.300000 0.768750 0.300000 0.781250 0.298438 0.797917 0.296875 0.812500 0.300000 0.822917 0.307812 0.818750 0.318750 0.816667 0.320312 0.802083 0.320312 0.787500 0.310937 0.785417 0.303125 0.777083 0.303125 0.764583 0.312500 0.764583 0.323437 0.764583 0.325000 0.750000 0.325000 0.735417 0.317188 0.731250
7 0.206250 0.758333 0.190625 0.760417 0.176563 0.766667 0.160938 0.777083 0.143750 0.793750 0.128125 0.804167 0.114062 0.808333 0.101562 0.812500 0.092188 0.818750 0.092188 0.837500 0.095312 0.854167 0.103125 0.877083 0.110937 0.893750 0.120313 0.904167 0.132812 0.904167 0.148438 0.895833 0.162500 0.885417 0.176563 0.875000 0.196875 0.856250 0.214062 0.847917 0.226562 0.847917
7 0.231250 0.852083 0.204687 0.881250 0.193750 0.887500 0.181250 0.895833 0.170313 0.914583 0.171875 0.939583 0.181250 0.966667 0.189062 0.983333 0.193750 0.993750 0.206250 0.991667 0.218750 0.987500 0.232813 0.981250 0.251563 0.966667 0.268750 0.952083 0.284375 0.939583 0.295312 0.929167 0.287500 0.910417 0.275000 0.895833 0.267188 0.885417 0.254688 0.872917 0.240625 0.854167
4 0.396875 0.439583 0.385937 0.439583 0.375000 0.439583 0.362500 0.439583 0.353125 0.439583 0.342187 0.439583 0.335938 0.443750 0.334375 0.462500 0.332813 0.481250 0.332813 0.495833 0.332813 0.510417 0.335938 0.520833 0.342187 0.520833 0.353125 0.516667 0.364063 0.510417 0.376563 0.510417 0.385937 0.510417 0.389062 0.502083 0.390625 0.485417 0.392188 0.462500 0.393750 0.450000 0.396875 0.439583
4 0.520312 0.522917 0.506250 0.529167 0.493750 0.531250 0.484375 0.537500 0.475000 0.543750 0.467187 0.550000 0.467187 0.564583 0.470313 0.577083 0.471875 0.589583 0.475000 0.602083 0.478125 0.610417 0.485938 0.612500 0.495312 0.612500 0.509375 0.612500 0.521875 0.612500 0.531250 0.608333 0.539062 0.608333 0.539062 0.595833 0.531250 0.572917 0.525000 0.554167 0.520312 0.533333 0.515625 0.522917
4 0.409375 0.641667 0.393750 0.650000 0.381250 0.650000 0.368750 0.652083 0.362500 0.660417 0.362500 0.672917 0.362500 0.691667 0.362500 0.710417 0.362500 0.722917 0.367188 0.733333 0.381250 0.733333 0.393750 0.733333 0.406250 0.733333 0.417187 0.733333 0.418750 0.720833 0.421875 0.706250 0.421875 0.691667 0.423438 0.672917 0.421875 0.658333 0.412500 0.652083 0.403125 0.645833
4 0.300000 0.562500 0.056250 0.083333
8 0.610938 0.622917 0.590625 0.627083 0.579688 0.631250 0.565625 0.633333 0.551562 0.633333 0.535937 0.635417 0.525000 0.635417 0.512500 0.643750 0.507812 0.652083 0.507812 0.668750 0.510938 0.683333 0.523438 0.683333 0.540625 0.683333 0.556250 0.683333 0.568750 0.685417 0.584375 0.685417 0.596875 0.685417 0.606250 0.679167 0.607812 0.660417 0.607812 0.639583 0.607812 0.625000
8 0.348438 0.293750 0.326562 0.300000 0.314063 0.312500 0.312500 0.325000 0.315625 0.341667 0.315625 0.362500 0.315625 0.383333 0.315625 0.402083 0.317188 0.420833 0.326562 0.427083 0.339062 0.429167 0.353125 0.431250 0.364063 0.427083 0.364063 0.412500 0.360938 0.395833 0.360938 0.377083 0.360938 0.354167 0.360938 0.335417 0.357812 0.318750 0.356250 0.300000 0.348438 0.293750
