2 0.434375 0.238542 0.031250 0.060417
2 0.439063 0.393750 0.028125 0.075000
2 0.450000 0.500000 0.443750 0.500000 0.439063 0.504167 0.434375 0.504167 0.429688 0.504167 0.426563 0.506250 0.428125 0.510417 0.428125 0.518750 0.429688 0.525000 0.429688 0.531250 0.431250 0.537500 0.431250 0.543750 0.431250 0.550000 0.431250 0.543750 0.434375 0.541667 0.434375 0.537500 0.437500 0.531250 0.439063 0.525000 0.440625 0.518750 0.443750 0.516667 0.443750 0.510417 0.443750 0.504167 0.446875 0.500000
2 0.456250 0.656250 0.450000 0.656250 0.443750 0.656250 0.440625 0.656250 0.443750 0.656250 0.446875 0.662500 0.446875 0.668750 0.446875 0.675000 0.450000 0.681250 0.450000 0.691667 0.454688 0.697917 0.454688 0.704167 0.456250 0.710417 0.457813 0.712500 0.457813 0.706250 0.457813 0.700000 0.457813 0.691667 0.457813 0.681250 0.457813 0.672917 0.456250 0.662500 0.456250 0.656250
2 0.773438 0.925000 0.759375 0.925000 0.746875 0.925000 0.737500 0.925000 0.729688 0.929167 0.721875 0.931250 0.714063 0.935417 0.706250 0.937500 0.700000 0.947917 0.700000 0.960417 0.704688 0.968750 0.712500 0.968750 0.721875 0.968750 0.731250 0.968750 0.737500 0.962500 0.746875 0.960417 0.753125 0.956250 0.762500 0.956250 0.771875 0.956250 0.773438 0.943750 0.773438 0.931250
2 0.867188 0.906250 0.859375 0.906250 0.850000 0.912500 0.845313 0.912500 0.835938 0.912500 0.829688 0.912500 0.823438 0.912500 0.825000 0.918750 0.825000 0.929167 0.828125 0.937500 0.831250 0.943750 0.839063 0.943750 0.845313 0.943750 0.850000 0.943750 0.856250 0.937500 0.862500 0.937500 0.867188 0.931250 0.868750 0.929167 0.870313 0.922917 0.871875 0.916667 0.871875 0.906250
2 0.970313 0.881250 0.954688 0.881250 0.948438 0.881250 0.943750 0.885417 0.939063 0.887500 0.932813 0.887500 0.931250 0.893750 0.931250 0.900000 0.932813 0.906250 0.932813 0.912500 0.934375 0.918750 0.939063 0.925000 0.943750 0.925000 0.950000 0.925000 0.956250 0.922917 0.960938 0.918750 0.965625 0.916667 0.970313 0.912500 0.971875 0.906250 0.971875 0.900000 0.971875 0.891667 0.971875 0.885417
2 0.085938 0.962500 0.078125 0.966667 0.068750 0.966667 0.062500 0.968750 0.056250 0.968750 0.048438 0.968750 0.046875 0.975000 0.043750 0.985417 0.043750 0.993750 0.050000 1.000000 0.057813 1.000000 0.062500 1.000000 0.071875 1.000000 0.078125 1.000000 0.084375 0.993750 0.085938 0.981250 0.085938 0.960417 0.085938 0.962500 0.085938 0.975000 0.078125 0.975000 0.075000 0.968750
1 0.431250 0.175000 0.018750 0.062500
1 0.440625 0.468750 0.031250 0.062500
1 0.437500 0.312500 0.037500 0.075000
1 0.134375 0.968750 0.117188 0.968750 0.107813 0.968750 0.100000 0.968750 0.096875 0.968750 0.092188 0.968750 0.089063 0.972917 0.089063 0.981250 0.089063 0.987500 0.089063 0.997917 0.093750 1.000000 0.096875 0.997917 0.106250 0.997917 0.112500 0.997917 0.118750 1.000000 0.125000 1.000000 0.131250 1.000000 0.134375 0.993750 0.134375 0.987500 0.137500 0.981250 0.137500 0.975000
1 0.040625 0.962500 0.032813 0.962500 0.025000 0.962500 0.017188 0.960417 0.009375 0.960417 0.003125 0.956250 0.001563 0.960417 0.001563 0.966667 0.001563 0.975000 0.001563 0.981250 0.001563 0.987500 0.006250 0.987500 0.012500 0.987500 0.017188 0.987500 0.023438 0.987500 0.028125 0.991667 0.034375 0.993750 0.037500 0.993750 0.042188 0.987500 0.042188 0.981250 0.042188 0.972917 0.040625 0.962500 0.037500 0.962500
1 0.696875 0.941667 0.684375 0.941667 0.679688 0.941667 0.673438 0.943750 0.667188 0.943750 0.662500 0.943750 0.657813 0.943750 0.653125 0.947917 0.653125 0.956250 0.653125 0.962500 0.653125 0.972917 0.659375 0.972917 0.667188 0.972917 0.673438 0.972917 0.679688 0.972917 0.684375 0.972917 0.689063 0.968750 0.693750 0.968750 0.696875 0.962500 0.696875 0.950000 0.696875 0.943750 0.696875 0.937500
1 0.821875 0.912500 0.807813 0.912500 0.800000 0.912500 0.793750 0.916667 0.787500 0.916667 0.782813 0.918750 0.776563 0.922917 0.775000 0.931250 0.775000 0.937500 0.775000 0.947917 0.776563 0.956250 0.781250 0.956250 0.787500 0.954167 0.793750 0.954167 0.800000 0.950000 0.809375 0.947917 0.815625 0.943750 0.821875 0.941667 0.825000 0.935417 0.825000 0.925000 0.821875 0.912500
1 0.931250 0.887500 0.925000 0.891667 0.918750 0.891667 0.912500 0.893750 0.907813 0.897917 0.903125 0.900000 0.900000 0.904167 0.898438 0.906250 0.898438 0.912500 0.898438 0.918750 0.898438 0.925000 0.903125 0.929167 0.909375 0.929167 0.915625 0.929167 0.918750 0.925000 0.925000 0.925000 0.929688 0.918750 0.932813 0.916667 0.932813 0.906250 0.932813 0.904167 0.932813 0.893750
1 0.992188 0.875000 0.984375 0.875000 0.978125 0.875000 0.975000 0.875000 0.970313 0.875000 0.968750 0.879167 0.968750 0.881250 0.968750 0.887500 0.968750 0.893750 0.968750 0.900000 0.968750 0.906250 0.971875 0.906250 0.975000 0.906250 0.981250 0.906250 0.987500 0.906250 0.990625 0.906250 0.995313 0.906250 0.996875 0.906250 0.996875 0.900000 0.996875 0.893750 0.996875 0.887500 0.996875 0.881250 0.996875 0.875000
1 0.457813 0.575000 0.454688 0.585417 0.450000 0.593750 0.450000 0.600000 0.446875 0.606250 0.440625 0.610417 0.440625 0.618750 0.439063 0.629167 0.437500 0.635417 0.437500 0.643750 0.437500 0.656250 0.446875 0.656250 0.454688 0.654167 0.460938 0.650000 0.462500 0.643750 0.462500 0.631250 0.462500 0.618750 0.460938 0.606250 0.460938 0.597917 0.457813 0.585417 0.457813 0.572917
3 0.410938 0.587500 0.406250 0.612500 0.403125 0.629167 0.412500 0.641667 0.428125 0.643750 0.437500 0.629167 0.446875 0.616667 0.456250 0.600000 0.468750 0.585417 0.475000 0.568750 0.478125 0.554167 0.481250 0.537500 0.475000 0.531250 0.462500 0.529167 0.450000 0.529167 0.443750 0.531250 0.437500 0.547917 0.431250 0.568750 0.423438 0.585417 0.415625 0.593750 0.409375 0.606250
3 0.550000 0.843750 0.531250 0.847917 0.518750 0.850000 0.512500 0.856250 0.525000 0.885417 0.528125 0.904167 0.531250 0.922917 0.534375 0.943750 0.537500 0.954167 0.540625 0.962500 0.553125 0.975000 0.564063 0.972917 0.568750 0.968750 0.578125 0.968750 0.581250 0.956250 0.581250 0.937500 0.573438 0.925000 0.565625 0.900000 0.557813 0.875000 0.556250 0.868750 0.553125 0.847917
6 0.437500 0.397917 0.043750 0.512500
6 1.000000 0.862500 0.959375 0.879167 0.929688 0.885417 0.898438 0.891667 0.848437 0.902083 0.801562 0.912500 0.756250 0.922917 0.714063 0.931250 0.673438 0.935417 0.650000 0.950000 0.657813 0.981250 0.690625 0.975000 0.723437 0.964583 0.759375 0.960417 0.800000 0.952083 0.839063 0.943750 0.898438 0.927083 0.942187 0.920833 0.975000 0.912500 0.993750 0.891667
6 0.132812 0.962500 0.098437 0.960417 0.073438 0.954167 0.046875 0.954167 0.025000 0.954167 0.006250 0.956250 -0.004687 0.958333 0.001563 0.972917 0.003125 0.989583 0.017188 0.993750 0.029687 0.995833 0.043750 0.997917 0.056250 1.000000 0.070312 1.006250 0.085938 1.010417 0.100000 1.010417 0.114062 1.008333 0.128125 1.004167 0.135937 0.993750 0.137500 0.972917 0.132812 0.960417
7 0.312500 0.627083 0.295312 0.629167 0.282813 0.637500 0.273438 0.650000 0.270313 0.670833 0.273438 0.693750 0.271875 0.712500 0.275000 0.729167 0.287500 0.739583 0.295312 0.752083 0.304688 0.768750 0.320312 0.775000 0.334375 0.770833 0.343750 0.758333 0.345313 0.739583 0.337500 0.722917 0.329688 0.702083 0.325000 0.683333 0.321875 0.662500 0.317188 0.643750 0.310937 0.625000
7 0.220312 0.808333 0.109375 0.050000
