1 0.568750 0.368750 0.565625 0.375000 0.559375 0.375000 0.557813 0.375000 0.554688 0.375000 0.550000 0.375000 0.548438 0.381250 0.543750 0.387500 0.540625 0.391667 0.537500 0.393750 0.537500 0.400000 0.540625 0.406250 0.540625 0.410417 0.543750 0.412500 0.548438 0.412500 0.553125 0.412500 0.556250 0.412500 0.557813 0.406250 0.559375 0.404167 0.559375 0.400000 0.564063 0.397917 0.565625 0.391667 0.568750 0.387500 0.568750 0.381250
1 0.646875 0.750000 0.081250 0.062500
1 0.810156 0.771875 0.073438 0.043750
1 0.961719 0.800000 0.076563 0.050000
1 0.137500 0.629167 0.131250 0.629167 0.128125 0.631250 0.123438 0.637500 0.123438 0.643750 0.128125 0.643750 0.134375 0.650000 0.140625 0.654167 0.145313 0.656250 0.150000 0.656250 0.156250 0.660417 0.159375 0.654167 0.162500 0.647917 0.165625 0.641667 0.170313 0.637500 0.171875 0.631250 0.165625 0.631250 0.160938 0.631250 0.153125 0.631250 0.150000 0.629167 0.143750 0.625000 0.137500 0.625000
1 0.059375 0.600000 0.057813 0.606250 0.056250 0.610417 0.053125 0.616667 0.053125 0.622917 0.057813 0.622917 0.062500 0.622917 0.065625 0.625000 0.071875 0.625000 0.076563 0.625000 0.081250 0.625000 0.081250 0.622917 0.085938 0.616667 0.089063 0.612500 0.089063 0.610417 0.085938 0.610417 0.081250 0.606250 0.076563 0.606250 0.071875 0.604167 0.065625 0.604167 0.062500 0.600000
1 0.023438 0.593750 0.020313 0.593750 0.017188 0.593750 0.012500 0.591667 0.006250 0.591667 0.003125 0.587500 0.003125 0.587500 0.000000 0.587500 0.000000 0.593750 0.000000 0.600000 0.000000 0.606250 0.001563 0.606250 0.003125 0.606250 0.006250 0.606250 0.012500 0.610417 0.015625 0.610417 0.017188 0.606250 0.017188 0.604167 0.018750 0.600000 0.020313 0.593750 0.021875 0.587500 0.021875 0.585417
1 0.643750 0.254167 0.643750 0.250000 0.646875 0.247917 0.648438 0.243750 0.648438 0.237500 0.648438 0.237500 0.650000 0.235417 0.650000 0.231250 0.646875 0.231250 0.643750 0.231250 0.642188 0.231250 0.640625 0.231250 0.637500 0.235417 0.637500 0.235417 0.637500 0.237500 0.635938 0.237500 0.631250 0.243750 0.631250 0.243750 0.631250 0.247917 0.628125 0.250000 0.631250 0.250000 0.634375 0.250000 0.637500 0.250000 0.640625 0.250000 0.642188 0.254167 0.643750 0.254167
1 0.609375 0.285417 0.612500 0.285417 0.615625 0.285417 0.620313 0.285417 0.625000 0.285417 0.628125 0.285417 0.628125 0.285417 0.631250 0.279167 0.634375 0.275000 0.637500 0.272917 0.631250 0.272917 0.628125 0.272917 0.626563 0.272917 0.621875 0.272917 0.620313 0.272917 0.615625 0.272917 0.615625 0.275000 0.612500 0.279167 0.612500 0.281250 0.612500 0.285417 0.612500 0.287500
1 0.590625 0.318750 0.595313 0.318750 0.596875 0.318750 0.600000 0.318750 0.603125 0.318750 0.604688 0.318750 0.606250 0.318750 0.606250 0.318750 0.609375 0.318750 0.609375 0.316667 0.609375 0.312500 0.609375 0.312500 0.609375 0.310417 0.609375 0.306250 0.606250 0.306250 0.606250 0.306250 0.603125 0.306250 0.603125 0.306250 0.600000 0.306250 0.600000 0.306250 0.596875 0.306250 0.596875 0.310417 0.595313 0.310417 0.595313 0.312500 0.593750 0.312500 0.593750 0.312500 0.590625 0.312500 0.590625 0.312500
1 0.565625 0.347917 0.568750 0.347917 0.573438 0.347917 0.573438 0.350000 0.578125 0.350000 0.579688 0.350000 0.581250 0.350000 0.584375 0.350000 0.585938 0.350000 0.587500 0.347917 0.589063 0.343750 0.589063 0.341667 0.589063 0.335417 0.589063 0.331250 0.589063 0.329167 0.585938 0.329167 0.585938 0.331250 0.581250 0.331250 0.581250 0.331250 0.579688 0.335417 0.578125 0.335417 0.575000 0.337500 0.575000 0.341667 0.573438 0.341667 0.571875 0.343750 0.568750 0.343750
1 0.506250 0.460417 0.512500 0.460417 0.515625 0.460417 0.518750 0.460417 0.521875 0.460417 0.525000 0.460417 0.528125 0.456250 0.528125 0.456250 0.531250 0.450000 0.531250 0.447917 0.534375 0.443750 0.534375 0.437500 0.532813 0.437500 0.528125 0.437500 0.526563 0.437500 0.523438 0.437500 0.518750 0.437500 0.517188 0.437500 0.515625 0.437500 0.512500 0.437500 0.510938 0.443750 0.510938 0.447917 0.509375 0.450000 0.509375 0.454167
3 0.273438 0.381250 0.275000 0.391667 0.278125 0.400000 0.281250 0.406250 0.290625 0.412500 0.304688 0.412500 0.312500 0.412500 0.325000 0.412500 0.335938 0.412500 0.340625 0.412500 0.348438 0.412500 0.356250 0.412500 0.360938 0.406250 0.360938 0.385417 0.360938 0.375000 0.360938 0.366667 0.353125 0.366667 0.321875 0.366667 0.285938 0.366667 0.278125 0.368750 0.271875 0.372917 0.273438 0.381250
3 0.092188 0.468750 0.100000 0.468750 0.109375 0.462500 0.112500 0.431250 0.112500 0.418750 0.109375 0.406250 0.106250 0.393750 0.103125 0.387500 0.100000 0.375000 0.096875 0.366667 0.093750 0.350000 0.089063 0.347917 0.085938 0.354167 0.071875 0.360417 0.071875 0.375000 0.075000 0.391667 0.078125 0.406250 0.078125 0.425000 0.078125 0.437500 0.081250 0.450000 0.081250 0.460417 0.085938 0.462500
3 0.578125 0.643750 0.606250 0.637500 0.612500 0.637500 0.615625 0.629167 0.615625 0.612500 0.612500 0.600000 0.612500 0.587500 0.612500 0.566667 0.612500 0.543750 0.609375 0.531250 0.609375 0.516667 0.600000 0.518750 0.593750 0.518750 0.571875 0.518750 0.575000 0.537500 0.579688 0.550000 0.578125 0.568750 0.575000 0.585417 0.575000 0.600000 0.578125 0.616667 0.579688 0.629167 0.579688 0.637500
3 0.234375 0.962500 0.228125 0.954167 0.218750 0.947917 0.210938 0.954167 0.196875 0.956250 0.190625 0.956250 0.184375 0.962500 0.181250 0.972917 0.181250 0.981250 0.187500 0.985417 0.190625 0.993750 0.192188 1.000000 0.196875 1.004167 0.207813 1.006250 0.212500 1.010417 0.221875 1.010417 0.228125 1.010417 0.231250 1.000000 0.228125 0.987500 0.228125 0.981250 0.228125 0.968750 0.231250 0.962500 0.232813 0.954167
4 0.348438 0.245833 0.351562 0.239583 0.354687 0.235417 0.359375 0.231250 0.364063 0.222917 0.356250 0.222917 0.350000 0.218750 0.343750 0.218750 0.337500 0.216667 0.329688 0.214583 0.325000 0.218750 0.321875 0.222917 0.315625 0.229167 0.309375 0.235417 0.307812 0.239583 0.314063 0.243750 0.321875 0.245833 0.328125 0.245833 0.334375 0.245833 0.342187 0.245833
6 0.493750 0.520833 0.515625 0.485417 0.534375 0.456250 0.550000 0.429167 0.571875 0.393750 0.589063 0.366667 0.606250 0.337500 0.635938 0.302083 0.660937 0.258333 0.651563 0.229167 0.628125 0.239583 0.615625 0.262500 0.600000 0.291667 0.587500 0.316667 0.570312 0.352083 0.553125 0.377083 0.534375 0.404167 0.517188 0.431250 0.503125 0.468750 0.487500 0.495833 0.495312 0.516667
6 0.996875 0.779167 0.948438 0.775000 0.903125 0.772917 0.860938 0.768750 0.820312 0.762500 0.771875 0.754167 0.732812 0.745833 0.693750 0.741667 0.654687 0.737500 0.618750 0.731250 0.603125 0.758333 0.639062 0.768750 0.676562 0.779167 0.717187 0.787500 0.765625 0.795833 0.812500 0.800000 0.854688 0.806250 0.900000 0.808333 0.948438 0.818750 0.987500 0.820833 0.993750 0.785417
6 0.160938 0.656250 0.185938 0.662500 0.200000 0.658333 0.187500 0.637500 0.165625 0.629167 0.142187 0.625000 0.118750 0.616667 0.098437 0.610417 0.071875 0.600000 0.053125 0.593750 0.031250 0.583333 0.007812 0.583333 0.000000 0.604167 0.014063 0.614583 0.032813 0.618750 0.053125 0.625000 0.075000 0.629167 0.095312 0.639583 0.115625 0.645833 0.135937 0.650000 0.157812 0.656250
6 0.276562 0.904167 0.260937 0.914583 0.253125 0.920833 0.245312 0.925000 0.240625 0.931250 0.235937 0.939583 0.232813 0.947917 0.228125 0.954167 0.225000 0.960417 0.223438 0.964583 0.229687 0.968750 0.232813 0.977083 0.234375 0.985417 0.237500 0.977083 0.245312 0.966667 0.253125 0.956250 0.259375 0.947917 0.267188 0.935417 0.270313 0.929167 0.273438 0.920833 0.275000 0.912500
7 0.143750 0.700000 0.125000 0.695833 0.104688 0.695833 0.085938 0.691667 0.075000 0.700000 0.059375 0.702083 0.046875 0.702083 0.035937 0.714583 0.035937 0.735417 0.039062 0.754167 0.043750 0.768750 0.059375 0.770833 0.075000 0.770833 0.090625 0.770833 0.106250 0.770833 0.121875 0.770833 0.135937 0.770833 0.148438 0.762500 0.150000 0.745833 0.145313 0.718750 0.142187 0.702083
7 0.106250 0.743750 0.089063 0.758333 0.076563 0.772917 0.065625 0.785417 0.051562 0.800000 0.040625 0.814583 0.026562 0.831250 0.025000 0.852083 0.032813 0.875000 0.043750 0.897917 0.057813 0.900000 0.075000 0.887500 0.092188 0.868750 0.106250 0.856250 0.118750 0.843750 0.131250 0.827083 0.137500 0.810417 0.137500 0.787500 0.131250 0.770833 0.118750 0.758333 0.104688 0.743750
7 0.620313 0.808333 0.589063 0.808333 0.568750 0.804167 0.545312 0.804167 0.528125 0.808333 0.509375 0.816667 0.490625 0.829167 0.481250 0.843750 0.489063 0.864583 0.498437 0.883333 0.506250 0.908333 0.520312 0.914583 0.543750 0.908333 0.565625 0.904167 0.585938 0.904167 0.610938 0.900000 0.628125 0.895833 0.632812 0.875000 0.632812 0.852083 0.631250 0.827083 0.621875 0.808333
7 0.646875 0.443750 0.621875 0.456250 0.607812 0.464583 0.596875 0.477083 0.585938 0.491667 0.581250 0.504167 0.579688 0.522917 0.590625 0.527083 0.604688 0.529167 0.612500 0.533333 0.620313 0.537500 0.631250 0.545833 0.639062 0.550000 0.650000 0.541667 0.657813 0.533333 0.664062 0.516667 0.668750 0.495833 0.667188 0.485417 0.657813 0.468750 0.651563 0.456250 0.640625 0.447917
