2 0.698438 0.716667 0.068750 0.029167
2 0.579688 0.719792 0.050000 0.031250
2 0.450000 0.722917 0.068750 0.041667
2 0.325000 0.718750 0.053125 0.037500
2 0.262500 0.715625 0.059375 0.031250
2 0.146094 0.706250 0.054688 0.037500
2 0.859375 0.312500 0.856250 0.312500 0.850000 0.312500 0.846875 0.316667 0.845313 0.318750 0.843750 0.318750 0.843750 0.322917 0.843750 0.325000 0.843750 0.331250 0.843750 0.335417 0.845313 0.337500 0.846875 0.337500 0.850000 0.341667 0.853125 0.341667 0.856250 0.343750 0.856250 0.341667 0.856250 0.335417 0.856250 0.325000 0.856250 0.322917 0.856250 0.318750 0.856250 0.312500 0.856250 0.306250
2 0.835938 0.235417 0.831250 0.235417 0.825000 0.235417 0.821875 0.237500 0.818750 0.237500 0.815625 0.243750 0.815625 0.250000 0.818750 0.254167 0.818750 0.254167 0.821875 0.262500 0.821875 0.268750 0.825000 0.268750 0.829688 0.268750 0.831250 0.268750 0.837500 0.268750 0.840625 0.268750 0.843750 0.262500 0.843750 0.254167 0.843750 0.254167 0.839063 0.247917 0.839063 0.243750 0.835938 0.237500 0.834375 0.235417 0.831250 0.231250
2 0.881250 0.387500 0.875000 0.387500 0.870313 0.391667 0.867188 0.393750 0.862500 0.397917 0.862500 0.406250 0.862500 0.412500 0.862500 0.418750 0.867188 0.425000 0.868750 0.431250 0.870313 0.437500 0.876563 0.437500 0.881250 0.437500 0.885938 0.435417 0.887500 0.431250 0.887500 0.425000 0.887500 0.418750 0.887500 0.412500 0.885938 0.404167 0.884375 0.400000 0.881250 0.391667 0.881250 0.387500 0.878125 0.381250
2 0.903125 0.475000 0.898438 0.475000 0.893750 0.475000 0.890625 0.479167 0.887500 0.481250 0.887500 0.485417 0.887500 0.487500 0.890625 0.493750 0.890625 0.493750 0.893750 0.500000 0.893750 0.500000 0.893750 0.506250 0.898438 0.506250 0.900000 0.504167 0.903125 0.504167 0.903125 0.500000 0.903125 0.493750 0.903125 0.487500 0.903125 0.485417 0.903125 0.479167 0.903125 0.475000
1 0.818750 0.200000 0.814063 0.200000 0.809375 0.200000 0.809375 0.204167 0.806250 0.206250 0.806250 0.206250 0.809375 0.212500 0.809375 0.218750 0.812500 0.222917 0.814063 0.229167 0.815625 0.231250 0.815625 0.235417 0.818750 0.235417 0.821875 0.231250 0.823438 0.229167 0.825000 0.225000 0.821875 0.222917 0.821875 0.218750 0.818750 0.212500 0.818750 0.210417 0.815625 0.206250 0.815625 0.204167 0.815625 0.200000 0.814063 0.193750
1 0.840625 0.268750 0.835938 0.268750 0.831250 0.275000 0.825000 0.275000 0.821875 0.275000 0.825000 0.281250 0.825000 0.287500 0.829688 0.291667 0.831250 0.300000 0.831250 0.304167 0.834375 0.306250 0.835938 0.312500 0.840625 0.312500 0.846875 0.312500 0.850000 0.312500 0.853125 0.306250 0.854688 0.297917 0.854688 0.287500 0.850000 0.281250 0.846875 0.275000 0.845313 0.272917 0.840625 0.268750
1 0.862500 0.347917 0.859375 0.347917 0.854688 0.347917 0.850000 0.350000 0.850000 0.356250 0.850000 0.362500 0.850000 0.368750 0.853125 0.375000 0.854688 0.381250 0.856250 0.387500 0.856250 0.391667 0.862500 0.391667 0.868750 0.391667 0.871875 0.391667 0.875000 0.387500 0.876563 0.381250 0.875000 0.375000 0.871875 0.368750 0.868750 0.362500 0.862500 0.356250 0.860938 0.350000 0.856250 0.347917
1 0.890625 0.431250 0.881250 0.431250 0.878125 0.437500 0.875000 0.437500 0.871875 0.437500 0.870313 0.443750 0.871875 0.450000 0.875000 0.454167 0.878125 0.456250 0.878125 0.460417 0.881250 0.462500 0.884375 0.462500 0.887500 0.468750 0.890625 0.468750 0.893750 0.468750 0.898438 0.468750 0.898438 0.462500 0.898438 0.460417 0.898438 0.454167 0.896875 0.447917 0.893750 0.441667 0.893750 0.435417 0.892188 0.431250
1 0.765625 0.715625 0.065625 0.031250
1 0.636719 0.715625 0.057813 0.031250
1 0.518750 0.721875 0.071875 0.031250
1 0.377344 0.719792 0.057813 0.035417
1 0.201563 0.709375 0.056250 0.043750
1 0.092188 0.703125 0.059375 0.043750
3 0.996875 0.700000 0.984375 0.691667 0.978125 0.687500 0.964063 0.687500 0.956250 0.693750 0.950000 0.697917 0.950000 0.704167 0.950000 0.725000 0.950000 0.735417 0.956250 0.743750 0.964063 0.756250 0.970313 0.760417 0.978125 0.760417 0.981250 0.756250 0.987500 0.756250 0.992188 0.750000 0.996875 0.743750 1.000000 0.737500 1.003125 0.731250 1.003125 0.722917 1.000000 0.716667 0.996875 0.712500
3 0.987500 0.585417 0.971875 0.568750 0.968750 0.556250 0.959375 0.550000 0.950000 0.547917 0.940625 0.541667 0.929688 0.537500 0.925000 0.543750 0.925000 0.562500 0.928125 0.572917 0.932813 0.585417 0.934375 0.593750 0.943750 0.600000 0.953125 0.610417 0.960938 0.612500 0.968750 0.618750 0.978125 0.629167 0.981250 0.625000 0.981250 0.612500 0.984375 0.600000 0.987500 0.591667
7 0.752344 0.533333 0.098437 0.058333
7 0.796875 0.418750 0.784375 0.425000 0.775000 0.433333 0.771875 0.450000 0.773438 0.468750 0.781250 0.483333 0.787500 0.495833 0.793750 0.510417 0.801562 0.525000 0.807813 0.533333 0.818750 0.539583 0.831250 0.537500 0.842187 0.529167 0.843750 0.512500 0.839063 0.493750 0.835938 0.481250 0.829688 0.462500 0.821875 0.447917 0.814063 0.433333 0.806250 0.422917 0.796875 0.416667
7 0.907031 0.927083 0.067187 0.116667
7 0.782813 0.925000 0.754687 0.937500 0.717187 0.941667 0.687500 0.943750 0.662500 0.954167 0.637500 0.960417 0.617188 0.975000 0.625000 0.989583 0.645312 0.991667 0.664062 1.000000 0.682813 1.004167 0.704688 0.997917 0.726562 0.995833 0.748437 1.000000 0.773438 1.002083 0.793750 1.000000 0.809375 0.981250 0.817187 0.952083 0.812500 0.925000 0.793750 0.912500 0.776563 0.925000
4 0.153125 0.214583 0.043750 0.062500
6 0.428125 0.711458 0.746875 0.043750
6 0.814063 0.195833 0.806250 0.222917 0.814063 0.254167 0.821875 0.285417 0.831250 0.320833 0.843750 0.352083 0.851562 0.385417 0.860938 0.416667 0.868750 0.452083 0.879687 0.483333 0.903125 0.491667 0.906250 0.466667 0.893750 0.439583 0.890625 0.406250 0.881250 0.375000 0.870313 0.345833 0.862500 0.314583 0.854688 0.283333 0.843750 0.252083 0.832812 0.220833 0.815625 0.195833
