1 0.240625 0.700000 0.137500 0.735417 0.125000 0.735417 0.118750 0.735417 0.128125 0.743750 0.137500 0.754167 0.140625 0.762500 0.143750 0.775000 0.148438 0.781250 0.153125 0.793750 0.159375 0.800000 0.168750 0.793750 0.178125 0.781250 0.192188 0.768750 0.203125 0.766667 0.237500 0.747917 0.248438 0.737500 0.253125 0.731250 0.243750 0.725000 0.237500 0.718750 0.234375 0.706250
1 0.364063 0.643750 0.376563 0.687500 0.381250 0.704167 0.390625 0.700000 0.406250 0.687500 0.437500 0.675000 0.462500 0.662500 0.485938 0.647917 0.496875 0.641667 0.500000 0.629167 0.492188 0.606250 0.485938 0.593750 0.475000 0.593750 0.456250 0.606250 0.440625 0.610417 0.428125 0.618750 0.412500 0.625000 0.400000 0.635417 0.392188 0.641667 0.379688 0.643750 0.368750 0.650000
1 0.585938 0.268750 0.575000 0.272917 0.571875 0.275000 0.565625 0.279167 0.564063 0.281250 0.568750 0.287500 0.573438 0.293750 0.579688 0.297917 0.584375 0.300000 0.589063 0.304167 0.595313 0.306250 0.600000 0.306250 0.606250 0.306250 0.612500 0.306250 0.615625 0.300000 0.615625 0.293750 0.612500 0.285417 0.610938 0.281250 0.604688 0.275000 0.600000 0.275000 0.595313 0.268750 0.590625 0.266667 0.584375 0.262500
1 0.418750 0.116667 0.406250 0.125000 0.400000 0.129167 0.398438 0.129167 0.393750 0.131250 0.390625 0.135417 0.395313 0.135417 0.398438 0.137500 0.403125 0.137500 0.406250 0.137500 0.409375 0.137500 0.412500 0.137500 0.418750 0.137500 0.421875 0.137500 0.425000 0.137500 0.428125 0.137500 0.431250 0.131250 0.431250 0.129167 0.429688 0.125000 0.425000 0.125000 0.421875 0.122917 0.418750 0.118750
1 0.465625 0.154167 0.460938 0.156250 0.454688 0.162500 0.450000 0.166667 0.446875 0.166667 0.450000 0.168750 0.454688 0.172917 0.456250 0.175000 0.459375 0.175000 0.462500 0.175000 0.465625 0.172917 0.468750 0.172917 0.471875 0.168750 0.473438 0.168750 0.475000 0.166667 0.475000 0.162500 0.473438 0.162500 0.471875 0.160417 0.468750 0.156250 0.465625 0.156250 0.462500 0.154167
1 0.371875 0.075000 0.368750 0.075000 0.367188 0.079167 0.364063 0.081250 0.362500 0.081250 0.360938 0.085417 0.359375 0.087500 0.356250 0.087500 0.360938 0.093750 0.364063 0.093750 0.367188 0.093750 0.368750 0.091667 0.371875 0.087500 0.376563 0.087500 0.379688 0.085417 0.379688 0.081250 0.381250 0.081250 0.379688 0.081250 0.376563 0.079167 0.371875 0.079167 0.371875 0.075000
2 0.040625 0.800000 0.056250 0.841667 0.059375 0.847917 0.071875 0.841667 0.092188 0.829167 0.106250 0.816667 0.117188 0.800000 0.125000 0.793750 0.131250 0.791667 0.140625 0.787500 0.140625 0.779167 0.134375 0.768750 0.128125 0.760417 0.121875 0.754167 0.112500 0.756250 0.100000 0.766667 0.085938 0.779167 0.076563 0.781250 0.062500 0.787500 0.056250 0.791667 0.050000 0.797917
2 0.034375 0.754167 0.001563 0.775000 -0.003125 0.775000 -0.006250 0.781250 -0.006250 0.791667 -0.006250 0.797917 -0.003125 0.804167 0.000000 0.806250 0.003125 0.806250 0.009375 0.806250 0.014063 0.800000 0.014063 0.806250 0.009375 0.806250 0.014063 0.804167 0.017188 0.800000 0.043750 0.775000 0.050000 0.766667 0.043750 0.766667 0.037500 0.762500 0.034375 0.762500 0.032813 0.754167
2 0.353125 0.662500 0.293750 0.681250 0.281250 0.687500 0.265625 0.693750 0.253125 0.700000 0.237500 0.700000 0.243750 0.700000 0.256250 0.706250 0.265625 0.718750 0.273438 0.735417 0.278125 0.735417 0.309375 0.706250 0.321875 0.704167 0.335938 0.704167 0.348438 0.700000 0.360938 0.700000 0.368750 0.693750 0.376563 0.685417 0.368750 0.675000 0.360938 0.662500 0.353125 0.654167
2 0.548438 0.235417 0.510938 0.260417 0.506250 0.262500 0.515625 0.262500 0.518750 0.262500 0.525000 0.266667 0.531250 0.268750 0.540625 0.275000 0.550000 0.279167 0.557813 0.279167 0.564063 0.279167 0.565625 0.268750 0.568750 0.266667 0.575000 0.262500 0.578125 0.262500 0.571875 0.254167 0.565625 0.254167 0.557813 0.250000 0.554688 0.243750 0.550000 0.237500 0.548438 0.231250
2 0.384375 0.087500 0.378125 0.087500 0.371875 0.093750 0.367188 0.100000 0.371875 0.100000 0.376563 0.106250 0.381250 0.112500 0.384375 0.118750 0.392188 0.122917 0.398438 0.116667 0.406250 0.112500 0.412500 0.100000 0.412500 0.093750 0.409375 0.100000 0.406250 0.110417 0.403125 0.118750 0.406250 0.112500 0.400000 0.100000 0.396875 0.097917 0.392188 0.091667 0.384375 0.085417
2 0.442188 0.137500 0.434375 0.137500 0.431250 0.137500 0.426563 0.141667 0.421875 0.143750 0.418750 0.143750 0.415625 0.143750 0.418750 0.143750 0.423438 0.150000 0.428125 0.150000 0.431250 0.156250 0.434375 0.160417 0.437500 0.162500 0.440625 0.162500 0.443750 0.162500 0.450000 0.162500 0.453125 0.156250 0.456250 0.150000 0.459375 0.150000 0.454688 0.150000 0.450000 0.147917 0.446875 0.143750 0.443750 0.137500
2 0.359375 0.060417 0.350000 0.062500 0.343750 0.066667 0.340625 0.068750 0.337500 0.068750 0.337500 0.068750 0.340625 0.072917 0.343750 0.075000 0.345313 0.075000 0.346875 0.081250 0.350000 0.081250 0.350000 0.081250 0.353125 0.079167 0.353125 0.075000 0.356250 0.072917 0.359375 0.068750 0.362500 0.068750 0.364063 0.062500 0.360938 0.060417 0.360938 0.056250 0.356250 0.056250
1 0.345313 0.054167 0.340625 0.054167 0.340625 0.056250 0.337500 0.060417 0.334375 0.060417 0.334375 0.062500 0.334375 0.066667 0.334375 0.068750 0.334375 0.072917 0.337500 0.072917 0.337500 0.072917 0.340625 0.072917 0.343750 0.072917 0.346875 0.072917 0.348438 0.068750 0.350000 0.068750 0.350000 0.066667 0.350000 0.062500 0.350000 0.060417 0.350000 0.056250 0.350000 0.054167 0.350000 0.050000 0.350000 0.050000 0.346875 0.043750 0.345313 0.043750
3 0.987500 0.179167 0.953125 0.175000 0.903125 0.200000 0.884375 0.212500 0.868750 0.225000 0.856250 0.254167 0.854688 0.279167 0.854688 0.300000 0.860938 0.325000 0.871875 0.341667 0.893750 0.350000 0.932813 0.343750 0.960938 0.331250 0.979688 0.312500 0.995313 0.293750 1.000000 0.279167 1.000000 0.254167 0.995313 0.235417 0.987500 0.218750 0.984375 0.200000 0.981250 0.179167
3 0.835938 0.293750 0.868750 0.254167 0.875000 0.225000 0.878125 0.187500 0.862500 0.156250 0.825000 0.106250 0.800000 0.075000 0.782813 0.054167 0.756250 0.043750 0.737500 0.054167 0.728125 0.079167 0.720313 0.100000 0.715625 0.125000 0.721875 0.147917 0.737500 0.166667 0.756250 0.181250 0.778125 0.200000 0.793750 0.222917 0.806250 0.243750 0.818750 0.268750 0.831250 0.291667
3 0.581250 0.143750 0.515625 0.143750 0.434375 0.156250 0.406250 0.172917 0.398438 0.187500 0.409375 0.222917 0.412500 0.237500 0.425000 0.254167 0.446875 0.262500 0.485938 0.262500 0.525000 0.250000 0.565625 0.229167 0.585938 0.212500 0.595313 0.200000 0.596875 0.179167 0.590625 0.162500 0.581250 0.150000 0.565625 0.141667 0.550000 0.131250 0.534375 0.131250
7 0.379688 0.378125 0.171875 0.143750
7 0.912500 0.935417 0.892188 0.881250 0.860938 0.837500 0.825000 0.768750 0.793750 0.712500 0.773438 0.693750 0.746875 0.697917 0.734375 0.722917 0.725000 0.743750 0.721875 0.772917 0.720313 0.825000 0.729688 0.862500 0.746875 0.925000 0.759375 0.943750 0.778125 0.962500 0.809375 0.979167 0.850000 0.987500 0.868750 0.985417 0.892188 0.966667 0.906250 0.947917 0.909375 0.925000
7 0.800000 0.212500 0.781250 0.193750 0.762500 0.179167 0.742188 0.166667 0.734375 0.156250 0.728125 0.147917 0.715625 0.147917 0.709375 0.150000 0.706250 0.166667 0.709375 0.175000 0.712500 0.185417 0.718750 0.193750 0.728125 0.204167 0.734375 0.212500 0.742188 0.218750 0.751563 0.231250 0.759375 0.237500 0.771875 0.243750 0.787500 0.250000 0.793750 0.243750 0.793750 0.235417 0.793750 0.222917 0.796875 0.212500
7 0.314063 0.137500 0.209375 0.166667 0.123438 0.187500 0.050000 0.222917 0.017188 0.262500 0.003125 0.306250 0.003125 0.368750 0.006250 0.425000 0.017188 0.479167 0.053125 0.493750 0.107813 0.485417 0.160938 0.462500 0.200000 0.437500 0.240625 0.410417 0.267188 0.387500 0.296875 0.360417 0.325000 0.337500 0.356250 0.310417 0.359375 0.256250 0.321875 0.181250 0.300000 0.137500
6 0.500000 0.589583 0.456250 0.591667 0.393750 0.610417 0.340625 0.631250 0.292187 0.647917 0.239063 0.670833 0.179688 0.691667 0.100000 0.720833 0.040625 0.741667 0.000000 0.764583 0.001563 0.810417 0.059375 0.866667 0.120313 0.850000 0.195312 0.835417 0.245312 0.800000 0.293750 0.770833 0.354687 0.741667 0.417187 0.712500 0.468750 0.679167 0.500000 0.637500 0.495312 0.589583
6 0.632812 0.318750 0.634375 0.300000 0.625000 0.287500 0.617188 0.277083 0.604688 0.264583 0.592187 0.256250 0.573438 0.252083 0.562500 0.247917 0.553125 0.239583 0.537500 0.237500 0.529687 0.247917 0.528125 0.266667 0.537500 0.285417 0.543750 0.295833 0.554688 0.310417 0.567187 0.322917 0.579688 0.322917 0.595313 0.325000 0.609375 0.325000 0.621875 0.322917
6 0.479687 0.160417 0.460938 0.143750 0.445312 0.125000 0.431250 0.110417 0.410938 0.093750 0.392188 0.081250 0.378125 0.068750 0.362500 0.056250 0.350000 0.041667 0.337500 0.031250 0.326562 0.029167 0.321875 0.047917 0.325000 0.068750 0.332813 0.087500 0.343750 0.102083 0.354687 0.114583 0.373437 0.131250 0.393750 0.145833 0.423438 0.166667 0.445312 0.172917 0.460938 0.168750
