1 0.862500 0.523958 0.078125 0.031250
1 0.721094 0.528125 0.073438 0.035417
1 0.589844 0.527083 0.073438 0.037500
1 0.442188 0.520833 0.071875 0.037500
1 0.290625 0.508333 0.078125 0.025000
1 0.156250 0.508333 0.050000 0.037500
1 0.034375 0.497917 0.028125 0.029167
1 0.067969 0.321875 0.057813 0.031250
1 0.180469 0.307292 0.057813 0.035417
1 0.376563 0.303125 0.068750 0.043750
1 0.528125 0.297917 0.078125 0.037500
1 0.665625 0.297917 0.068750 0.037500
1 0.812500 0.297917 0.075000 0.037500
1 0.851562 0.120833 0.059375 0.037500
1 0.714063 0.109375 0.068750 0.031250
1 0.581250 0.109375 0.065625 0.035417
1 0.423438 0.113542 0.065625 0.031250
1 0.304688 0.118750 0.062500 0.029167
1 0.175000 0.131250 0.053125 0.025000
1 0.062500 0.135417 0.059375 0.137500 0.059375 0.137500 0.056250 0.141667 0.053125 0.141667 0.050000 0.143750 0.048438 0.143750 0.046875 0.150000 0.046875 0.154167 0.046875 0.156250 0.048438 0.162500 0.050000 0.162500 0.056250 0.162500 0.057813 0.160417 0.059375 0.156250 0.062500 0.156250 0.062500 0.150000 0.065625 0.143750 0.065625 0.141667 0.065625 0.137500 0.065625 0.131250
6 0.878125 0.106250 0.796875 0.097917 0.706250 0.087500 0.620313 0.093750 0.531250 0.093750 0.434375 0.087500 0.337500 0.093750 0.262500 0.106250 0.168750 0.110417 0.085938 0.125000 0.009375 0.143750 0.043750 0.166667 0.131250 0.150000 0.225000 0.137500 0.340625 0.141667 0.446875 0.137500 0.554688 0.131250 0.648438 0.125000 0.762500 0.125000 0.850000 0.137500 0.868750 0.100000
7 0.875000 0.037500 0.850000 0.031250 0.835938 0.031250 0.812500 0.025000 0.793750 0.025000 0.778125 0.022917 0.762500 0.025000 0.753125 0.041667 0.750000 0.060417 0.753125 0.075000 0.762500 0.087500 0.776563 0.087500 0.787500 0.091667 0.803125 0.091667 0.818750 0.091667 0.837500 0.091667 0.854688 0.091667 0.868750 0.093750 0.878125 0.079167 0.878125 0.060417 0.871875 0.043750
7 0.840625 0.000000 0.831250 0.004167 0.829688 0.018750 0.831250 0.029167 0.839063 0.041667 0.846875 0.054167 0.853125 0.060417 0.856250 0.068750 0.867188 0.072917 0.881250 0.072917 0.890625 0.068750 0.898438 0.060417 0.898438 0.043750 0.898438 0.025000 0.896875 0.012500 0.893750 0.004167 0.885938 0.000000 0.871875 0.000000 0.860938 0.000000 0.850000 0.000000 0.839063 0.000000
7 0.960938 0.560417 0.939063 0.556250 0.928125 0.543750 0.915625 0.537500 0.903125 0.541667 0.893750 0.556250 0.885938 0.568750 0.881250 0.587500 0.885938 0.612500 0.893750 0.643750 0.898438 0.662500 0.901563 0.679167 0.909375 0.687500 0.925000 0.687500 0.940625 0.681250 0.948438 0.662500 0.943750 0.637500 0.939063 0.618750 0.934375 0.600000 0.948438 0.585417 0.954688 0.568750
2 0.784375 0.112500 0.068750 0.037500
2 0.646875 0.106250 0.062500 0.025000
2 0.506250 0.114583 0.087500 0.037500
2 0.364063 0.116667 0.050000 0.029167
2 0.234375 0.120833 0.065625 0.025000
2 0.117188 0.140625 0.050000 0.031250
2 0.042188 0.141667 0.034375 0.141667 0.028125 0.143750 0.021875 0.143750 0.015625 0.143750 0.009375 0.143750 0.003125 0.150000 0.001563 0.156250 0.001563 0.162500 0.001563 0.168750 0.003125 0.172917 0.009375 0.172917 0.017188 0.172917 0.023438 0.168750 0.028125 0.168750 0.032813 0.166667 0.034375 0.162500 0.040625 0.160417 0.042188 0.154167 0.043750 0.150000 0.043750 0.141667 0.046875 0.135417
0 0.995313 0.587500 0.954688 0.600000 0.929688 0.610417 0.934375 0.629167 0.948438 0.650000 0.948438 0.681250 0.943750 0.710417 0.934375 0.737500 0.934375 0.768750 0.937500 0.800000 0.948438 0.818750 0.965625 0.810417 0.985938 0.804167 0.996875 0.787500 0.996875 0.756250 0.996875 0.718750 0.992188 0.693750 0.992188 0.666667 0.996875 0.637500 0.993750 0.610417
0 0.978125 0.000000 0.956250 0.000000 0.939063 0.000000 0.923438 -0.004167 0.940625 0.000000 0.954688 0.004167 0.940625 0.004167 0.929688 0.000000 0.921875 0.012500 0.921875 0.025000 0.915625 0.037500 0.923438 0.043750 0.934375 0.043750 0.948438 0.050000 0.960938 0.054167 0.975000 0.056250 0.985938 0.050000 0.985938 0.031250 0.981250 0.016667 0.975000 0.006250 0.960938 0.004167
0 0.845313 0.162500 0.815625 0.166667 0.792188 0.168750 0.767188 0.168750 0.743750 0.154167 0.718750 0.150000 0.706250 0.131250 0.690625 0.150000 0.673438 0.166667 0.682813 0.197917 0.679688 0.225000 0.671875 0.254167 0.696875 0.256250 0.718750 0.268750 0.746875 0.272917 0.776563 0.268750 0.800000 0.256250 0.825000 0.266667 0.843750 0.247917 0.840625 0.206250 0.843750 0.166667
6 0.085938 0.487500 0.043750 0.487500 0.006250 0.481250 0.014063 0.518750 0.062500 0.516667 0.107813 0.518750 0.159375 0.525000 0.209375 0.522917 0.253125 0.518750 0.301563 0.529167 0.360938 0.541667 0.412500 0.543750 0.475000 0.550000 0.543750 0.554167 0.603125 0.550000 0.653125 0.550000 0.704688 0.554167 0.762500 0.554167 0.831250 0.554167 0.928125 0.550000 0.912500 0.522917
2 0.014063 0.485417 0.009375 0.485417 0.006250 0.485417 0.003125 0.485417 0.001563 0.485417 0.000000 0.487500 0.000000 0.493750 0.000000 0.500000 0.000000 0.504167 0.000000 0.506250 0.001563 0.506250 0.003125 0.506250 0.006250 0.506250 0.009375 0.506250 0.014063 0.506250 0.014063 0.504167 0.015625 0.500000 0.017188 0.493750 0.017188 0.491667 0.017188 0.487500 0.017188 0.481250 0.015625 0.475000 0.014063 0.475000 0.014063 0.475000
2 0.104688 0.503125 0.046875 0.035417
2 0.214062 0.506250 0.062500 0.029167
2 0.367188 0.519792 0.068750 0.035417
2 0.512500 0.525000 0.068750 0.037500
2 0.653125 0.528125 0.053125 0.035417
2 0.792188 0.529167 0.062500 0.029167
2 0.736719 0.296875 0.073438 0.031250
2 0.600000 0.293750 0.059375 0.037500
2 0.450000 0.298958 0.075000 0.043750
2 0.309375 0.305208 0.059375 0.031250
2 0.242188 0.307292 0.068750 0.031250
2 0.125000 0.315625 0.056250 0.035417
2 0.017188 0.322917 0.034375 0.029167
6 0.059375 0.300000 0.000000 0.318750 0.056250 0.335417 0.139063 0.331250 0.228125 0.331250 0.321875 0.318750 0.418750 0.316667 0.515625 0.322917 0.606250 0.318750 0.675000 0.318750 0.756250 0.329167 0.843750 0.306250 0.800000 0.275000 0.712500 0.268750 0.590625 0.279167 0.503125 0.279167 0.412500 0.285417 0.317188 0.275000 0.234375 0.291667 0.143750 0.291667 0.062500 0.293750
7 0.620313 0.712500 0.287500 0.179167
7 0.659375 0.900000 0.243750 0.162500
1 0.893750 0.645833 0.889062 0.647917 0.885938 0.652083 0.887500 0.662500 0.889062 0.672917 0.889062 0.681250 0.889062 0.689583 0.889062 0.697917 0.890625 0.706250 0.893750 0.712500 0.896875 0.708333 0.903125 0.702083 0.906250 0.697917 0.907813 0.693750 0.903125 0.691667 0.903125 0.685417 0.900000 0.679167 0.898438 0.672917 0.896875 0.662500 0.896875 0.654167 0.895312 0.645833 0.893750 0.641667
1 0.906250 0.800000 0.893750 0.802083 0.885938 0.804167 0.881250 0.808333 0.881250 0.822917 0.881250 0.831250 0.881250 0.843750 0.881250 0.854167 0.879687 0.864583 0.879687 0.872917 0.881250 0.881250 0.882812 0.887500 0.887500 0.891667 0.893750 0.891667 0.896875 0.883333 0.898438 0.875000 0.898438 0.864583 0.898438 0.852083 0.898438 0.841667 0.898438 0.829167 0.900000 0.818750 0.901563 0.808333 0.903125 0.800000
1 0.896875 0.952083 0.893750 0.952083 0.887500 0.952083 0.884375 0.952083 0.881250 0.954167 0.878125 0.962500 0.878125 0.970833 0.876563 0.972917 0.875000 0.981250 0.875000 0.985417 0.876563 0.989583 0.879687 0.991667 0.884375 0.991667 0.887500 0.991667 0.892188 0.991667 0.893750 0.987500 0.895312 0.981250 0.895312 0.975000 0.895312 0.968750 0.895312 0.960417 0.895312 0.956250 0.896875 0.952083
2 0.906250 0.706250 0.895312 0.710417 0.887500 0.710417 0.884375 0.716667 0.882812 0.727083 0.881250 0.739583 0.881250 0.750000 0.878125 0.758333 0.878125 0.770833 0.878125 0.779167 0.876563 0.789583 0.881250 0.795833 0.890625 0.795833 0.898438 0.795833 0.904687 0.791667 0.906250 0.779167 0.906250 0.768750 0.907813 0.758333 0.909375 0.743750 0.909375 0.731250 0.909375 0.720833 0.909375 0.710417
2 0.903125 0.900000 0.895312 0.900000 0.890625 0.900000 0.884375 0.900000 0.881250 0.904167 0.881250 0.908333 0.878125 0.914583 0.878125 0.922917 0.876563 0.929167 0.875000 0.933333 0.875000 0.939583 0.873437 0.945833 0.875000 0.947917 0.881250 0.947917 0.887500 0.950000 0.893750 0.950000 0.900000 0.950000 0.901563 0.943750 0.901563 0.937500 0.901563 0.929167 0.901563 0.920833 0.901563 0.912500 0.901563 0.904167 0.900000 0.900000
6 0.885938 0.650000 0.885938 0.695833 0.884375 0.731250 0.881250 0.737500 0.876563 0.775000 0.878125 0.810417 0.878125 0.852083 0.876563 0.889583 0.873437 0.920833 0.873437 0.968750 0.881250 0.991667 0.893750 0.972917 0.896875 0.937500 0.898438 0.902083 0.901563 0.862500 0.903125 0.814583 0.906250 0.770833 0.909375 0.735417 0.903125 0.702083 0.900000 0.670833 0.890625 0.645833
