1 0.217188 0.501042 0.025000 0.081250
1 0.221875 0.634375 0.028125 0.056250
1 0.228125 0.756250 0.028125 0.062500
1 0.246875 0.847917 0.240625 0.847917 0.232813 0.847917 0.228125 0.850000 0.228125 0.860417 0.228125 0.868750 0.231250 0.879167 0.231250 0.885417 0.234375 0.891667 0.234375 0.897917 0.237500 0.904167 0.240625 0.906250 0.246875 0.906250 0.250000 0.904167 0.253125 0.900000 0.253125 0.887500 0.253125 0.875000 0.250000 0.868750 0.250000 0.860417 0.246875 0.850000
1 0.368750 0.234375 0.046875 0.031250
1 0.460938 0.212500 0.460938 0.212500 0.462500 0.212500 0.462500 0.212500
1 0.484375 0.228125 0.043750 0.031250
1 0.586719 0.221875 0.054688 0.031250
1 0.676562 0.218750 0.037500 0.025000
1 0.756250 0.218750 0.034375 0.025000
1 0.845313 0.222917 0.046875 0.029167
1 0.942969 0.222917 0.057813 0.029167
1 0.061719 0.276042 0.042188 0.022917
2 0.423438 0.222917 0.062500 0.029167
2 0.531250 0.221875 0.043750 0.031250
2 0.635938 0.228125 0.037500 0.043750
2 0.721094 0.221875 0.032813 0.031250
2 0.798438 0.222917 0.043750 0.041667
2 0.889844 0.221875 0.042188 0.031250
2 0.221875 0.541667 0.215625 0.541667 0.210938 0.541667 0.203125 0.541667 0.201563 0.543750 0.201563 0.556250 0.201563 0.562500 0.201563 0.572917 0.203125 0.579167 0.203125 0.587500 0.203125 0.593750 0.203125 0.600000 0.207813 0.600000 0.210938 0.600000 0.217188 0.600000 0.221875 0.600000 0.225000 0.600000 0.225000 0.593750 0.225000 0.585417 0.225000 0.575000 0.221875 0.556250 0.218750 0.550000 0.218750 0.543750 0.218750 0.537500
2 0.232813 0.675000 0.228125 0.675000 0.223438 0.675000 0.218750 0.675000 0.212500 0.675000 0.210938 0.679167 0.210938 0.685417 0.210938 0.693750 0.210938 0.700000 0.210938 0.706250 0.210938 0.712500 0.212500 0.718750 0.215625 0.722917 0.218750 0.725000 0.225000 0.725000 0.231250 0.725000 0.234375 0.725000 0.239063 0.725000 0.239063 0.712500 0.237500 0.693750 0.237500 0.687500 0.234375 0.679167 0.234375 0.672917 0.232813 0.668750
2 0.240625 0.787500 0.215625 0.791667 0.210938 0.791667 0.212500 0.793750 0.215625 0.800000 0.217188 0.806250 0.218750 0.816667 0.218750 0.825000 0.218750 0.831250 0.218750 0.835417 0.225000 0.837500 0.228125 0.837500 0.234375 0.837500 0.239063 0.837500 0.243750 0.837500 0.243750 0.831250 0.243750 0.822917 0.243750 0.812500 0.243750 0.806250 0.243750 0.800000 0.243750 0.793750 0.242188 0.787500 0.240625 0.785417
2 0.250000 0.906250 0.243750 0.906250 0.239063 0.906250 0.234375 0.918750 0.232813 0.925000 0.232813 0.931250 0.234375 0.937500 0.237500 0.943750 0.237500 0.950000 0.237500 0.960417 0.240625 0.962500 0.243750 0.962500 0.250000 0.962500 0.253125 0.960417 0.256250 0.950000 0.256250 0.943750 0.256250 0.931250 0.256250 0.925000 0.253125 0.918750 0.253125 0.912500 0.250000 0.904167
2 0.032813 0.262500 0.023438 0.266667 0.017188 0.266667 0.012500 0.266667 0.003125 0.266667 0.001563 0.268750 0.001563 0.275000 0.001563 0.281250 0.001563 0.291667 0.003125 0.291667 0.009375 0.291667 0.014063 0.291667 0.020313 0.291667 0.025000 0.291667 0.031250 0.291667 0.034375 0.291667 0.037500 0.285417 0.037500 0.281250 0.037500 0.275000 0.034375 0.268750 0.034375 0.266667
3 0.193750 0.454167 0.201563 0.400000 0.201563 0.387500 0.196875 0.381250 0.187500 0.379167 0.176563 0.375000 0.165625 0.368750 0.146875 0.362500 0.137500 0.362500 0.128125 0.362500 0.120313 0.368750 0.118750 0.425000 0.123438 0.437500 0.128125 0.443750 0.134375 0.450000 0.143750 0.460417 0.153125 0.462500 0.160938 0.462500 0.165625 0.462500 0.171875 0.456250 0.179688 0.450000 0.187500 0.443750
3 0.212500 0.125000 0.200000 0.150000 0.193750 0.172917 0.187500 0.200000 0.190625 0.212500 0.193750 0.237500 0.196875 0.256250 0.203125 0.268750 0.210938 0.279167 0.218750 0.285417 0.228125 0.281250 0.239063 0.275000 0.246875 0.268750 0.248438 0.256250 0.250000 0.204167 0.250000 0.187500 0.243750 0.172917 0.240625 0.156250 0.237500 0.143750 0.231250 0.135417 0.225000 0.125000 0.218750 0.118750
3 0.176563 0.162500 0.165625 0.162500 0.156250 0.166667 0.145313 0.168750 0.134375 0.175000 0.125000 0.179167 0.117188 0.187500 0.112500 0.210417 0.115625 0.218750 0.123438 0.218750 0.134375 0.218750 0.148438 0.218750 0.160938 0.218750 0.171875 0.216667 0.179688 0.212500 0.185938 0.206250 0.187500 0.193750 0.192188 0.185417 0.190625 0.179167 0.185938 0.168750 0.179688 0.162500 0.176563 0.156250
6 0.660937 0.231250 0.628125 0.029167
6 0.084375 0.260417 0.062500 0.252083 0.053125 0.250000 0.042188 0.250000 0.032813 0.250000 0.025000 0.254167 0.017188 0.256250 0.009375 0.262500 0.003125 0.272917 0.003125 0.281250 0.007812 0.287500 0.014063 0.289583 0.021875 0.293750 0.031250 0.293750 0.040625 0.293750 0.050000 0.289583 0.057813 0.287500 0.070312 0.285417 0.078125 0.281250 0.079687 0.272917 0.081250 0.260417
6 0.226562 0.456250 0.200000 0.472917 0.203125 0.527083 0.206250 0.572917 0.214062 0.625000 0.217188 0.670833 0.221875 0.716667 0.209375 0.768750 0.225000 0.814583 0.226562 0.858333 0.226562 0.906250 0.229687 0.954167 0.262500 0.950000 0.256250 0.870833 0.243750 0.797917 0.239063 0.731250 0.243750 0.668750 0.235937 0.625000 0.226562 0.562500 0.226562 0.485417 0.221875 0.447917
7 0.359375 0.411458 0.090625 0.060417
7 0.057031 0.127083 0.079687 0.037500
7 0.113281 0.022917 0.039062 0.041667
7 0.120313 0.429167 0.109375 0.425000 0.101562 0.427083 0.095312 0.439583 0.092188 0.452083 0.092188 0.462500 0.092188 0.477083 0.090625 0.487500 0.090625 0.502083 0.087500 0.512500 0.089063 0.525000 0.095312 0.529167 0.106250 0.529167 0.112500 0.518750 0.115625 0.506250 0.117188 0.491667 0.117188 0.472917 0.117188 0.460417 0.117188 0.445833 0.117188 0.433333
7 0.040625 0.592708 0.075000 0.281250
7 0.074219 0.837500 0.092188 0.104167
4 0.960938 0.922917 0.062500 0.070833
