3 0.481250 0.331250 0.531250 0.312500 0.557813 0.304167 0.606250 0.287500 0.642188 0.275000 0.679688 0.260417 0.715625 0.243750 0.735938 0.225000 0.725000 0.181250 0.709375 0.129167 0.700000 0.087500 0.643750 0.087500 0.596875 0.100000 0.531250 0.112500 0.468750 0.129167 0.454688 0.137500 0.462500 0.175000 0.473438 0.212500 0.478125 0.262500 0.485938 0.281250 0.485938 0.312500
3 0.301563 0.025000 0.318750 0.029167 0.359375 0.043750 0.384375 0.056250 0.426563 0.068750 0.443750 0.068750 0.475000 0.072917 0.475000 0.041667 0.478125 0.012500 0.478125 0.000000 0.454688 -0.006250 0.362500 -0.012500 0.321875 -0.016667 0.293750 -0.018750 0.285938 -0.025000 0.282813 -0.006250 0.285938 0.004167 0.287500 0.016667 0.301563 0.018750 0.309375 0.025000 0.318750 0.031250
1 0.590625 0.006250 0.557813 0.012500 0.550000 0.025000 0.559375 0.054167 0.565625 0.081250 0.565625 0.118750 0.571875 0.137500 0.573438 0.154167 0.581250 0.156250 0.596875 0.156250 0.612500 0.156250 0.637500 0.156250 0.631250 0.137500 0.621875 0.116667 0.618750 0.097917 0.615625 0.075000 0.612500 0.056250 0.612500 0.037500 0.615625 0.025000 0.615625 0.010417 0.606250 0.000000 0.596875 0.000000
1 0.657813 0.297917 0.643750 0.306250 0.628125 0.310417 0.612500 0.310417 0.600000 0.318750 0.606250 0.337500 0.606250 0.356250 0.612500 0.375000 0.615625 0.393750 0.618750 0.412500 0.621875 0.425000 0.634375 0.431250 0.648438 0.429167 0.662500 0.425000 0.673438 0.410417 0.675000 0.379167 0.668750 0.360417 0.665625 0.347917 0.662500 0.325000 0.657813 0.312500
1 0.673438 0.531250 0.659375 0.531250 0.643750 0.531250 0.631250 0.531250 0.626563 0.537500 0.631250 0.554167 0.635938 0.568750 0.637500 0.581250 0.637500 0.600000 0.637500 0.618750 0.642188 0.631250 0.643750 0.643750 0.653125 0.643750 0.665625 0.641667 0.675000 0.641667 0.682813 0.637500 0.690625 0.629167 0.682813 0.597917 0.679688 0.575000 0.679688 0.562500 0.679688 0.543750 0.681250 0.529167
1 0.690625 0.712500 0.667188 0.722917 0.656250 0.725000 0.648438 0.735417 0.653125 0.747917 0.657813 0.766667 0.657813 0.779167 0.662500 0.793750 0.668750 0.800000 0.668750 0.810417 0.682813 0.806250 0.693750 0.804167 0.700000 0.800000 0.709375 0.800000 0.714063 0.787500 0.714063 0.756250 0.714063 0.743750 0.709375 0.731250 0.704688 0.718750 0.703125 0.710417 0.693750 0.706250 0.679688 0.706250
2 0.667188 0.418750 0.659375 0.429167 0.650000 0.431250 0.640625 0.437500 0.631250 0.450000 0.637500 0.475000 0.640625 0.491667 0.642188 0.506250 0.642188 0.518750 0.643750 0.529167 0.667188 0.531250 0.679688 0.531250 0.689063 0.525000 0.687500 0.500000 0.684375 0.487500 0.682813 0.475000 0.679688 0.462500 0.679688 0.447917 0.675000 0.435417 0.673438 0.422917 0.653125 0.425000
2 0.690625 0.635417 0.671875 0.643750 0.659375 0.647917 0.650000 0.647917 0.643750 0.650000 0.648438 0.666667 0.651563 0.681250 0.653125 0.693750 0.653125 0.706250 0.653125 0.718750 0.667188 0.718750 0.690625 0.718750 0.696875 0.716667 0.704688 0.712500 0.700000 0.693750 0.698438 0.675000 0.698438 0.660417 0.696875 0.643750 0.696875 0.631250 0.693750 0.625000 0.682813 0.635417 0.675000 0.637500 0.668750 0.641667
2 0.710938 0.804167 0.696875 0.804167 0.689063 0.804167 0.675000 0.804167 0.675000 0.806250 0.675000 0.818750 0.675000 0.831250 0.675000 0.841667 0.675000 0.850000 0.675000 0.860417 0.679688 0.868750 0.687500 0.868750 0.696875 0.868750 0.703125 0.868750 0.709375 0.868750 0.714063 0.868750 0.712500 0.856250 0.710938 0.843750 0.710938 0.835417 0.710938 0.822917 0.712500 0.810417 0.712500 0.800000
6 0.653125 0.237500 0.603125 0.272917 0.596875 0.325000 0.612500 0.385417 0.621875 0.443750 0.631250 0.500000 0.631250 0.556250 0.643750 0.622917 0.648438 0.681250 0.653125 0.750000 0.679688 0.860417 0.709375 0.862500 0.709375 0.793750 0.696875 0.725000 0.689063 0.643750 0.682813 0.568750 0.684375 0.500000 0.675000 0.443750 0.662500 0.397917 0.659375 0.318750 0.650000 0.237500
6 0.603125 0.004167 0.581250 0.004167 0.565625 0.006250 0.553125 0.012500 0.543750 0.025000 0.548438 0.043750 0.550000 0.062500 0.554688 0.087500 0.559375 0.110417 0.565625 0.125000 0.573438 0.141667 0.584375 0.150000 0.600000 0.150000 0.606250 0.143750 0.612500 0.125000 0.615625 0.106250 0.618750 0.087500 0.615625 0.066667 0.612500 0.041667 0.609375 0.018750 0.604688 0.004167
7 0.328125 0.175000 0.296875 0.181250 0.304688 0.193750 0.306250 0.210417 0.306250 0.229167 0.303125 0.250000 0.290625 0.256250 0.278125 0.266667 0.268750 0.275000 0.267188 0.293750 0.273438 0.306250 0.287500 0.306250 0.301563 0.306250 0.315625 0.300000 0.325000 0.291667 0.340625 0.287500 0.346875 0.272917 0.346875 0.254167 0.337500 0.225000 0.329688 0.206250 0.325000 0.187500
7 0.014063 0.218750 -0.003125 0.237500 0.000000 0.275000 -0.003125 0.312500 -0.001563 0.350000 -0.003125 0.400000 -0.003125 0.441667 -0.001563 0.485417 -0.003125 0.529167 -0.003125 0.566667 0.000000 0.618750 0.006250 0.629167 0.021875 0.550000 0.046875 0.525000 0.076563 0.510417 0.109375 0.487500 0.137500 0.468750 0.109375 0.387500 0.081250 0.325000 0.050000 0.279167 0.006250 0.225000
7 0.143750 0.468750 0.046875 0.531250 0.009375 0.562500 -0.003125 0.593750 0.001563 0.631250 0.001563 0.679167 0.001563 0.700000 0.001563 0.750000 0.001563 0.787500 0.014063 0.806250 0.034375 0.800000 0.071875 0.775000 0.109375 0.762500 0.171875 0.731250 0.218750 0.712500 0.248438 0.706250 0.240625 0.668750 0.221875 0.625000 0.179688 0.537500 0.156250 0.506250 0.137500 0.475000
7 0.390625 0.781250 0.350000 0.804167 0.329688 0.804167 0.304688 0.800000 0.287500 0.800000 0.246875 0.806250 0.225000 0.806250 0.207813 0.812500 0.193750 0.831250 0.193750 0.860417 0.203125 0.891667 0.215625 0.931250 0.225000 0.943750 0.256250 0.941667 0.282813 0.931250 0.309375 0.912500 0.345313 0.904167 0.384375 0.900000 0.400000 0.881250 0.400000 0.831250 0.393750 0.797917
