2 0.700000 0.237500 0.059375 0.025000
2 0.596094 0.253125 0.048438 0.031250
2 0.489063 0.272917 0.062500 0.029167
2 0.380469 0.288542 0.054688 0.022917
2 0.330469 0.294792 0.057813 0.022917
2 0.233594 0.316667 0.048438 0.025000
2 0.993750 0.487500 0.987500 0.491667 0.981250 0.493750 0.978125 0.500000 0.971875 0.504167 0.975000 0.510417 0.978125 0.516667 0.978125 0.525000 0.979688 0.531250 0.981250 0.541667 0.981250 0.550000 0.984375 0.554167 0.990625 0.554167 0.996875 0.554167 1.000000 0.543750 0.996875 0.535417 0.996875 0.525000 0.995313 0.518750 0.993750 0.510417 0.992188 0.504167 0.990625 0.493750 0.990625 0.487500
1 0.971875 0.412500 0.965625 0.412500 0.960938 0.418750 0.964063 0.425000 0.965625 0.431250 0.970313 0.441667 0.970313 0.450000 0.970313 0.460417 0.970313 0.468750 0.970313 0.475000 0.970313 0.485417 0.975000 0.487500 0.981250 0.487500 0.987500 0.485417 0.985938 0.475000 0.984375 0.466667 0.984375 0.460417 0.981250 0.450000 0.981250 0.443750 0.981250 0.431250 0.978125 0.425000 0.975000 0.418750
1 0.996875 0.554167 0.990625 0.554167 0.987500 0.556250 0.987500 0.566667 0.990625 0.572917 0.990625 0.581250 0.993750 0.587500 0.993750 0.597917 0.993750 0.604167 0.993750 0.610417 0.995313 0.618750 0.996875 0.625000 0.996875 0.625000 0.996875 0.616667 0.996875 0.610417 0.996875 0.600000 0.996875 0.593750 0.996875 0.585417 0.996875 0.575000 1.000000 0.572917 1.000000 0.562500 1.000000 0.556250
1 0.753125 0.234375 0.053125 0.031250
1 0.646875 0.241667 0.050000 0.025000
1 0.546875 0.265625 0.050000 0.031250
1 0.431250 0.279167 0.053125 0.029167
1 0.278125 0.306250 0.043750 0.025000
1 0.181250 0.331250 0.053125 0.025000
3 0.923438 0.392708 0.043750 0.068750
3 0.987500 0.362500 0.981250 0.366667 0.975000 0.368750 0.970313 0.368750 0.965625 0.375000 0.960938 0.387500 0.960938 0.397917 0.962500 0.406250 0.964063 0.412500 0.964063 0.418750 0.971875 0.418750 0.981250 0.418750 0.987500 0.418750 0.995313 0.412500 1.000000 0.404167 1.000000 0.387500 1.000000 0.381250 1.000000 0.372917 0.995313 0.362500 0.990625 0.362500 0.987500 0.366667
6 0.781250 0.212500 0.689063 0.218750 0.620313 0.222917 0.548438 0.235417 0.489063 0.254167 0.431250 0.260417 0.370312 0.268750 0.312500 0.287500 0.242188 0.302083 0.179688 0.312500 0.176563 0.341667 0.234375 0.327083 0.292187 0.318750 0.350000 0.302083 0.420312 0.287500 0.500000 0.283333 0.564063 0.275000 0.631250 0.256250 0.704688 0.258333 0.770312 0.250000 0.776563 0.212500
6 0.975000 0.412500 0.959375 0.416667 0.960938 0.441667 0.964063 0.460417 0.968750 0.487500 0.971875 0.510417 0.975000 0.533333 0.978125 0.554167 0.981250 0.577083 0.984375 0.604167 0.990625 0.625000 0.993750 0.629167 0.996875 0.610417 1.000000 0.585417 0.996875 0.562500 0.995313 0.537500 0.990625 0.516667 0.990625 0.495833 0.987500 0.466667 0.982812 0.443750 0.978125 0.416667
7 0.735938 0.433333 0.684375 0.452083 0.665625 0.464583 0.629687 0.483333 0.598437 0.493750 0.565625 0.508333 0.554688 0.537500 0.560937 0.577083 0.573438 0.604167 0.581250 0.641667 0.600000 0.660417 0.628125 0.650000 0.665625 0.629167 0.698438 0.614583 0.729688 0.608333 0.770312 0.589583 0.796875 0.577083 0.789062 0.539583 0.776563 0.493750 0.757812 0.454167 0.731250 0.437500
7 0.800000 0.597917 0.743750 0.606250 0.696875 0.616667 0.657813 0.633333 0.635938 0.645833 0.625000 0.658333 0.625000 0.691667 0.642188 0.729167 0.650000 0.750000 0.656250 0.781250 0.662500 0.795833 0.685937 0.787500 0.704688 0.779167 0.732812 0.768750 0.767188 0.762500 0.800000 0.754167 0.818750 0.743750 0.825000 0.702083 0.807813 0.666667 0.795312 0.618750 0.792188 0.597917
7 0.875000 0.850000 0.839063 0.839583 0.815625 0.839583 0.787500 0.841667 0.768750 0.847917 0.756250 0.860417 0.754687 0.885417 0.754687 0.912500 0.754687 0.943750 0.756250 0.964583 0.770312 0.968750 0.790625 0.968750 0.814063 0.964583 0.834375 0.964583 0.850000 0.964583 0.865625 0.964583 0.878125 0.960417 0.879687 0.943750 0.878125 0.916667 0.875000 0.879167 0.875000 0.854167
7 0.776563 0.043750 0.764062 0.047917 0.751563 0.050000 0.734375 0.050000 0.721875 0.050000 0.712500 0.050000 0.704688 0.054167 0.701562 0.068750 0.701562 0.087500 0.703125 0.097917 0.709375 0.106250 0.717187 0.110417 0.726562 0.106250 0.735938 0.106250 0.767188 0.104167 0.781250 0.102083 0.789062 0.100000 0.790625 0.081250 0.789062 0.068750 0.784375 0.058333 0.776563 0.050000 0.770312 0.047917
7 0.751563 0.000000 0.765625 0.016667 0.768750 0.020833 0.775000 0.050000 0.779687 0.056250 0.787500 0.066667 0.795312 0.072917 0.803125 0.072917 0.809375 0.066667 0.817187 0.060417 0.821875 0.054167 0.825000 0.045833 0.818750 0.033333 0.815625 0.027083 0.809375 0.018750 0.803125 0.012500 0.796875 0.010417 0.790625 0.006250 0.784375 0.000000 0.775000 0.000000 0.767188 0.000000 0.759375 0.000000
7 0.890625 0.383333 0.878125 0.375000 0.867188 0.372917 0.857812 0.375000 0.851562 0.400000 0.850000 0.414583 0.851562 0.431250 0.856250 0.443750 0.860938 0.460417 0.864062 0.472917 0.868750 0.485417 0.878125 0.485417 0.887500 0.485417 0.895312 0.481250 0.900000 0.472917 0.900000 0.456250 0.901563 0.435417 0.896875 0.416667 0.893750 0.400000 0.890625 0.385417 0.890625 0.375000
