8 0.439063 0.625000 0.426563 0.612500 0.403125 0.612500 0.384375 0.618750 0.384375 0.641667 0.381250 0.666667 0.381250 0.693750 0.381250 0.718750 0.381250 0.743750 0.381250 0.768750 0.384375 0.791667 0.403125 0.793750 0.418750 0.793750 0.434375 0.781250 0.439063 0.762500 0.440625 0.737500 0.439063 0.716667 0.437500 0.691667 0.439063 0.666667 0.443750 0.647917 0.439063 0.629167
7 0.681250 0.562500 0.675000 0.550000 0.662500 0.541667 0.651563 0.543750 0.642188 0.554167 0.634375 0.541667 0.621875 0.531250 0.610938 0.529167 0.600000 0.537500 0.595313 0.547917 0.589063 0.562500 0.589063 0.579167 0.600000 0.585417 0.612500 0.591667 0.626563 0.593750 0.640625 0.593750 0.653125 0.593750 0.665625 0.600000 0.675000 0.593750 0.678125 0.575000 0.681250 0.560417
7 0.368750 0.587500 0.360938 0.575000 0.348438 0.568750 0.340625 0.585417 0.335938 0.600000 0.332813 0.618750 0.332813 0.637500 0.331250 0.654167 0.329688 0.672917 0.331250 0.691667 0.340625 0.693750 0.353125 0.687500 0.362500 0.679167 0.364063 0.662500 0.360938 0.650000 0.350000 0.641667 0.356250 0.629167 0.368750 0.631250 0.371875 0.612500 0.371875 0.593750 0.368750 0.581250
7 0.362500 0.135417 0.348438 0.137500 0.337500 0.131250 0.337500 0.143750 0.335938 0.162500 0.332813 0.172917 0.332813 0.197917 0.335938 0.212500 0.337500 0.225000 0.337500 0.243750 0.346875 0.237500 0.356250 0.231250 0.364063 0.225000 0.364063 0.210417 0.364063 0.193750 0.353125 0.191667 0.348438 0.181250 0.356250 0.179167 0.364063 0.172917 0.364063 0.156250 0.362500 0.137500
7 0.331250 0.218750 0.318750 0.216667 0.306250 0.212500 0.293750 0.210417 0.282813 0.210417 0.268750 0.210417 0.256250 0.210417 0.254688 0.222917 0.256250 0.237500 0.259375 0.254167 0.267188 0.262500 0.278125 0.262500 0.285938 0.256250 0.287500 0.243750 0.293750 0.243750 0.300000 0.254167 0.306250 0.262500 0.317188 0.262500 0.328125 0.262500 0.332813 0.250000 0.332813 0.231250 0.332813 0.218750
7 0.225000 0.610417 0.201563 0.618750 0.171875 0.635417 0.145313 0.650000 0.117188 0.662500 0.093750 0.672917 0.081250 0.691667 0.078125 0.725000 0.081250 0.760417 0.092188 0.785417 0.109375 0.800000 0.134375 0.793750 0.159375 0.775000 0.181250 0.762500 0.209375 0.747917 0.234375 0.737500 0.259375 0.725000 0.259375 0.700000 0.248438 0.675000 0.239063 0.647917 0.223438 0.618750
7 0.265625 0.731250 0.228125 0.750000 0.206250 0.762500 0.185938 0.781250 0.165625 0.800000 0.153125 0.822917 0.156250 0.843750 0.165625 0.868750 0.181250 0.885417 0.193750 0.906250 0.212500 0.910417 0.232813 0.900000 0.251563 0.885417 0.275000 0.868750 0.298438 0.854167 0.317188 0.837500 0.312500 0.818750 0.300000 0.793750 0.284375 0.762500 0.271875 0.743750
7 0.328125 0.935417 0.309375 0.937500 0.290625 0.937500 0.275000 0.931250 0.254688 0.929167 0.240625 0.929167 0.234375 0.937500 0.228125 0.956250 0.225000 0.975000 0.225000 0.997917 0.234375 1.004167 0.248438 1.004167 0.262500 1.006250 0.278125 1.006250 0.293750 1.006250 0.306250 1.006250 0.321875 1.006250 0.334375 1.000000 0.335938 0.981250 0.335938 0.962500 0.331250 0.947917 0.321875 0.935417
4 0.468750 0.152083 0.453125 0.152083 0.435937 0.152083 0.423438 0.152083 0.409375 0.152083 0.396875 0.154167 0.395313 0.170833 0.392188 0.189583 0.392188 0.208333 0.392188 0.227083 0.395313 0.239583 0.407813 0.243750 0.418750 0.245833 0.432812 0.245833 0.446875 0.245833 0.460938 0.245833 0.468750 0.237500 0.470313 0.220833 0.470313 0.202083 0.470313 0.183333 0.470313 0.166667
4 0.628125 0.275000 0.612500 0.277083 0.600000 0.283333 0.585938 0.289583 0.573438 0.293750 0.562500 0.300000 0.562500 0.320833 0.567187 0.341667 0.570312 0.356250 0.575000 0.370833 0.579688 0.383333 0.593750 0.379167 0.612500 0.377083 0.625000 0.372917 0.642188 0.368750 0.648438 0.360417 0.645312 0.341667 0.640625 0.322917 0.637500 0.306250 0.632812 0.289583 0.628125 0.275000
4 0.381250 0.268750 0.367188 0.268750 0.353125 0.268750 0.340625 0.266667 0.326562 0.264583 0.314063 0.264583 0.312500 0.281250 0.309375 0.295833 0.306250 0.310417 0.304688 0.327083 0.303125 0.345833 0.307812 0.358333 0.321875 0.358333 0.339062 0.358333 0.351562 0.360417 0.368750 0.364583 0.378125 0.358333 0.378125 0.341667 0.378125 0.322917 0.378125 0.306250 0.381250 0.287500 0.381250 0.268750
4 0.493750 0.433333 0.479687 0.431250 0.465625 0.429167 0.450000 0.429167 0.435937 0.429167 0.423438 0.435417 0.420312 0.450000 0.415625 0.464583 0.415625 0.485417 0.418750 0.502083 0.418750 0.518750 0.426563 0.529167 0.439063 0.527083 0.454688 0.527083 0.468750 0.525000 0.484375 0.525000 0.490625 0.514583 0.493750 0.495833 0.495312 0.477083 0.495312 0.456250 0.493750 0.439583
