0 0.842969 0.769792 0.151562 0.093750
0 0.707812 0.773958 0.140625 0.102083
0 0.429688 0.333333 0.084375 0.137500
0 0.416406 0.463542 0.054688 0.164583
0 0.223438 0.629167 0.121875 0.079167
0 0.113281 0.621875 0.107813 0.110417
7 0.139844 0.952083 0.185938 0.158333
7 0.349219 0.925000 0.095312 0.129167
7 0.346094 0.484375 0.064062 0.097917
7 0.292187 0.527083 0.093750 0.079167
7 0.675781 0.853125 0.120313 0.114583
3 0.608594 0.612500 0.045312 0.104167
3 0.460938 0.482292 0.053125 0.114583
3 0.374219 0.600000 0.067187 0.100000
3 0.465625 0.716667 0.050000 0.041667
