1 0.800000 0.432292 0.037500 0.022917
1 0.892969 0.413542 0.042188 0.022917
1 0.959375 0.400000 0.037500 0.025000
1 0.675000 0.647917 0.668750 0.650000 0.667188 0.656250 0.665625 0.666667 0.665625 0.679167 0.667188 0.687500 0.668750 0.700000 0.671875 0.710417 0.675000 0.718750 0.675000 0.735417 0.679688 0.737500 0.687500 0.735417 0.693750 0.731250 0.700000 0.729167 0.696875 0.712500 0.693750 0.704167 0.693750 0.693750 0.690625 0.681250 0.690625 0.672917 0.689063 0.662500 0.684375 0.656250 0.679688 0.650000
1 0.712500 0.797917 0.704688 0.797917 0.698438 0.800000 0.690625 0.804167 0.689063 0.810417 0.689063 0.818750 0.690625 0.831250 0.690625 0.837500 0.693750 0.847917 0.696875 0.856250 0.698438 0.868750 0.704688 0.868750 0.710938 0.866667 0.715625 0.862500 0.718750 0.856250 0.720313 0.847917 0.718750 0.835417 0.715625 0.829167 0.712500 0.818750 0.710938 0.804167 0.709375 0.793750
1 0.725000 0.931250 0.715625 0.931250 0.712500 0.943750 0.712500 0.954167 0.712500 0.962500 0.712500 0.975000 0.709375 0.987500 0.710938 1.000000 0.721875 1.000000 0.729688 1.000000 0.725000 0.993750 0.718750 0.993750 0.715625 0.991667 0.721875 0.991667 0.731250 0.987500 0.734375 0.981250 0.734375 0.972917 0.734375 0.960417 0.731250 0.950000 0.729688 0.943750 0.725000 0.931250 0.721875 0.929167
1 0.371875 0.500000 0.365625 0.500000 0.359375 0.500000 0.353125 0.500000 0.346875 0.500000 0.343750 0.500000 0.337500 0.504167 0.334375 0.506250 0.329688 0.510417 0.328125 0.516667 0.328125 0.525000 0.328125 0.531250 0.334375 0.531250 0.337500 0.531250 0.343750 0.529167 0.348438 0.525000 0.353125 0.525000 0.360938 0.525000 0.367188 0.525000 0.368750 0.522917 0.371875 0.516667 0.371875 0.506250
1 0.275000 0.516667 0.267188 0.516667 0.262500 0.518750 0.254688 0.518750 0.248438 0.525000 0.240625 0.525000 0.237500 0.529167 0.237500 0.537500 0.237500 0.543750 0.240625 0.550000 0.248438 0.550000 0.254688 0.550000 0.259375 0.547917 0.267188 0.543750 0.271875 0.537500 0.275000 0.537500 0.282813 0.531250 0.284375 0.525000 0.282813 0.518750 0.275000 0.516667 0.270313 0.516667 0.265625 0.516667
1 0.185938 0.531250 0.179688 0.531250 0.168750 0.531250 0.162500 0.531250 0.156250 0.531250 0.150000 0.535417 0.145313 0.537500 0.140625 0.541667 0.140625 0.550000 0.140625 0.556250 0.143750 0.562500 0.150000 0.562500 0.156250 0.562500 0.165625 0.560417 0.170313 0.556250 0.176563 0.556250 0.181250 0.556250 0.187500 0.554167 0.187500 0.543750 0.187500 0.537500
1 0.059375 0.556250 0.054688 0.556250 0.050000 0.556250 0.043750 0.556250 0.040625 0.556250 0.037500 0.560417 0.034375 0.562500 0.034375 0.568750 0.031250 0.572917 0.031250 0.575000 0.034375 0.581250 0.037500 0.581250 0.043750 0.581250 0.046875 0.581250 0.050000 0.581250 0.056250 0.581250 0.059375 0.575000 0.059375 0.572917 0.059375 0.566667 0.059375 0.556250 0.059375 0.554167
1 0.546875 0.000000 0.546875 0.004167 0.548438 0.006250 0.548438 0.012500 0.548438 0.016667 0.550000 0.018750 0.553125 0.018750 0.554688 0.025000 0.557813 0.025000 0.559375 0.025000 0.564063 0.025000 0.565625 0.018750 0.565625 0.016667 0.565625 0.012500 0.565625 0.006250 0.565625 0.004167 0.564063 0.000000 0.562500 0.000000 0.559375 0.000000 0.557813 0.000000 0.554688 0.000000 0.550000 0.000000 0.550000 0.004167
1 0.575000 0.054167 0.571875 0.054167 0.568750 0.054167 0.565625 0.054167 0.559375 0.054167 0.559375 0.056250 0.559375 0.062500 0.559375 0.068750 0.559375 0.072917 0.559375 0.075000 0.559375 0.081250 0.564063 0.081250 0.565625 0.075000 0.565625 0.072917 0.568750 0.068750 0.571875 0.068750 0.573438 0.068750 0.578125 0.068750 0.575000 0.066667 0.575000 0.062500 0.575000 0.056250 0.575000 0.054167
2 0.700000 0.729167 0.690625 0.731250 0.687500 0.735417 0.679688 0.737500 0.678125 0.743750 0.678125 0.756250 0.679688 0.766667 0.682813 0.775000 0.682813 0.785417 0.682813 0.793750 0.687500 0.800000 0.696875 0.800000 0.700000 0.793750 0.706250 0.791667 0.709375 0.787500 0.709375 0.779167 0.706250 0.768750 0.703125 0.762500 0.700000 0.750000 0.700000 0.737500 0.698438 0.729167
2 0.718750 0.862500 0.712500 0.862500 0.709375 0.868750 0.703125 0.872917 0.700000 0.875000 0.700000 0.881250 0.700000 0.891667 0.700000 0.893750 0.704688 0.904167 0.709375 0.906250 0.710938 0.912500 0.714063 0.916667 0.718750 0.918750 0.725000 0.918750 0.729688 0.918750 0.729688 0.912500 0.729688 0.904167 0.729688 0.893750 0.728125 0.887500 0.725000 0.879167 0.721875 0.875000 0.720313 0.868750
2 0.862500 0.397917 0.853125 0.400000 0.846875 0.400000 0.840625 0.404167 0.835938 0.404167 0.829688 0.404167 0.825000 0.406250 0.821875 0.406250 0.818750 0.412500 0.818750 0.425000 0.821875 0.431250 0.821875 0.437500 0.828125 0.437500 0.831250 0.437500 0.839063 0.431250 0.843750 0.431250 0.850000 0.431250 0.856250 0.429167 0.860938 0.425000 0.867188 0.422917 0.867188 0.412500 0.867188 0.406250 0.865625 0.400000
2 0.934375 0.387500 0.932813 0.387500 0.928125 0.387500 0.923438 0.387500 0.918750 0.387500 0.915625 0.387500 0.912500 0.391667 0.912500 0.393750 0.912500 0.400000 0.915625 0.404167 0.915625 0.406250 0.917188 0.412500 0.918750 0.416667 0.923438 0.416667 0.928125 0.416667 0.932813 0.416667 0.934375 0.412500 0.934375 0.406250 0.934375 0.404167 0.934375 0.397917 0.934375 0.391667 0.934375 0.387500
2 0.996875 0.379167 0.990625 0.379167 0.987500 0.379167 0.981250 0.381250 0.978125 0.381250 0.978125 0.387500 0.978125 0.393750 0.978125 0.400000 0.978125 0.404167 0.979688 0.406250 0.984375 0.406250 0.987500 0.406250 0.990625 0.404167 0.993750 0.404167 0.995313 0.400000 0.996875 0.393750 0.996875 0.391667 0.995313 0.387500 0.995313 0.381250 0.995313 0.375000
2 0.568750 0.018750 0.564063 0.018750 0.559375 0.022917 0.557813 0.025000 0.554688 0.025000 0.550000 0.029167 0.550000 0.031250 0.550000 0.037500 0.553125 0.043750 0.556250 0.050000 0.557813 0.054167 0.559375 0.054167 0.565625 0.054167 0.568750 0.054167 0.573438 0.050000 0.573438 0.047917 0.573438 0.041667 0.573438 0.037500 0.571875 0.031250 0.568750 0.029167 0.568750 0.025000 0.565625 0.018750
2 0.100000 0.547917 0.093750 0.550000 0.089063 0.554167 0.081250 0.554167 0.076563 0.554167 0.068750 0.554167 0.065625 0.556250 0.062500 0.562500 0.062500 0.572917 0.062500 0.575000 0.068750 0.579167 0.075000 0.579167 0.081250 0.579167 0.089063 0.579167 0.093750 0.575000 0.096875 0.575000 0.100000 0.572917 0.104688 0.566667 0.104688 0.556250 0.103125 0.550000 0.100000 0.543750
2 0.131250 0.537500 0.128125 0.537500 0.123438 0.537500 0.117188 0.541667 0.112500 0.543750 0.109375 0.543750 0.106250 0.547917 0.106250 0.554167 0.107813 0.560417 0.109375 0.566667 0.109375 0.572917 0.112500 0.575000 0.117188 0.575000 0.123438 0.575000 0.128125 0.572917 0.131250 0.568750 0.134375 0.566667 0.137500 0.562500 0.140625 0.556250 0.139063 0.550000 0.137500 0.543750 0.134375 0.541667
2 0.025000 0.562500 0.020313 0.562500 0.017188 0.566667 0.009375 0.566667 0.006250 0.566667 0.003125 0.568750 0.001563 0.572917 0.000000 0.575000 0.000000 0.585417 0.000000 0.593750 0.001563 0.593750 0.006250 0.593750 0.012500 0.593750 0.017188 0.587500 0.020313 0.587500 0.023438 0.585417 0.025000 0.581250 0.025000 0.575000 0.025000 0.568750 0.025000 0.562500 0.021875 0.562500
2 0.223438 0.518750 0.209375 0.518750 0.203125 0.522917 0.193750 0.522917 0.185938 0.522917 0.179688 0.525000 0.178125 0.531250 0.178125 0.541667 0.179688 0.550000 0.181250 0.556250 0.185938 0.562500 0.192188 0.566667 0.200000 0.566667 0.207813 0.562500 0.212500 0.560417 0.218750 0.556250 0.225000 0.554167 0.231250 0.547917 0.228125 0.537500 0.228125 0.525000 0.228125 0.516667
2 0.312500 0.504167 0.304688 0.504167 0.293750 0.504167 0.287500 0.504167 0.284375 0.510417 0.284375 0.516667 0.284375 0.525000 0.285938 0.531250 0.287500 0.537500 0.293750 0.537500 0.301563 0.537500 0.306250 0.537500 0.314063 0.537500 0.318750 0.535417 0.325000 0.531250 0.325000 0.529167 0.328125 0.518750 0.329688 0.510417 0.325000 0.506250 0.321875 0.504167 0.315625 0.504167 0.309375 0.500000
2 0.398438 0.500000 0.392188 0.500000 0.387500 0.500000 0.381250 0.500000 0.376563 0.500000 0.371875 0.500000 0.368750 0.500000 0.365625 0.500000 0.367188 0.504167 0.368750 0.510417 0.371875 0.510417 0.371875 0.518750 0.375000 0.525000 0.376563 0.525000 0.379688 0.525000 0.384375 0.525000 0.387500 0.525000 0.392188 0.525000 0.392188 0.518750 0.393750 0.516667 0.395313 0.510417 0.395313 0.506250 0.396875 0.500000 0.398438 0.497917
3 0.578125 0.135417 0.585938 0.137500 0.593750 0.141667 0.600000 0.143750 0.604688 0.143750 0.610938 0.137500 0.615625 0.125000 0.615625 0.112500 0.617188 0.100000 0.618750 0.091667 0.618750 0.085417 0.621875 0.079167 0.626563 0.075000 0.628125 0.068750 0.612500 0.068750 0.603125 0.075000 0.603125 0.087500 0.600000 0.106250 0.596875 0.116667 0.593750 0.122917 0.590625 0.129167 0.584375 0.137500
3 0.700000 0.235417 0.684375 0.235417 0.675000 0.237500 0.675000 0.243750 0.679688 0.254167 0.690625 0.272917 0.696875 0.279167 0.700000 0.291667 0.704688 0.304167 0.709375 0.312500 0.709375 0.322917 0.718750 0.318750 0.725000 0.318750 0.728125 0.312500 0.729688 0.297917 0.720313 0.279167 0.712500 0.266667 0.706250 0.254167 0.704688 0.243750 0.700000 0.235417 0.696875 0.229167
3 0.682813 0.581250 0.668750 0.593750 0.662500 0.600000 0.651563 0.612500 0.637500 0.622917 0.626563 0.631250 0.620313 0.637500 0.620313 0.650000 0.625000 0.656250 0.637500 0.656250 0.657813 0.650000 0.671875 0.637500 0.684375 0.629167 0.693750 0.618750 0.704688 0.612500 0.704688 0.606250 0.696875 0.597917 0.690625 0.587500 0.687500 0.579167 0.682813 0.572917 0.675000 0.587500
3 0.418750 0.447917 0.410938 0.447917 0.409375 0.479167 0.406250 0.493750 0.403125 0.506250 0.396875 0.516667 0.392188 0.522917 0.384375 0.543750 0.384375 0.560417 0.381250 0.572917 0.392188 0.572917 0.403125 0.575000 0.412500 0.575000 0.418750 0.543750 0.428125 0.518750 0.431250 0.504167 0.431250 0.491667 0.431250 0.475000 0.431250 0.460417 0.434375 0.443750 0.426563 0.447917
6 0.396875 0.481250 0.350000 0.491667 0.307812 0.491667 0.270313 0.500000 0.232813 0.504167 0.189062 0.514583 0.135937 0.529167 0.096875 0.533333 0.051562 0.541667 0.010937 0.558333 0.001563 0.591667 0.031250 0.583333 0.067187 0.572917 0.107813 0.566667 0.150000 0.560417 0.196875 0.547917 0.240625 0.541667 0.298438 0.541667 0.356250 0.527083 0.393750 0.516667 0.398438 0.481250
6 0.482812 0.487500 0.460938 0.468750 0.454688 0.466667 0.443750 0.464583 0.437500 0.468750 0.432812 0.472917 0.426563 0.477083 0.421875 0.483333 0.418750 0.489583 0.421875 0.500000 0.423438 0.508333 0.429688 0.512500 0.435937 0.514583 0.443750 0.514583 0.451562 0.514583 0.460938 0.514583 0.468750 0.510417 0.473438 0.508333 0.479687 0.504167 0.485938 0.500000 0.484375 0.489583
6 0.993750 0.372917 0.957812 0.377083 0.921875 0.387500 0.896875 0.393750 0.876563 0.404167 0.854688 0.406250 0.825000 0.410417 0.793750 0.412500 0.779687 0.425000 0.784375 0.447917 0.801562 0.441667 0.818750 0.437500 0.848437 0.431250 0.870313 0.429167 0.893750 0.425000 0.917188 0.420833 0.939063 0.414583 0.964063 0.412500 0.987500 0.406250 0.998437 0.391667
6 0.675000 0.645833 0.660937 0.670833 0.667188 0.706250 0.673438 0.743750 0.679688 0.775000 0.685937 0.810417 0.690625 0.866667 0.692187 0.925000 0.698438 0.962500 0.696875 1.008333 0.698438 1.060417 0.731250 1.010417 0.739062 0.972917 0.734375 0.941667 0.728125 0.891667 0.721875 0.843750 0.712500 0.797917 0.707812 0.750000 0.698438 0.697917 0.687500 0.664583 0.675000 0.641667
6 0.567187 0.000000 0.567187 0.000000 0.565625 0.000000 0.564063 0.000000 0.564063 0.000000 0.562500 0.000000 0.560937 0.000000 0.560937 0.000000 0.559375 0.000000 0.557813 0.000000 0.557813 0.000000 0.557813 0.000000 0.556250 0.000000 0.554688 0.000000 0.554688 0.000000 0.553125 0.000000 0.553125 0.000000 0.551562 0.000000 0.551562 0.000000 0.550000 0.000000 0.548438 0.000000 0.548438 0.000000 0.548438 0.000000 0.546875 0.000000 0.545312 0.000000 0.543750 0.000000 0.543750 0.000000 0.542188 0.000000 0.540625 0.000000 0.540625 0.000000 0.540625 0.000000 0.540625 0.000000
6 0.543750 0.000000 0.543750 0.020833 0.546875 0.033333 0.548438 0.043750 0.550000 0.054167 0.553125 0.064583 0.554688 0.072917 0.556250 0.081250 0.560937 0.077083 0.567187 0.072917 0.573438 0.068750 0.576562 0.060417 0.576562 0.047917 0.576562 0.037500 0.576562 0.025000 0.571875 0.018750 0.567187 0.012500 0.560937 0.006250 0.557813 0.002083 0.548438 0.002083 0.545312 0.008333 0.540625 0.008333
7 0.447656 0.343750 0.082812 0.050000
7 0.504687 0.220833 0.493750 0.227083 0.485938 0.235417 0.476562 0.250000 0.473438 0.262500 0.476562 0.275000 0.484375 0.283333 0.489063 0.293750 0.492188 0.304167 0.500000 0.318750 0.504687 0.327083 0.514062 0.327083 0.521875 0.318750 0.531250 0.306250 0.534375 0.293750 0.529687 0.279167 0.526563 0.268750 0.523438 0.256250 0.518750 0.239583 0.515625 0.227083 0.506250 0.220833
7 0.561719 0.681250 0.035937 0.112500
7 0.864062 0.525000 0.850000 0.525000 0.839063 0.525000 0.825000 0.525000 0.815625 0.525000 0.804688 0.527083 0.795312 0.531250 0.790625 0.541667 0.790625 0.554167 0.790625 0.572917 0.790625 0.583333 0.801562 0.585417 0.817187 0.585417 0.829688 0.585417 0.842187 0.585417 0.854688 0.585417 0.864062 0.583333 0.876563 0.577083 0.875000 0.560417 0.870313 0.550000 0.865625 0.535417 0.862500 0.527083
7 0.414062 0.689583 0.367188 0.706250 0.321875 0.725000 0.285938 0.745833 0.267188 0.758333 0.243750 0.770833 0.240625 0.802083 0.250000 0.831250 0.259375 0.858333 0.268750 0.885417 0.282813 0.895833 0.325000 0.887500 0.379688 0.864583 0.410938 0.858333 0.456250 0.852083 0.485938 0.843750 0.481250 0.791667 0.464062 0.743750 0.443750 0.691667 0.423438 0.689583 0.404687 0.689583
7 0.479687 0.847917 0.439063 0.856250 0.412500 0.858333 0.367188 0.872917 0.325000 0.881250 0.303125 0.891667 0.306250 0.910417 0.312500 0.933333 0.317188 0.954167 0.317188 0.983333 0.328125 0.989583 0.346875 1.000000 0.365625 0.997917 0.385937 0.991667 0.412500 0.989583 0.439063 0.989583 0.470313 0.985417 0.492188 0.981250 0.495312 0.945833 0.487500 0.900000 0.473438 0.841667
