0 0.423438 0.434375 0.128125 0.093750
0 0.606250 0.457292 0.125000 0.081250
1 0.348438 0.363542 0.053125 0.035417
1 0.471094 0.371875 0.054688 0.031250
1 0.575000 0.384375 0.043750 0.031250
1 0.659375 0.393750 0.037500 0.025000
1 0.728125 0.407292 0.028125 0.031250
1 0.792188 0.409375 0.037500 0.031250
1 0.864844 0.416667 0.042188 0.029167
2 0.409375 0.363542 0.059375 0.035417
2 0.528125 0.376042 0.043750 0.035417
2 0.620313 0.387500 0.034375 0.025000
2 0.699219 0.396875 0.032813 0.031250
2 0.759375 0.407292 0.034375 0.031250
2 0.825000 0.409375 0.028125 0.031250
2 0.899219 0.421875 0.032813 0.031250
2 0.145313 0.729167 0.028125 0.100000
2 0.140625 0.894792 0.028125 0.093750
1 0.140625 0.629167 0.021875 0.104167
1 0.140625 0.810417 0.034375 0.087500
1 0.142969 0.968750 0.032813 0.062500
3 0.210938 0.104167 0.215625 0.112500 0.217188 0.125000 0.218750 0.131250 0.218750 0.141667 0.218750 0.143750 0.223438 0.154167 0.225000 0.156250 0.228125 0.162500 0.231250 0.166667 0.239063 0.166667 0.250000 0.166667 0.253125 0.156250 0.250000 0.150000 0.246875 0.141667 0.243750 0.131250 0.243750 0.122917 0.243750 0.116667 0.243750 0.110417 0.243750 0.106250 0.240625 0.097917
3 0.240625 0.093750 0.240625 0.093750 0.240625 0.093750
3 0.240625 0.093750 0.239063 0.091667 0.239063 0.087500 0.237500 0.087500 0.237500 0.087500
3 0.237500 0.081250 0.237500 0.081250 0.237500 0.081250
3 0.053125 0.281250 0.054688 0.312500 0.050000 0.337500 0.050000 0.350000 0.053125 0.362500 0.056250 0.375000 0.059375 0.381250 0.068750 0.381250 0.075000 0.381250 0.081250 0.381250 0.085938 0.375000 0.081250 0.347917 0.081250 0.331250 0.081250 0.318750 0.081250 0.300000 0.081250 0.287500 0.081250 0.279167 0.076563 0.275000 0.071875 0.279167 0.065625 0.279167 0.057813 0.281250
3 0.104688 0.381250 0.106250 0.393750 0.109375 0.406250 0.125000 0.418750 0.146875 0.425000 0.160938 0.425000 0.176563 0.425000 0.185938 0.425000 0.196875 0.425000 0.209375 0.425000 0.212500 0.418750 0.206250 0.406250 0.203125 0.393750 0.200000 0.387500 0.181250 0.385417 0.165625 0.381250 0.150000 0.381250 0.140625 0.381250 0.128125 0.379167 0.115625 0.379167 0.106250 0.379167 0.109375 0.387500
4 0.753125 0.010417 0.753125 0.016667 0.753125 0.025000 0.756250 0.031250 0.759375 0.041667 0.759375 0.050000 0.762500 0.050000 0.773438 0.050000 0.781250 0.050000 0.787500 0.050000 0.793750 0.050000 0.796875 0.054167 0.796875 0.043750 0.796875 0.035417 0.793750 0.025000 0.793750 0.018750 0.787500 0.016667 0.782813 0.016667 0.776563 0.016667 0.768750 0.016667 0.762500 0.016667 0.756250 0.016667
6 0.143750 0.791667 0.040625 0.429167
6 0.909375 0.404167 0.821875 0.387500 0.765625 0.391667 0.712500 0.381250 0.659375 0.379167 0.593750 0.368750 0.518750 0.360417 0.460938 0.356250 0.423438 0.350000 0.371875 0.343750 0.318750 0.360417 0.353125 0.387500 0.415625 0.385417 0.468750 0.381250 0.525000 0.393750 0.575000 0.404167 0.662500 0.410417 0.721875 0.418750 0.781250 0.431250 0.860938 0.447917 0.912500 0.412500
7 0.423438 0.487500 0.381250 0.481250 0.364063 0.481250 0.346875 0.475000 0.328125 0.472917 0.312500 0.472917 0.304688 0.481250 0.304688 0.504167 0.306250 0.518750 0.309375 0.535417 0.325000 0.537500 0.337500 0.543750 0.348438 0.550000 0.364063 0.554167 0.376563 0.556250 0.390625 0.562500 0.400000 0.562500 0.409375 0.550000 0.418750 0.525000 0.418750 0.504167 0.418750 0.487500
7 0.034375 0.500000 0.015625 0.493750 0.006250 0.487500 0.001563 0.493750 0.000000 0.506250 0.000000 0.525000 0.000000 0.543750 0.000000 0.556250 -0.001563 0.575000 -0.001563 0.591667 -0.001563 0.606250 0.000000 0.618750 0.006250 0.618750 0.009375 0.604167 0.014063 0.587500 0.015625 0.575000 0.020313 0.560417 0.025000 0.547917 0.028125 0.531250 0.031250 0.516667 0.031250 0.500000 0.034375 0.491667
7 0.054688 0.062500 0.043750 0.066667 0.028125 0.068750 0.020313 0.075000 0.012500 0.081250 0.014063 0.093750 0.020313 0.110417 0.025000 0.125000 0.032813 0.137500 0.040625 0.143750 0.043750 0.156250 0.056250 0.162500 0.062500 0.162500 0.071875 0.156250 0.071875 0.143750 0.068750 0.129167 0.062500 0.116667 0.059375 0.100000 0.056250 0.087500 0.053125 0.072917 0.046875 0.062500
