3 0.456250 0.312500 0.454688 0.306250 0.450000 0.304167 0.446875 0.297917 0.446875 0.291667 0.443750 0.285417 0.440625 0.281250 0.439063 0.281250 0.434375 0.287500 0.431250 0.291667 0.431250 0.293750 0.431250 0.304167 0.431250 0.306250 0.434375 0.318750 0.439063 0.322917 0.442188 0.325000 0.446875 0.325000 0.450000 0.325000 0.453125 0.322917 0.453125 0.318750 0.453125 0.306250
3 0.521875 0.356250 0.518750 0.356250 0.515625 0.356250 0.510938 0.362500 0.509375 0.368750 0.509375 0.372917 0.509375 0.375000 0.509375 0.381250 0.509375 0.387500 0.509375 0.391667 0.512500 0.393750 0.515625 0.400000 0.518750 0.400000 0.523438 0.400000 0.523438 0.393750 0.525000 0.387500 0.525000 0.387500 0.525000 0.381250 0.525000 0.375000 0.525000 0.368750 0.525000 0.362500 0.525000 0.360417 0.525000 0.356250 0.518750 0.350000 0.512500 0.350000
3 0.393750 0.356250 0.390625 0.350000 0.384375 0.347917 0.381250 0.343750 0.379688 0.343750 0.376563 0.347917 0.371875 0.350000 0.371875 0.356250 0.371875 0.362500 0.371875 0.368750 0.376563 0.375000 0.379688 0.381250 0.379688 0.387500 0.384375 0.391667 0.387500 0.400000 0.392188 0.400000 0.395313 0.393750 0.396875 0.387500 0.396875 0.381250 0.395313 0.375000 0.395313 0.366667 0.393750 0.360417 0.392188 0.356250 0.390625 0.350000
3 0.421875 0.418750 0.421875 0.425000 0.425000 0.431250 0.425000 0.437500 0.426563 0.447917 0.426563 0.456250 0.426563 0.460417 0.428125 0.468750 0.431250 0.475000 0.431250 0.485417 0.437500 0.487500 0.440625 0.481250 0.442188 0.475000 0.443750 0.468750 0.443750 0.460417 0.443750 0.456250 0.442188 0.447917 0.440625 0.443750 0.439063 0.437500 0.434375 0.431250 0.431250 0.425000 0.428125 0.422917 0.425000 0.418750 0.418750 0.418750
7 0.212500 0.543750 0.206250 0.556250 0.196875 0.568750 0.187500 0.581250 0.187500 0.600000 0.192188 0.618750 0.196875 0.629167 0.217188 0.631250 0.234375 0.637500 0.253125 0.637500 0.267188 0.637500 0.275000 0.631250 0.282813 0.622917 0.290625 0.604167 0.293750 0.585417 0.293750 0.568750 0.293750 0.550000 0.290625 0.537500 0.275000 0.537500 0.243750 0.537500 0.217188 0.537500 0.207813 0.543750
7 0.225000 0.743750 0.193750 0.756250 0.185938 0.766667 0.185938 0.775000 0.185938 0.781250 0.187500 0.791667 0.193750 0.800000 0.201563 0.812500 0.206250 0.822917 0.210938 0.825000 0.221875 0.831250 0.228125 0.831250 0.237500 0.831250 0.243750 0.831250 0.250000 0.825000 0.253125 0.804167 0.256250 0.781250 0.256250 0.768750 0.256250 0.756250 0.243750 0.754167 0.228125 0.750000 0.218750 0.747917 0.207813 0.747917
7 0.531250 0.518750 0.528125 0.525000 0.523438 0.531250 0.521875 0.537500 0.518750 0.543750 0.518750 0.554167 0.525000 0.560417 0.531250 0.562500 0.537500 0.562500 0.557813 0.572917 0.568750 0.568750 0.573438 0.562500 0.578125 0.556250 0.578125 0.550000 0.578125 0.541667 0.568750 0.531250 0.557813 0.531250 0.550000 0.531250 0.542188 0.531250 0.534375 0.531250 0.526563 0.531250
7 0.367188 0.325000 0.356250 0.325000 0.350000 0.325000 0.343750 0.325000 0.340625 0.331250 0.340625 0.347917 0.346875 0.356250 0.350000 0.360417 0.359375 0.362500 0.365625 0.366667 0.371875 0.366667 0.379688 0.366667 0.387500 0.362500 0.395313 0.356250 0.396875 0.350000 0.396875 0.343750 0.396875 0.335417 0.393750 0.329167 0.387500 0.325000 0.381250 0.322917 0.376563 0.318750 0.368750 0.318750
7 0.400000 0.281250 0.398438 0.281250 0.395313 0.287500 0.393750 0.293750 0.392188 0.304167 0.392188 0.312500 0.392188 0.318750 0.392188 0.329167 0.395313 0.331250 0.400000 0.335417 0.406250 0.335417 0.412500 0.331250 0.412500 0.325000 0.415625 0.318750 0.418750 0.306250 0.418750 0.300000 0.418750 0.293750 0.415625 0.291667 0.412500 0.285417 0.409375 0.281250 0.400000 0.279167
4 0.917188 0.137500 0.915625 0.143750 0.915625 0.150000 0.915625 0.156250 0.915625 0.162500 0.915625 0.168750 0.915625 0.175000 0.918750 0.179167 0.925000 0.179167 0.934375 0.179167 0.940625 0.179167 0.943750 0.179167 0.948438 0.175000 0.948438 0.168750 0.948438 0.162500 0.948438 0.160417 0.948438 0.156250 0.948438 0.150000 0.948438 0.143750 0.948438 0.137500
4 0.918750 0.931250 0.918750 0.941667 0.918750 0.947917 0.918750 0.956250 0.918750 0.968750 0.918750 0.975000 0.918750 0.981250 0.923438 0.985417 0.934375 0.985417 0.954688 0.981250 0.959375 0.972917 0.959375 0.960417 0.959375 0.950000 0.959375 0.943750 0.959375 0.931250 0.960938 0.925000 0.956250 0.918750 0.950000 0.925000 0.943750 0.925000 0.940625 0.929167 0.937500 0.931250 0.932813 0.931250 0.928125 0.931250 0.923438 0.931250
4 0.001563 0.731250 0.001563 0.735417 0.001563 0.737500 0.000000 0.743750 0.000000 0.750000 0.000000 0.756250 0.000000 0.756250 0.000000 0.762500 0.000000 0.762500 0.003125 0.762500 0.003125 0.762500 0.006250 0.762500 0.009375 0.762500 0.009375 0.762500 0.012500 0.756250 0.012500 0.754167 0.014063 0.750000 0.014063 0.743750 0.014063 0.737500 0.014063 0.737500 0.014063 0.735417 0.014063 0.731250 0.009375 0.731250 0.006250 0.731250 0.003125 0.731250
6 0.573438 0.545833 0.589063 0.570833 0.628125 0.577083 0.667188 0.587500 0.723437 0.593750 0.767188 0.602083 0.809375 0.604167 0.878125 0.606250 0.932813 0.614583 0.968750 0.618750 0.981250 0.597917 0.945312 0.595833 0.901563 0.595833 0.859375 0.595833 0.821875 0.587500 0.773438 0.579167 0.728125 0.577083 0.681250 0.575000 0.632812 0.568750 0.589063 0.560417 0.557813 0.556250
6 0.535937 0.564583 0.528125 0.600000 0.523438 0.639583 0.518750 0.675000 0.515625 0.712500 0.512500 0.750000 0.507812 0.791667 0.503125 0.833333 0.500000 0.875000 0.495312 0.908333 0.507812 0.920833 0.510938 0.883333 0.518750 0.843750 0.521875 0.808333 0.526563 0.772917 0.529687 0.735417 0.534375 0.700000 0.537500 0.660417 0.540625 0.622917 0.543750 0.577083 0.532813 0.568750
6 0.450000 0.568750 0.434375 0.597917 0.429688 0.633333 0.426563 0.670833 0.421875 0.710417 0.421875 0.743750 0.418750 0.795833 0.410938 0.835417 0.404687 0.875000 0.392188 0.925000 0.401562 0.947917 0.417187 0.908333 0.423438 0.872917 0.428125 0.831250 0.429688 0.795833 0.434375 0.752083 0.437500 0.714583 0.440625 0.670833 0.442188 0.633333 0.450000 0.597917 0.453125 0.570833
6 0.378125 0.564583 0.362500 0.581250 0.354687 0.608333 0.350000 0.635417 0.346875 0.670833 0.342187 0.702083 0.337500 0.737500 0.334375 0.772917 0.328125 0.806250 0.321875 0.841667 0.315625 0.870833 0.315625 0.895833 0.329688 0.875000 0.334375 0.839583 0.340625 0.808333 0.346875 0.766667 0.350000 0.733333 0.357812 0.687500 0.364063 0.647917 0.367188 0.610417 0.371875 0.583333
6 0.081250 0.416667 0.060937 0.420833 0.081250 0.431250 0.117188 0.431250 0.143750 0.437500 0.173437 0.443750 0.203125 0.443750 0.237500 0.450000 0.289062 0.454167 0.328125 0.454167 0.359375 0.456250 0.373437 0.439583 0.354687 0.431250 0.323437 0.429167 0.285938 0.425000 0.250000 0.425000 0.207813 0.425000 0.167187 0.416667 0.121875 0.416667 0.095312 0.416667
6 0.051562 0.477083 0.056250 0.493750 0.085938 0.500000 0.118750 0.508333 0.153125 0.514583 0.195312 0.520833 0.221875 0.525000 0.250000 0.531250 0.276562 0.537500 0.310937 0.543750 0.335938 0.545833 0.359375 0.550000 0.373437 0.533333 0.346875 0.516667 0.317188 0.516667 0.265625 0.508333 0.218750 0.504167 0.182812 0.500000 0.120313 0.489583 0.089063 0.485417 0.043750 0.481250
6 0.084375 0.356250 0.079687 0.366667 0.109375 0.368750 0.154688 0.368750 0.182812 0.372917 0.221875 0.379167 0.254688 0.379167 0.295312 0.379167 0.340625 0.381250 0.373437 0.381250 0.382812 0.364583 0.346875 0.356250 0.315625 0.358333 0.289062 0.358333 0.245312 0.358333 0.209375 0.358333 0.175000 0.358333 0.148438 0.358333 0.114062 0.352083 0.089063 0.347917 0.068750 0.352083
6 0.445312 0.114583 0.439063 0.139583 0.434375 0.156250 0.431250 0.179167 0.428125 0.202083 0.421875 0.222917 0.418750 0.239583 0.415625 0.262500 0.409375 0.285417 0.406250 0.304167 0.412500 0.318750 0.425000 0.306250 0.432812 0.279167 0.434375 0.258333 0.437500 0.235417 0.443750 0.214583 0.446875 0.195833 0.451562 0.166667 0.451562 0.147917 0.457813 0.118750 0.448437 0.112500
6 0.517188 0.110417 0.509375 0.137500 0.503125 0.158333 0.503125 0.181250 0.501563 0.197917 0.498437 0.216667 0.493750 0.235417 0.490625 0.250000 0.485938 0.268750 0.487500 0.283333 0.498437 0.275000 0.503125 0.256250 0.507812 0.237500 0.510938 0.222917 0.515625 0.206250 0.518750 0.181250 0.520312 0.162500 0.523438 0.145833 0.528125 0.125000 0.528125 0.108333 0.515625 0.102083
6 0.593750 0.102083 0.585938 0.172917 0.582812 0.239583 0.576562 0.291667 0.568750 0.356250 0.620313 0.364583 0.712500 0.366667 0.760938 0.379167 0.854688 0.391667 0.932813 0.395833 0.973437 0.387500 0.920312 0.379167 0.862500 0.379167 0.809375 0.364583 0.739062 0.352083 0.676562 0.350000 0.606250 0.350000 0.593750 0.295833 0.603125 0.233333 0.603125 0.164583 0.600000 0.102083
1 0.596875 0.108333 0.595313 0.110417 0.595313 0.112500 0.593750 0.116667 0.593750 0.120833 0.592187 0.125000 0.592187 0.127083 0.592187 0.129167 0.592187 0.133333 0.592187 0.133333 0.592187 0.137500 0.593750 0.137500 0.595313 0.137500 0.596875 0.137500 0.598437 0.135417 0.600000 0.133333 0.600000 0.133333 0.600000 0.129167 0.603125 0.129167 0.603125 0.125000 0.603125 0.122917 0.603125 0.118750 0.603125 0.116667 0.603125 0.114583 0.603125 0.110417 0.601562 0.108333 0.600000 0.106250 0.600000 0.104167 0.598437 0.102083
1 0.525000 0.102083 0.523438 0.102083 0.520312 0.102083 0.517188 0.106250 0.515625 0.106250 0.514062 0.108333 0.512500 0.114583 0.512500 0.116667 0.510938 0.122917 0.510938 0.129167 0.510938 0.129167 0.510938 0.133333 0.512500 0.135417 0.515625 0.135417 0.517188 0.135417 0.518750 0.135417 0.520312 0.135417 0.521875 0.133333 0.525000 0.129167 0.525000 0.127083 0.528125 0.122917 0.528125 0.116667 0.528125 0.114583 0.528125 0.110417 0.528125 0.106250 0.528125 0.104167 0.528125 0.102083 0.528125 0.100000
1 0.451562 0.110417 0.446875 0.110417 0.443750 0.116667 0.443750 0.118750 0.440625 0.125000 0.440625 0.129167 0.440625 0.135417 0.440625 0.141667 0.440625 0.145833 0.443750 0.145833 0.446875 0.145833 0.451562 0.145833 0.454688 0.145833 0.457813 0.141667 0.460938 0.133333 0.460938 0.129167 0.460938 0.122917 0.460938 0.116667 0.460938 0.114583 0.460938 0.110417 0.457813 0.110417
1 0.443750 0.170833 0.440625 0.170833 0.439063 0.170833 0.437500 0.175000 0.435937 0.177083 0.434375 0.179167 0.434375 0.183333 0.434375 0.183333 0.434375 0.189583 0.434375 0.189583 0.434375 0.193750 0.434375 0.197917 0.434375 0.202083 0.434375 0.202083 0.437500 0.204167 0.439063 0.204167 0.440625 0.204167 0.443750 0.204167 0.446875 0.202083 0.446875 0.195833 0.446875 0.191667 0.446875 0.185417 0.446875 0.183333 0.446875 0.179167 0.446875 0.175000 0.446875 0.172917 0.446875 0.168750 0.446875 0.168750 0.451562 0.168750
1 0.507812 0.152083 0.503125 0.154167 0.503125 0.166667 0.501563 0.170833 0.501563 0.179167 0.501563 0.183333 0.504687 0.189583 0.507812 0.191667 0.512500 0.193750 0.515625 0.193750 0.518750 0.189583 0.518750 0.183333 0.518750 0.170833 0.518750 0.162500 0.518750 0.158333 0.518750 0.154167 0.518750 0.150000 0.515625 0.145833 0.510938 0.143750 0.507812 0.143750 0.506250 0.145833 0.503125 0.147917
1 0.589063 0.156250 0.589063 0.158333 0.585938 0.164583 0.585938 0.168750 0.585938 0.170833 0.585938 0.175000 0.585938 0.181250 0.585938 0.183333 0.585938 0.185417 0.587500 0.187500 0.589063 0.187500 0.593750 0.187500 0.595313 0.187500 0.596875 0.187500 0.600000 0.187500 0.601562 0.183333 0.603125 0.181250 0.603125 0.175000 0.603125 0.170833 0.603125 0.166667 0.603125 0.162500 0.603125 0.160417 0.601562 0.158333 0.598437 0.154167 0.595313 0.152083 0.593750 0.152083 0.590625 0.152083 0.585938 0.152083
1 0.428125 0.227083 0.421875 0.227083 0.420312 0.227083 0.418750 0.231250 0.418750 0.239583 0.417187 0.247917 0.415625 0.254167 0.415625 0.258333 0.415625 0.262500 0.415625 0.266667 0.417187 0.268750 0.425000 0.268750 0.434375 0.264583 0.439063 0.262500 0.440625 0.258333 0.440625 0.245833 0.440625 0.237500 0.439063 0.231250 0.439063 0.227083 0.437500 0.222917 0.434375 0.218750 0.431250 0.218750 0.428125 0.218750 0.431250 0.220833
1 0.504687 0.208333 0.504687 0.206250 0.501563 0.206250 0.498437 0.210417 0.495312 0.216667 0.493750 0.218750 0.493750 0.227083 0.493750 0.235417 0.493750 0.237500 0.495312 0.239583 0.498437 0.239583 0.501563 0.239583 0.504687 0.239583 0.506250 0.235417 0.509375 0.231250 0.510938 0.227083 0.512500 0.220833 0.512500 0.214583 0.510938 0.210417 0.509375 0.208333 0.506250 0.206250 0.504687 0.202083 0.503125 0.202083
1 0.595313 0.195833 0.593750 0.195833 0.589063 0.206250 0.585938 0.210417 0.585938 0.214583 0.584375 0.218750 0.584375 0.220833 0.584375 0.222917 0.584375 0.229167 0.584375 0.231250 0.584375 0.235417 0.585938 0.235417 0.589063 0.237500 0.590625 0.237500 0.592187 0.237500 0.595313 0.237500 0.596875 0.235417 0.596875 0.233333 0.598437 0.229167 0.600000 0.227083 0.600000 0.218750 0.600000 0.212500 0.600000 0.210417 0.600000 0.202083 0.600000 0.197917 0.600000 0.193750 0.600000 0.189583 0.600000 0.187500 0.596875 0.187500 0.595313 0.187500
1 0.645312 0.343750 0.645312 0.347917 0.645312 0.354167 0.645312 0.360417 0.645312 0.364583 0.648438 0.364583 0.651563 0.366667 0.657813 0.366667 0.660937 0.368750 0.665625 0.368750 0.670312 0.368750 0.673438 0.368750 0.676562 0.360417 0.676562 0.352083 0.676562 0.347917 0.670312 0.343750 0.664062 0.343750 0.657813 0.343750 0.653125 0.343750 0.650000 0.343750 0.645312 0.343750
1 0.703125 0.354167 0.701562 0.364583 0.701562 0.370833 0.701562 0.375000 0.703125 0.379167 0.706250 0.379167 0.712500 0.379167 0.720313 0.377083 0.721875 0.377083 0.725000 0.375000 0.728125 0.368750 0.728125 0.364583 0.728125 0.362500 0.728125 0.358333 0.725000 0.356250 0.721875 0.356250 0.718750 0.356250 0.714063 0.356250 0.712500 0.356250 0.709375 0.356250 0.706250 0.356250 0.703125 0.356250
1 0.781250 0.358333 0.776563 0.358333 0.770312 0.360417 0.765625 0.364583 0.764062 0.366667 0.760938 0.372917 0.759375 0.377083 0.759375 0.381250 0.759375 0.385417 0.764062 0.387500 0.767188 0.389583 0.770312 0.391667 0.773438 0.391667 0.776563 0.391667 0.784375 0.391667 0.785937 0.387500 0.789062 0.383333 0.790625 0.381250 0.790625 0.375000 0.789062 0.368750 0.785937 0.364583 0.784375 0.364583 0.781250 0.362500 0.776563 0.362500
1 0.829688 0.364583 0.829688 0.368750 0.829688 0.375000 0.829688 0.383333 0.831250 0.385417 0.832812 0.387500 0.835938 0.387500 0.839063 0.387500 0.842187 0.387500 0.843750 0.391667 0.845313 0.391667 0.850000 0.391667 0.851562 0.389583 0.854688 0.389583 0.856250 0.387500 0.860938 0.383333 0.862500 0.381250 0.862500 0.375000 0.860938 0.368750 0.854688 0.364583 0.851562 0.360417 0.845313 0.360417 0.839063 0.360417 0.832812 0.360417 0.829688 0.360417 0.826562 0.362500
1 0.904687 0.375000 0.903125 0.375000 0.898438 0.375000 0.893750 0.381250 0.890625 0.383333 0.887500 0.387500 0.887500 0.391667 0.887500 0.395833 0.890625 0.395833 0.896875 0.397917 0.901563 0.397917 0.907813 0.397917 0.910937 0.395833 0.914062 0.391667 0.915625 0.387500 0.915625 0.383333 0.910937 0.375000 0.903125 0.375000 0.900000 0.375000 0.893750 0.375000 0.892188 0.379167
1 0.948438 0.375000 0.948438 0.375000 0.948438 0.379167 0.946875 0.383333 0.945312 0.387500 0.945312 0.389583 0.945312 0.391667 0.946875 0.393750 0.951562 0.395833 0.954688 0.395833 0.956250 0.395833 0.957812 0.395833 0.962500 0.395833 0.965625 0.395833 0.968750 0.395833 0.971875 0.395833 0.971875 0.391667 0.971875 0.391667 0.970313 0.387500 0.970313 0.385417 0.967187 0.383333 0.960938 0.381250 0.957812 0.379167 0.954688 0.377083 0.953125 0.377083 0.950000 0.377083 0.946875 0.377083 0.945312 0.377083 0.943750 0.377083
1 0.960938 0.597917 0.964063 0.597917 0.960938 0.597917 0.959375 0.602083 0.959375 0.604167 0.959375 0.610417 0.959375 0.614583 0.960938 0.616667 0.964063 0.618750 0.967187 0.618750 0.968750 0.618750 0.973437 0.618750 0.976562 0.618750 0.978125 0.618750 0.981250 0.618750 0.981250 0.616667 0.981250 0.614583 0.982812 0.606250 0.982812 0.604167 0.982812 0.600000 0.981250 0.593750 0.979688 0.589583 0.978125 0.589583 0.971875 0.589583 0.970313 0.589583 0.968750 0.589583 0.965625 0.589583 0.962500 0.593750 0.960938 0.593750 0.960938 0.593750
1 0.909375 0.589583 0.895312 0.593750 0.887500 0.600000 0.884375 0.602083 0.884375 0.606250 0.884375 0.608333 0.893750 0.610417 0.901563 0.610417 0.906250 0.610417 0.910937 0.610417 0.915625 0.606250 0.917188 0.604167 0.918750 0.602083 0.918750 0.597917 0.918750 0.593750 0.918750 0.589583 0.914062 0.585417 0.910937 0.585417 0.904687 0.585417 0.901563 0.585417
1 0.845313 0.589583 0.843750 0.589583 0.839063 0.589583 0.837500 0.593750 0.835938 0.593750 0.835938 0.597917 0.835938 0.600000 0.839063 0.600000 0.843750 0.602083 0.850000 0.602083 0.854688 0.602083 0.860938 0.602083 0.862500 0.604167 0.864062 0.604167 0.865625 0.602083 0.865625 0.600000 0.865625 0.597917 0.864062 0.589583 0.862500 0.587500 0.860938 0.587500 0.856250 0.587500 0.854688 0.585417 0.853125 0.585417 0.851562 0.585417 0.848437 0.585417 0.845313 0.585417 0.843750 0.589583 0.843750 0.589583
1 0.806250 0.585417 0.800000 0.585417 0.789062 0.585417 0.781250 0.583333 0.776563 0.581250 0.771875 0.581250 0.764062 0.583333 0.762500 0.589583 0.762500 0.593750 0.764062 0.600000 0.770312 0.606250 0.773438 0.606250 0.785937 0.610417 0.790625 0.610417 0.795312 0.610417 0.800000 0.600000 0.803125 0.593750 0.803125 0.589583 0.800000 0.581250 0.796875 0.579167 0.793750 0.579167
1 0.731250 0.572917 0.725000 0.572917 0.720313 0.572917 0.715625 0.572917 0.709375 0.572917 0.703125 0.572917 0.700000 0.575000 0.696875 0.577083 0.693750 0.581250 0.693750 0.585417 0.693750 0.591667 0.693750 0.595833 0.696875 0.600000 0.706250 0.600000 0.718750 0.600000 0.728125 0.600000 0.732812 0.595833 0.734375 0.589583 0.735938 0.587500 0.735938 0.581250 0.735938 0.577083 0.731250 0.575000 0.731250 0.572917
1 0.654687 0.560417 0.650000 0.562500 0.645312 0.566667 0.643750 0.568750 0.642188 0.572917 0.637500 0.581250 0.639062 0.585417 0.642188 0.587500 0.651563 0.587500 0.654687 0.587500 0.657813 0.585417 0.660937 0.583333 0.662500 0.577083 0.662500 0.572917 0.662500 0.568750 0.662500 0.564583 0.660937 0.560417 0.657813 0.558333 0.654687 0.558333 0.651563 0.558333
1 0.537500 0.602083 0.531250 0.602083 0.528125 0.602083 0.525000 0.610417 0.523438 0.618750 0.523438 0.629167 0.523438 0.633333 0.523438 0.639583 0.523438 0.650000 0.523438 0.658333 0.528125 0.662500 0.534375 0.662500 0.539062 0.654167 0.540625 0.650000 0.540625 0.641667 0.540625 0.627083 0.540625 0.618750 0.540625 0.610417 0.540625 0.602083 0.537500 0.600000
1 0.532813 0.672917 0.528125 0.677083 0.526563 0.679167 0.523438 0.679167 0.520312 0.681250 0.518750 0.685417 0.517188 0.693750 0.515625 0.697917 0.515625 0.702083 0.515625 0.708333 0.515625 0.712500 0.515625 0.720833 0.515625 0.725000 0.515625 0.729167 0.515625 0.735417 0.525000 0.735417 0.534375 0.735417 0.535937 0.729167 0.535937 0.716667 0.535937 0.702083 0.535937 0.695833 0.535937 0.691667 0.535937 0.683333 0.535937 0.670833 0.531250 0.668750 0.523438 0.672917 0.521875 0.675000
1 0.509375 0.779167 0.506250 0.785417 0.506250 0.793750 0.504687 0.797917 0.503125 0.804167 0.503125 0.808333 0.501563 0.816667 0.500000 0.820833 0.500000 0.825000 0.506250 0.827083 0.512500 0.827083 0.515625 0.827083 0.521875 0.822917 0.525000 0.808333 0.525000 0.797917 0.525000 0.791667 0.525000 0.783333 0.523438 0.779167 0.517188 0.779167 0.514062 0.779167
1 0.503125 0.868750 0.503125 0.872917 0.503125 0.879167 0.503125 0.883333 0.500000 0.887500 0.498437 0.891667 0.495312 0.900000 0.492188 0.908333 0.492188 0.914583 0.493750 0.916667 0.495312 0.916667 0.498437 0.916667 0.503125 0.916667 0.506250 0.916667 0.509375 0.914583 0.512500 0.904167 0.515625 0.889583 0.517188 0.885417 0.517188 0.881250 0.517188 0.875000 0.517188 0.872917 0.510938 0.870833 0.507812 0.870833 0.506250 0.870833
1 0.418750 0.835417 0.415625 0.833333 0.414062 0.833333 0.412500 0.835417 0.412500 0.841667 0.412500 0.850000 0.412500 0.856250 0.412500 0.860417 0.412500 0.864583 0.409375 0.868750 0.409375 0.875000 0.407813 0.881250 0.407813 0.885417 0.407813 0.887500 0.407813 0.891667 0.410938 0.893750 0.417187 0.895833 0.420312 0.891667 0.421875 0.870833 0.425000 0.860417 0.425000 0.852083 0.425000 0.843750 0.425000 0.837500 0.425000 0.833333 0.421875 0.831250 0.418750 0.831250
1 0.421875 0.750000 0.420312 0.762500 0.418750 0.775000 0.418750 0.779167 0.418750 0.783333 0.418750 0.787500 0.418750 0.793750 0.418750 0.802083 0.418750 0.804167 0.421875 0.804167 0.425000 0.804167 0.428125 0.804167 0.431250 0.797917 0.432812 0.787500 0.434375 0.779167 0.434375 0.770833 0.434375 0.764583 0.434375 0.758333 0.434375 0.754167 0.434375 0.752083 0.431250 0.750000 0.428125 0.750000 0.425000 0.750000 0.421875 0.747917
1 0.429688 0.662500 0.429688 0.666667 0.425000 0.681250 0.425000 0.685417 0.425000 0.689583 0.421875 0.693750 0.421875 0.697917 0.421875 0.700000 0.421875 0.706250 0.421875 0.708333 0.421875 0.710417 0.429688 0.710417 0.434375 0.712500 0.434375 0.712500 0.435937 0.710417 0.437500 0.693750 0.439063 0.689583 0.439063 0.683333 0.440625 0.679167 0.440625 0.675000 0.442188 0.668750 0.443750 0.666667 0.443750 0.664583 0.437500 0.664583 0.434375 0.662500 0.432812 0.662500 0.431250 0.662500 0.431250 0.662500
1 0.448437 0.570833 0.442188 0.572917 0.439063 0.577083 0.435937 0.577083 0.434375 0.583333 0.432812 0.589583 0.431250 0.600000 0.431250 0.606250 0.431250 0.612500 0.431250 0.622917 0.431250 0.627083 0.440625 0.625000 0.443750 0.625000 0.446875 0.618750 0.450000 0.606250 0.451562 0.593750 0.453125 0.589583 0.454688 0.581250 0.454688 0.577083 0.454688 0.572917 0.450000 0.570833 0.445312 0.570833 0.442188 0.570833 0.440625 0.570833
1 0.364063 0.583333 0.365625 0.583333 0.364063 0.589583 0.362500 0.593750 0.360938 0.597917 0.360938 0.600000 0.360938 0.602083 0.359375 0.606250 0.359375 0.608333 0.359375 0.610417 0.359375 0.612500 0.362500 0.614583 0.365625 0.614583 0.367188 0.614583 0.368750 0.600000 0.370312 0.589583 0.370312 0.587500 0.371875 0.583333 0.373437 0.577083 0.375000 0.577083 0.376563 0.570833 0.376563 0.568750 0.373437 0.568750 0.368750 0.572917 0.367188 0.572917 0.364063 0.572917 0.364063 0.577083 0.360938 0.581250 0.360938 0.583333 0.360938 0.583333
1 0.351562 0.658333 0.348438 0.658333 0.345313 0.658333 0.343750 0.670833 0.343750 0.679167 0.343750 0.689583 0.342187 0.695833 0.342187 0.704167 0.340625 0.710417 0.340625 0.718750 0.345313 0.718750 0.353125 0.718750 0.359375 0.718750 0.362500 0.718750 0.362500 0.675000 0.364063 0.654167 0.365625 0.645833 0.367188 0.637500 0.359375 0.639583 0.356250 0.643750 0.353125 0.650000
1 0.346875 0.716667 0.346875 0.714583 0.346875 0.716667 0.346875 0.716667
1 0.345313 0.733333 0.342187 0.733333 0.339062 0.733333 0.337500 0.733333 0.334375 0.743750 0.334375 0.754167 0.334375 0.762500 0.334375 0.764583 0.334375 0.770833 0.334375 0.775000 0.337500 0.775000 0.342187 0.775000 0.343750 0.775000 0.346875 0.775000 0.350000 0.775000 0.353125 0.762500 0.354687 0.747917 0.354687 0.741667 0.354687 0.735417 0.354687 0.729167 0.354687 0.722917 0.350000 0.722917 0.346875 0.727083 0.343750 0.729167 0.342187 0.731250
1 0.334375 0.831250 0.328125 0.831250 0.325000 0.831250 0.325000 0.835417 0.325000 0.841667 0.323437 0.847917 0.321875 0.854167 0.321875 0.858333 0.321875 0.860417 0.320312 0.866667 0.320312 0.872917 0.317188 0.879167 0.317188 0.883333 0.317188 0.887500 0.318750 0.887500 0.325000 0.885417 0.331250 0.883333 0.335938 0.879167 0.340625 0.875000 0.340625 0.864583 0.340625 0.856250 0.340625 0.852083 0.340625 0.843750 0.339062 0.837500 0.337500 0.833333 0.335938 0.831250
1 0.076563 0.500000 0.076563 0.500000 0.079687 0.500000 0.081250 0.500000 0.081250 0.500000 0.081250 0.493750 0.082812 0.493750 0.082812 0.489583 0.082812 0.487500 0.078125 0.485417 0.076563 0.485417 0.073438 0.485417 0.068750 0.485417 0.068750 0.485417 0.064062 0.485417 0.062500 0.485417 0.059375 0.485417 0.059375 0.485417 0.057813 0.489583 0.057813 0.491667 0.057813 0.493750 0.059375 0.497917 0.060937 0.497917 0.064062 0.497917 0.067187 0.497917 0.068750 0.497917 0.079687 0.495833 0.082812 0.493750
1 0.103125 0.489583 0.101562 0.493750 0.101562 0.493750 0.098437 0.500000 0.096875 0.500000 0.096875 0.504167 0.096875 0.508333 0.098437 0.508333 0.101562 0.508333 0.103125 0.508333 0.104688 0.504167 0.106250 0.504167 0.110937 0.502083 0.110937 0.500000 0.112500 0.497917 0.114062 0.493750 0.114062 0.493750 0.114062 0.489583 0.106250 0.489583 0.104688 0.489583 0.098437 0.489583 0.096875 0.489583 0.098437 0.489583
1 0.150000 0.493750 0.146875 0.493750 0.143750 0.493750 0.142187 0.500000 0.142187 0.502083 0.142187 0.506250 0.142187 0.510417 0.142187 0.512500 0.142187 0.514583 0.146875 0.516667 0.150000 0.516667 0.153125 0.516667 0.154688 0.516667 0.156250 0.516667 0.157812 0.514583 0.159375 0.512500 0.159375 0.510417 0.160938 0.508333 0.160938 0.504167 0.160938 0.502083 0.159375 0.500000 0.154688 0.495833 0.153125 0.495833 0.150000 0.493750 0.148438 0.493750 0.146875 0.493750
1 0.212500 0.516667 0.212500 0.514583 0.212500 0.508333 0.210938 0.508333 0.207813 0.508333 0.201563 0.508333 0.195312 0.510417 0.195312 0.510417 0.192188 0.510417 0.189062 0.514583 0.187500 0.514583 0.185938 0.516667 0.189062 0.522917 0.190625 0.525000 0.193750 0.529167 0.195312 0.529167 0.198437 0.529167 0.201563 0.529167 0.203125 0.529167 0.204687 0.529167 0.209375 0.522917 0.210938 0.518750 0.210938 0.516667 0.212500 0.512500 0.212500 0.510417
1 0.345313 0.364583 0.343750 0.360417 0.343750 0.352083 0.342187 0.352083 0.335938 0.354167 0.332813 0.358333 0.326562 0.360417 0.325000 0.364583 0.321875 0.364583 0.320312 0.368750 0.320312 0.368750 0.325000 0.375000 0.329688 0.377083 0.331250 0.379167 0.334375 0.379167 0.339062 0.375000 0.340625 0.375000 0.342187 0.370833 0.343750 0.368750 0.345313 0.366667 0.345313 0.364583 0.345313 0.360417 0.342187 0.360417
1 0.289062 0.356250 0.287500 0.356250 0.282813 0.358333 0.279687 0.360417 0.279687 0.364583 0.278125 0.368750 0.278125 0.370833 0.278125 0.375000 0.279687 0.375000 0.284375 0.375000 0.287500 0.375000 0.290625 0.375000 0.293750 0.375000 0.295312 0.370833 0.295312 0.368750 0.295312 0.362500 0.295312 0.358333 0.295312 0.356250 0.293750 0.354167 0.290625 0.352083 0.287500 0.352083
1 0.234375 0.358333 0.232813 0.358333 0.231250 0.358333 0.228125 0.358333 0.228125 0.358333 0.225000 0.364583 0.225000 0.368750 0.225000 0.370833 0.229687 0.375000 0.234375 0.375000 0.237500 0.375000 0.240625 0.375000 0.243750 0.372917 0.243750 0.368750 0.243750 0.366667 0.243750 0.364583 0.240625 0.362500 0.239063 0.358333 0.237500 0.358333 0.234375 0.356250 0.234375 0.356250 0.229687 0.352083
1 0.189062 0.358333 0.189062 0.358333 0.189062 0.356250 0.185938 0.352083 0.185938 0.350000 0.185938 0.350000 0.184375 0.350000 0.182812 0.350000 0.182812 0.350000 0.179688 0.352083 0.179688 0.352083 0.179688 0.354167 0.176563 0.358333 0.176563 0.360417 0.175000 0.360417 0.173437 0.362500 0.173437 0.362500 0.171875 0.364583 0.171875 0.364583 0.171875 0.366667 0.171875 0.368750 0.171875 0.368750 0.173437 0.368750 0.173437 0.368750 0.182812 0.368750 0.185938 0.368750 0.185938 0.368750 0.189062 0.368750 0.189062 0.368750 0.189062 0.364583 0.189062 0.364583 0.189062 0.362500 0.189062 0.360417 0.190625 0.356250 0.190625 0.356250 0.190625 0.354167 0.190625 0.354167
1 0.148438 0.352083 0.146875 0.352083 0.143750 0.352083 0.140625 0.352083 0.139063 0.354167 0.135937 0.356250 0.134375 0.358333 0.134375 0.360417 0.134375 0.364583 0.137500 0.364583 0.140625 0.364583 0.142187 0.364583 0.145313 0.364583 0.146875 0.364583 0.150000 0.362500 0.153125 0.356250 0.153125 0.354167 0.153125 0.350000 0.151562 0.347917 0.150000 0.345833
1 0.107813 0.350000 0.106250 0.350000 0.104688 0.352083 0.101562 0.356250 0.101562 0.356250 0.101562 0.358333 0.101562 0.362500 0.101562 0.364583 0.101562 0.368750 0.104688 0.368750 0.106250 0.368750 0.106250 0.368750 0.107813 0.364583 0.110937 0.362500 0.114062 0.356250 0.114062 0.352083 0.114062 0.350000 0.114062 0.350000 0.110937 0.350000 0.110937 0.350000 0.109375 0.350000
1 0.585938 0.452083 0.582812 0.452083 0.581250 0.452083 0.567187 0.452083 0.565625 0.452083 0.565625 0.452083 0.564063 0.452083 0.564063 0.452083 0.560937 0.454167 0.557813 0.460417 0.557813 0.460417 0.560937 0.462500 0.562500 0.464583 0.573438 0.464583 0.573438 0.464583 0.578125 0.464583 0.578125 0.464583 0.579688 0.464583 0.581250 0.462500 0.582812 0.462500 0.582812 0.462500 0.584375 0.460417 0.584375 0.460417 0.584375 0.458333 0.584375 0.454167 0.584375 0.454167 0.584375 0.452083 0.584375 0.452083 0.584375 0.450000 0.584375 0.450000
1 0.642188 0.450000 0.637500 0.452083 0.632812 0.454167 0.631250 0.460417 0.631250 0.462500 0.631250 0.464583 0.631250 0.470833 0.632812 0.472917 0.632812 0.477083 0.640625 0.477083 0.643750 0.477083 0.650000 0.472917 0.653125 0.472917 0.654687 0.470833 0.656250 0.462500 0.656250 0.458333 0.654687 0.454167 0.654687 0.450000 0.650000 0.447917 0.648438 0.447917 0.645312 0.447917 0.642188 0.447917 0.648438 0.447917 0.651563 0.447917
1 0.703125 0.456250 0.700000 0.458333 0.687500 0.464583 0.687500 0.466667 0.687500 0.470833 0.689063 0.477083 0.696875 0.481250 0.700000 0.481250 0.703125 0.481250 0.706250 0.481250 0.707812 0.481250 0.715625 0.477083 0.723437 0.475000 0.725000 0.472917 0.725000 0.468750 0.721875 0.464583 0.721875 0.462500 0.720313 0.460417 0.714063 0.458333 0.710938 0.458333 0.706250 0.458333 0.704688 0.458333
1 0.762500 0.462500 0.760938 0.462500 0.756250 0.462500 0.753125 0.464583 0.751563 0.464583 0.746875 0.468750 0.746875 0.472917 0.746875 0.475000 0.751563 0.481250 0.757812 0.481250 0.759375 0.481250 0.762500 0.481250 0.764062 0.481250 0.767188 0.481250 0.770312 0.477083 0.771875 0.470833 0.771875 0.468750 0.771875 0.466667 0.771875 0.464583 0.768750 0.464583 0.764062 0.464583 0.760938 0.464583 0.757812 0.464583 0.757812 0.464583
1 0.812500 0.470833 0.812500 0.470833 0.806250 0.470833 0.806250 0.470833 0.803125 0.470833 0.801562 0.470833 0.796875 0.477083 0.796875 0.481250 0.795312 0.487500 0.798438 0.491667 0.801562 0.491667 0.807813 0.491667 0.809375 0.491667 0.812500 0.491667 0.814063 0.487500 0.818750 0.481250 0.818750 0.479167 0.818750 0.477083 0.817187 0.475000 0.814063 0.472917 0.809375 0.466667
1 0.864062 0.472917 0.857812 0.477083 0.854688 0.479167 0.851562 0.481250 0.851562 0.485417 0.850000 0.487500 0.850000 0.491667 0.853125 0.493750 0.859375 0.493750 0.864062 0.493750 0.867188 0.493750 0.870313 0.493750 0.871875 0.493750 0.875000 0.493750 0.878125 0.493750 0.881250 0.487500 0.881250 0.485417 0.881250 0.481250 0.881250 0.477083 0.881250 0.477083 0.878125 0.475000 0.873437 0.472917 0.870313 0.472917 0.864062 0.472917 0.862500 0.472917 0.860938 0.472917
1 0.909375 0.479167 0.910937 0.481250 0.909375 0.489583 0.915625 0.495833 0.918750 0.495833 0.925000 0.495833 0.929688 0.495833 0.932813 0.495833 0.934375 0.495833 0.940625 0.495833 0.942187 0.493750 0.948438 0.491667 0.950000 0.489583 0.948438 0.485417 0.942187 0.481250 0.934375 0.481250 0.932813 0.481250 0.925000 0.481250 0.918750 0.481250 0.915625 0.481250 0.912500 0.481250 0.906250 0.481250 0.904687 0.483333
2 0.632812 0.350000 0.631250 0.350000 0.625000 0.350000 0.609375 0.350000 0.607812 0.350000 0.607812 0.350000 0.606250 0.358333 0.606250 0.360417 0.606250 0.362500 0.607812 0.362500 0.607812 0.362500 0.610938 0.362500 0.617188 0.362500 0.620313 0.362500 0.621875 0.362500 0.631250 0.362500 0.631250 0.362500 0.632812 0.362500 0.634375 0.362500 0.634375 0.362500 0.637500 0.364583 0.637500 0.360417 0.637500 0.360417 0.637500 0.358333 0.634375 0.352083 0.634375 0.350000 0.632812 0.350000 0.631250 0.350000 0.631250 0.350000
2 0.696875 0.354167 0.696875 0.352083 0.687500 0.352083 0.682813 0.352083 0.679688 0.354167 0.679688 0.362500 0.679688 0.364583 0.679688 0.368750 0.679688 0.368750 0.684375 0.368750 0.687500 0.368750 0.692187 0.364583 0.695312 0.362500 0.695312 0.360417 0.696875 0.356250 0.696875 0.352083 0.693750 0.352083 0.692187 0.347917 0.690625 0.347917 0.689063 0.347917
2 0.760938 0.358333 0.760938 0.358333 0.759375 0.358333 0.743750 0.358333 0.742188 0.358333 0.742188 0.358333 0.739062 0.358333 0.739062 0.358333 0.737500 0.358333 0.735938 0.358333 0.735938 0.358333 0.734375 0.358333 0.734375 0.358333 0.734375 0.360417 0.734375 0.360417 0.734375 0.366667 0.734375 0.368750 0.734375 0.368750 0.734375 0.375000 0.734375 0.375000 0.734375 0.377083 0.735938 0.379167 0.737500 0.379167 0.739062 0.379167 0.751563 0.375000 0.753125 0.372917 0.754687 0.372917 0.756250 0.372917 0.757812 0.372917 0.759375 0.370833 0.762500 0.360417 0.762500 0.358333 0.762500 0.352083 0.764062 0.343750 0.764062 0.343750 0.764062 0.343750
2 0.820312 0.364583 0.815625 0.364583 0.801562 0.358333 0.800000 0.358333 0.796875 0.358333 0.793750 0.358333 0.790625 0.364583 0.787500 0.364583 0.787500 0.368750 0.787500 0.383333 0.789062 0.383333 0.793750 0.383333 0.801562 0.383333 0.804688 0.383333 0.807813 0.383333 0.810937 0.383333 0.812500 0.383333 0.814063 0.383333 0.818750 0.368750 0.820312 0.364583 0.818750 0.362500 0.818750 0.362500
2 0.881250 0.377083 0.879687 0.379167 0.868750 0.383333 0.864062 0.387500 0.864062 0.391667 0.867188 0.391667 0.870313 0.391667 0.871875 0.391667 0.875000 0.391667 0.879687 0.389583 0.881250 0.387500 0.882812 0.387500 0.885938 0.381250 0.885938 0.379167 0.885938 0.375000 0.882812 0.375000 0.881250 0.375000 0.878125 0.375000 0.873437 0.375000 0.873437 0.377083 0.873437 0.379167
2 0.935937 0.375000 0.935937 0.375000 0.934375 0.377083 0.926562 0.381250 0.923438 0.383333 0.923438 0.383333 0.920312 0.383333 0.918750 0.385417 0.918750 0.387500 0.918750 0.393750 0.918750 0.395833 0.918750 0.395833 0.928125 0.391667 0.928125 0.391667 0.929688 0.391667 0.931250 0.391667 0.932813 0.391667 0.932813 0.391667 0.932813 0.381250 0.932813 0.379167 0.932813 0.375000 0.932813 0.370833 0.932813 0.368750 0.932813 0.368750 0.921875 0.370833 0.920312 0.370833 0.918750 0.372917 0.918750 0.375000 0.918750 0.375000
2 0.954688 0.479167 0.954688 0.481250 0.953125 0.487500 0.953125 0.489583 0.953125 0.493750 0.954688 0.493750 0.960938 0.495833 0.960938 0.495833 0.965625 0.495833 0.970313 0.495833 0.971875 0.493750 0.973437 0.491667 0.973437 0.485417 0.971875 0.483333 0.971875 0.479167 0.967187 0.477083 0.965625 0.477083 0.960938 0.477083 0.957812 0.477083 0.956250 0.477083
2 0.903125 0.475000 0.900000 0.477083 0.898438 0.477083 0.896875 0.477083 0.893750 0.477083 0.889062 0.481250 0.885938 0.481250 0.885938 0.485417 0.884375 0.493750 0.884375 0.495833 0.884375 0.500000 0.890625 0.500000 0.896875 0.500000 0.896875 0.493750 0.901563 0.487500 0.903125 0.481250 0.903125 0.481250 0.903125 0.472917 0.903125 0.470833 0.900000 0.468750 0.896875 0.470833 0.893750 0.470833
2 0.837500 0.470833 0.835938 0.468750 0.832812 0.468750 0.831250 0.468750 0.829688 0.468750 0.826562 0.468750 0.825000 0.470833 0.823438 0.472917 0.821875 0.475000 0.821875 0.477083 0.821875 0.481250 0.825000 0.485417 0.832812 0.485417 0.835938 0.485417 0.843750 0.485417 0.845313 0.485417 0.848437 0.481250 0.848437 0.477083 0.848437 0.470833 0.848437 0.468750 0.848437 0.464583 0.843750 0.464583 0.842187 0.464583 0.839063 0.464583 0.835938 0.464583 0.834375 0.464583 0.832812 0.464583
2 0.790625 0.456250 0.790625 0.458333 0.787500 0.460417 0.784375 0.464583 0.782813 0.468750 0.781250 0.468750 0.778125 0.477083 0.778125 0.477083 0.778125 0.481250 0.778125 0.483333 0.781250 0.485417 0.782813 0.489583 0.787500 0.489583 0.789062 0.489583 0.790625 0.489583 0.792188 0.481250 0.792188 0.477083 0.792188 0.475000 0.792188 0.470833 0.790625 0.468750 0.790625 0.464583 0.787500 0.460417 0.785937 0.460417 0.784375 0.460417 0.781250 0.460417 0.781250 0.460417
2 0.731250 0.458333 0.731250 0.460417 0.728125 0.460417 0.726562 0.468750 0.726562 0.470833 0.726562 0.479167 0.729688 0.483333 0.731250 0.485417 0.734375 0.485417 0.739062 0.485417 0.740625 0.485417 0.742188 0.485417 0.746875 0.481250 0.746875 0.481250 0.748437 0.475000 0.748437 0.468750 0.748437 0.464583 0.748437 0.462500 0.748437 0.460417 0.746875 0.460417 0.743750 0.456250 0.742188 0.454167 0.742188 0.454167 0.739062 0.454167 0.735938 0.454167 0.734375 0.456250 0.734375 0.460417
2 0.679688 0.445833 0.676562 0.445833 0.675000 0.445833 0.673438 0.445833 0.670312 0.447917 0.668750 0.447917 0.667188 0.447917 0.665625 0.452083 0.659375 0.456250 0.657813 0.462500 0.657813 0.464583 0.657813 0.468750 0.660937 0.470833 0.662500 0.470833 0.667188 0.470833 0.673438 0.470833 0.675000 0.470833 0.676562 0.468750 0.679688 0.464583 0.681250 0.460417 0.681250 0.454167 0.681250 0.447917 0.679688 0.445833 0.679688 0.443750 0.678125 0.439583 0.675000 0.439583 0.670312 0.443750 0.662500 0.447917
2 0.625000 0.447917 0.625000 0.447917 0.621875 0.447917 0.615625 0.447917 0.612500 0.447917 0.595313 0.447917 0.590625 0.447917 0.589063 0.447917 0.587500 0.450000 0.585938 0.452083 0.585938 0.454167 0.585938 0.460417 0.590625 0.464583 0.593750 0.466667 0.596875 0.468750 0.600000 0.468750 0.603125 0.468750 0.607812 0.468750 0.610938 0.464583 0.612500 0.464583 0.615625 0.460417 0.615625 0.454167 0.617188 0.454167 0.617188 0.447917 0.617188 0.447917 0.617188 0.443750 0.615625 0.452083
2 0.935937 0.591667 0.932813 0.591667 0.929688 0.593750 0.928125 0.595833 0.928125 0.597917 0.928125 0.606250 0.928125 0.608333 0.929688 0.610417 0.932813 0.612500 0.935937 0.612500 0.939063 0.612500 0.942187 0.612500 0.946875 0.612500 0.948438 0.610417 0.954688 0.606250 0.957812 0.602083 0.957812 0.600000 0.957812 0.595833 0.957812 0.589583 0.957812 0.589583 0.951562 0.585417 0.948438 0.585417 0.946875 0.585417 0.942187 0.585417 0.939063 0.585417 0.935937 0.585417 0.935937 0.587500 0.932813 0.589583 0.929688 0.589583
2 0.875000 0.589583 0.871875 0.589583 0.860938 0.597917 0.860938 0.597917 0.860938 0.602083 0.860938 0.610417 0.860938 0.610417 0.860938 0.614583 0.864062 0.614583 0.870313 0.614583 0.871875 0.614583 0.876563 0.614583 0.881250 0.610417 0.884375 0.610417 0.885938 0.606250 0.889062 0.600000 0.890625 0.597917 0.890625 0.593750 0.884375 0.585417 0.881250 0.583333 0.876563 0.583333 0.875000 0.583333 0.873437 0.583333
2 0.829688 0.589583 0.825000 0.589583 0.800000 0.581250 0.796875 0.583333 0.796875 0.585417 0.800000 0.589583 0.801562 0.593750 0.803125 0.595833 0.806250 0.595833 0.809375 0.597917 0.814063 0.597917 0.818750 0.597917 0.821875 0.597917 0.823438 0.597917 0.826562 0.597917 0.829688 0.593750 0.831250 0.591667 0.831250 0.587500 0.826562 0.581250 0.823438 0.581250 0.820312 0.581250 0.815625 0.583333
2 0.756250 0.577083 0.754687 0.577083 0.745313 0.579167 0.735938 0.581250 0.734375 0.581250 0.734375 0.583333 0.731250 0.585417 0.731250 0.587500 0.729688 0.589583 0.729688 0.595833 0.729688 0.597917 0.734375 0.600000 0.737500 0.602083 0.742188 0.602083 0.745313 0.602083 0.750000 0.602083 0.751563 0.602083 0.757812 0.600000 0.759375 0.597917 0.760938 0.595833 0.762500 0.589583 0.762500 0.589583 0.762500 0.585417 0.760938 0.581250 0.757812 0.575000 0.756250 0.575000 0.754687 0.575000 0.748437 0.577083
2 0.698438 0.577083 0.696875 0.577083 0.684375 0.577083 0.678125 0.575000 0.675000 0.575000 0.671875 0.577083 0.670312 0.583333 0.670312 0.585417 0.670312 0.589583 0.670312 0.589583 0.671875 0.593750 0.679688 0.593750 0.682813 0.593750 0.685937 0.593750 0.690625 0.593750 0.692187 0.593750 0.693750 0.591667 0.695312 0.589583 0.698438 0.583333 0.700000 0.581250 0.700000 0.577083 0.700000 0.572917 0.700000 0.570833 0.696875 0.566667 0.695312 0.564583 0.693750 0.564583 0.687500 0.566667 0.679688 0.572917 0.676562 0.572917
2 0.621875 0.566667 0.620313 0.566667 0.615625 0.570833 0.612500 0.572917 0.612500 0.577083 0.612500 0.579167 0.612500 0.587500 0.612500 0.589583 0.612500 0.593750 0.617188 0.595833 0.618750 0.595833 0.628125 0.595833 0.632812 0.593750 0.634375 0.591667 0.637500 0.585417 0.637500 0.581250 0.637500 0.577083 0.637500 0.577083 0.637500 0.570833 0.637500 0.566667 0.631250 0.566667 0.625000 0.566667 0.621875 0.566667 0.618750 0.568750
2 0.098437 0.352083 0.098437 0.352083 0.096875 0.352083 0.093750 0.347917 0.093750 0.347917 0.092188 0.347917 0.081250 0.347917 0.079687 0.347917 0.079687 0.347917 0.081250 0.347917 0.081250 0.347917 0.082812 0.352083 0.087500 0.356250 0.089063 0.356250 0.089063 0.358333 0.089063 0.358333 0.089063 0.358333 0.090625 0.360417 0.092188 0.360417 0.092188 0.362500 0.093750 0.362500 0.093750 0.362500 0.095312 0.362500 0.096875 0.356250 0.098437 0.343750 0.098437 0.343750 0.096875 0.343750 0.096875 0.345833 0.096875 0.345833
2 0.134375 0.354167 0.134375 0.352083 0.134375 0.352083 0.129688 0.352083 0.128125 0.352083 0.128125 0.352083 0.126562 0.352083 0.125000 0.352083 0.125000 0.352083 0.123438 0.354167 0.123438 0.356250 0.121875 0.358333 0.121875 0.358333 0.121875 0.360417 0.121875 0.360417 0.120313 0.364583 0.120313 0.366667 0.120313 0.368750 0.121875 0.372917 0.123438 0.372917 0.123438 0.372917 0.125000 0.372917 0.125000 0.372917 0.126562 0.372917 0.128125 0.370833 0.131250 0.368750 0.131250 0.368750 0.132812 0.368750 0.132812 0.364583 0.132812 0.364583 0.132812 0.360417 0.132812 0.358333 0.131250 0.358333 0.131250 0.358333 0.131250 0.358333
2 0.160938 0.347917 0.159375 0.350000 0.154688 0.352083 0.153125 0.358333 0.153125 0.360417 0.153125 0.364583 0.153125 0.368750 0.153125 0.368750 0.157812 0.368750 0.160938 0.368750 0.162500 0.368750 0.165625 0.368750 0.168750 0.368750 0.168750 0.364583 0.168750 0.352083 0.164062 0.352083 0.162500 0.352083 0.159375 0.352083 0.157812 0.352083 0.159375 0.350000
2 0.215625 0.358333 0.215625 0.356250 0.214062 0.356250 0.203125 0.356250 0.201563 0.356250 0.201563 0.356250 0.200000 0.356250 0.200000 0.358333 0.200000 0.360417 0.200000 0.364583 0.200000 0.364583 0.200000 0.364583 0.204687 0.368750 0.206250 0.370833 0.207813 0.370833 0.210938 0.370833 0.214062 0.370833 0.214062 0.370833 0.215625 0.370833 0.215625 0.370833 0.215625 0.368750 0.215625 0.360417 0.215625 0.360417 0.217188 0.358333 0.217188 0.358333 0.215625 0.358333 0.214062 0.358333 0.207813 0.358333 0.207813 0.358333 0.207813 0.358333 0.206250 0.358333 0.204687 0.356250 0.204687 0.356250 0.204687 0.356250
2 0.254688 0.358333 0.253125 0.358333 0.243750 0.362500 0.242188 0.364583 0.240625 0.368750 0.240625 0.372917 0.245312 0.377083 0.248438 0.377083 0.254688 0.377083 0.257812 0.377083 0.259375 0.377083 0.264062 0.377083 0.267188 0.377083 0.267188 0.375000 0.267188 0.370833 0.267188 0.366667 0.267188 0.364583 0.267188 0.360417 0.262500 0.360417 0.257812 0.358333 0.254688 0.356250 0.246875 0.356250 0.245312 0.356250 0.253125 0.352083 0.262500 0.352083
2 0.304688 0.358333 0.304688 0.360417 0.301563 0.360417 0.300000 0.364583 0.300000 0.364583 0.300000 0.364583 0.300000 0.370833 0.300000 0.372917 0.300000 0.375000 0.301563 0.375000 0.304688 0.375000 0.304688 0.375000 0.307812 0.375000 0.307812 0.375000 0.309375 0.375000 0.312500 0.375000 0.314063 0.375000 0.315625 0.375000 0.315625 0.375000 0.317188 0.370833 0.317188 0.368750 0.317188 0.368750 0.317188 0.364583 0.317188 0.364583 0.315625 0.360417 0.315625 0.358333 0.315625 0.358333 0.315625 0.356250 0.314063 0.356250 0.312500 0.356250 0.306250 0.356250 0.304688 0.356250 0.304688 0.356250 0.304688 0.356250 0.304688 0.356250
2 0.359375 0.356250 0.356250 0.356250 0.350000 0.356250 0.348438 0.358333 0.348438 0.360417 0.348438 0.364583 0.353125 0.366667 0.356250 0.368750 0.364063 0.368750 0.367188 0.368750 0.368750 0.368750 0.373437 0.368750 0.376563 0.364583 0.376563 0.362500 0.376563 0.358333 0.376563 0.354167 0.375000 0.352083 0.367188 0.350000 0.360938 0.350000 0.359375 0.350000 0.357812 0.350000
2 0.050000 0.481250 0.050000 0.479167 0.046875 0.477083 0.045312 0.472917 0.043750 0.472917 0.037500 0.475000 0.037500 0.477083 0.037500 0.481250 0.037500 0.483333 0.040625 0.489583 0.040625 0.491667 0.043750 0.493750 0.046875 0.493750 0.046875 0.493750 0.051562 0.489583 0.053125 0.483333 0.054688 0.481250 0.054688 0.477083 0.050000 0.468750 0.046875 0.466667 0.045312 0.466667
2 0.085938 0.483333 0.085938 0.487500 0.081250 0.493750 0.079687 0.495833 0.081250 0.500000 0.082812 0.502083 0.087500 0.502083 0.089063 0.502083 0.093750 0.502083 0.096875 0.500000 0.098437 0.500000 0.098437 0.497917 0.100000 0.491667 0.100000 0.489583 0.100000 0.483333 0.095312 0.477083 0.092188 0.477083 0.087500 0.477083 0.085938 0.477083 0.084375 0.479167 0.089063 0.487500
2 0.125000 0.485417 0.126562 0.485417 0.112500 0.493750 0.112500 0.500000 0.112500 0.504167 0.114062 0.506250 0.117188 0.508333 0.118750 0.508333 0.125000 0.508333 0.126562 0.508333 0.128125 0.504167 0.128125 0.504167 0.129688 0.502083 0.129688 0.500000 0.129688 0.493750 0.129688 0.491667 0.129688 0.489583 0.125000 0.487500 0.120313 0.487500 0.118750 0.487500 0.115625 0.487500
2 0.173437 0.504167 0.171875 0.504167 0.170313 0.506250 0.167187 0.510417 0.167187 0.510417 0.167187 0.512500 0.171875 0.516667 0.173437 0.516667 0.173437 0.516667 0.179688 0.516667 0.181250 0.516667 0.182812 0.516667 0.185938 0.516667 0.185938 0.516667 0.187500 0.516667 0.190625 0.516667 0.190625 0.516667 0.192188 0.516667 0.193750 0.512500 0.193750 0.510417 0.193750 0.510417 0.195312 0.506250 0.195312 0.504167 0.195312 0.504167 0.195312 0.504167 0.195312 0.502083 0.193750 0.502083 0.185938 0.500000 0.185938 0.500000 0.182812 0.500000 0.182812 0.500000 0.181250 0.500000 0.179688 0.500000 0.173437 0.502083 0.173437 0.502083 0.173437 0.502083 0.165625 0.504167 0.165625 0.504167 0.165625 0.504167
2 0.232813 0.495833 0.225000 0.504167 0.223438 0.506250 0.220312 0.512500 0.226562 0.520833 0.234375 0.520833 0.245312 0.520833 0.250000 0.520833 0.256250 0.520833 0.264062 0.520833 0.267188 0.516667 0.271875 0.516667 0.273438 0.514583 0.273438 0.508333 0.276562 0.508333 0.279687 0.508333 0.273438 0.502083 0.267188 0.500000 0.250000 0.491667 0.234375 0.487500 0.228125 0.487500 0.225000 0.487500 0.221875 0.489583 0.237500 0.497917 0.248438 0.504167
2 0.292187 0.510417 0.292187 0.508333 0.287500 0.508333 0.285938 0.510417 0.282813 0.512500 0.282813 0.516667 0.284375 0.522917 0.287500 0.525000 0.289062 0.527083 0.296875 0.527083 0.301563 0.527083 0.307812 0.527083 0.309375 0.525000 0.312500 0.522917 0.312500 0.516667 0.314063 0.512500 0.314063 0.510417 0.314063 0.504167 0.314063 0.504167 0.312500 0.502083 0.296875 0.502083 0.292187 0.502083 0.290625 0.502083
2 0.337500 0.779167 0.334375 0.779167 0.334375 0.783333 0.331250 0.787500 0.331250 0.789583 0.329688 0.795833 0.329688 0.800000 0.329688 0.802083 0.329688 0.808333 0.329688 0.810417 0.329688 0.814583 0.329688 0.816667 0.329688 0.818750 0.331250 0.818750 0.335938 0.820833 0.340625 0.822917 0.342187 0.822917 0.350000 0.818750 0.353125 0.810417 0.353125 0.808333 0.353125 0.802083 0.353125 0.795833 0.353125 0.795833 0.346875 0.785417 0.345313 0.779167 0.343750 0.779167
2 0.353125 0.706250 0.353125 0.704167 0.351562 0.704167 0.348438 0.706250 0.346875 0.708333 0.346875 0.710417 0.343750 0.714583 0.343750 0.716667 0.343750 0.718750 0.342187 0.722917 0.342187 0.722917 0.342187 0.725000 0.342187 0.729167 0.342187 0.731250 0.342187 0.731250 0.342187 0.735417 0.342187 0.735417 0.343750 0.735417 0.346875 0.735417 0.346875 0.735417 0.346875 0.735417 0.353125 0.725000 0.354687 0.722917 0.354687 0.722917 0.356250 0.718750 0.356250 0.718750 0.356250 0.716667 0.357812 0.712500 0.357812 0.710417 0.357812 0.708333 0.357812 0.697917 0.357812 0.695833 0.357812 0.693750 0.353125 0.693750 0.353125 0.693750
2 0.360938 0.616667 0.359375 0.616667 0.359375 0.618750 0.354687 0.625000 0.354687 0.629167 0.354687 0.629167 0.354687 0.641667 0.354687 0.643750 0.354687 0.645833 0.354687 0.647917 0.356250 0.647917 0.356250 0.650000 0.359375 0.650000 0.360938 0.650000 0.362500 0.650000 0.364063 0.650000 0.367188 0.647917 0.367188 0.645833 0.368750 0.645833 0.368750 0.645833 0.370312 0.643750 0.370312 0.633333 0.370312 0.633333 0.370312 0.629167 0.370312 0.618750 0.370312 0.616667 0.370312 0.610417 0.368750 0.610417 0.368750 0.608333 0.367188 0.608333 0.367188 0.606250 0.367188 0.606250
2 0.367188 0.537500 0.367188 0.537500 0.367188 0.539583 0.365625 0.547917 0.365625 0.550000 0.365625 0.550000 0.365625 0.554167 0.365625 0.558333 0.365625 0.560417 0.367188 0.564583 0.367188 0.564583 0.367188 0.564583 0.371875 0.566667 0.373437 0.566667 0.373437 0.566667 0.376563 0.566667 0.376563 0.566667 0.376563 0.564583 0.379688 0.560417 0.379688 0.560417 0.382812 0.558333 0.384375 0.556250 0.384375 0.554167 0.385937 0.554167 0.385937 0.541667 0.385937 0.537500 0.385937 0.537500 0.385937 0.533333 0.384375 0.533333 0.381250 0.533333 0.376563 0.533333 0.375000 0.533333 0.373437 0.533333 0.368750 0.533333 0.368750 0.533333
2 0.406250 0.904167 0.406250 0.904167 0.403125 0.902083 0.398438 0.908333 0.398438 0.912500 0.398438 0.916667 0.398438 0.922917 0.398438 0.925000 0.401562 0.929167 0.403125 0.933333 0.406250 0.933333 0.410938 0.933333 0.418750 0.931250 0.420312 0.927083 0.423438 0.918750 0.423438 0.912500 0.421875 0.908333 0.418750 0.906250 0.410938 0.904167 0.407813 0.902083 0.406250 0.902083 0.401562 0.900000
2 0.495312 0.914583 0.498437 0.914583 0.496875 0.916667 0.492188 0.920833 0.490625 0.920833 0.489063 0.925000 0.489063 0.925000 0.489063 0.925000 0.489063 0.927083 0.489063 0.931250 0.489063 0.933333 0.489063 0.935417 0.490625 0.937500 0.492188 0.937500 0.492188 0.937500 0.496875 0.937500 0.498437 0.937500 0.498437 0.935417 0.501563 0.931250 0.503125 0.931250 0.503125 0.931250 0.504687 0.927083 0.506250 0.927083 0.506250 0.925000 0.506250 0.920833 0.506250 0.920833 0.506250 0.920833 0.506250 0.916667 0.506250 0.916667 0.506250 0.914583 0.503125 0.912500 0.503125 0.912500 0.501563 0.912500 0.500000 0.912500 0.500000 0.912500
2 0.504687 0.841667 0.504687 0.839583 0.504687 0.841667 0.503125 0.845833 0.503125 0.847917 0.503125 0.847917 0.503125 0.856250 0.503125 0.858333 0.503125 0.858333 0.503125 0.864583 0.503125 0.864583 0.503125 0.866667 0.503125 0.868750 0.503125 0.868750 0.503125 0.870833 0.503125 0.875000 0.503125 0.875000 0.503125 0.875000 0.504687 0.875000 0.506250 0.875000 0.506250 0.875000 0.510938 0.875000 0.510938 0.875000 0.512500 0.875000 0.515625 0.868750 0.515625 0.866667 0.515625 0.864583 0.515625 0.860417 0.515625 0.860417 0.512500 0.858333 0.509375 0.858333 0.509375 0.858333 0.506250 0.858333 0.506250 0.858333 0.506250 0.858333 0.506250 0.858333
2 0.425000 0.795833 0.425000 0.793750 0.425000 0.795833 0.421875 0.795833 0.421875 0.795833 0.421875 0.797917 0.421875 0.810417 0.421875 0.812500 0.421875 0.814583 0.421875 0.816667 0.421875 0.818750 0.421875 0.818750 0.421875 0.825000 0.421875 0.825000 0.421875 0.827083 0.421875 0.827083 0.421875 0.829167 0.423438 0.829167 0.426563 0.829167 0.428125 0.829167 0.429688 0.829167 0.432812 0.827083 0.434375 0.827083 0.434375 0.825000 0.434375 0.818750 0.434375 0.816667 0.434375 0.814583 0.434375 0.806250 0.434375 0.804167 0.434375 0.802083 0.434375 0.797917 0.434375 0.795833 0.434375 0.795833 0.431250 0.791667 0.431250 0.791667 0.431250 0.791667 0.428125 0.791667 0.426563 0.791667 0.426563 0.791667
2 0.429688 0.747917 0.425000 0.750000 0.420312 0.752083 0.418750 0.754167 0.418750 0.756250 0.415625 0.758333 0.415625 0.762500 0.415625 0.766667 0.415625 0.779167 0.418750 0.785417 0.421875 0.787500 0.425000 0.789583 0.429688 0.787500 0.431250 0.785417 0.434375 0.783333 0.437500 0.775000 0.439063 0.772917 0.439063 0.766667 0.439063 0.762500 0.439063 0.758333 0.434375 0.754167 0.431250 0.752083 0.429688 0.752083 0.428125 0.752083
2 0.434375 0.631250 0.432812 0.633333 0.429688 0.635417 0.428125 0.637500 0.428125 0.639583 0.426563 0.645833 0.426563 0.652083 0.426563 0.656250 0.428125 0.664583 0.431250 0.666667 0.432812 0.666667 0.437500 0.662500 0.440625 0.658333 0.442188 0.656250 0.443750 0.652083 0.443750 0.650000 0.443750 0.645833 0.443750 0.643750 0.443750 0.637500 0.443750 0.637500 0.440625 0.633333 0.437500 0.633333
2 0.340625 0.433333 0.339062 0.431250 0.335938 0.431250 0.334375 0.431250 0.331250 0.431250 0.329688 0.431250 0.321875 0.431250 0.318750 0.431250 0.317188 0.439583 0.317188 0.443750 0.317188 0.447917 0.317188 0.452083 0.321875 0.456250 0.321875 0.456250 0.328125 0.456250 0.329688 0.454167 0.331250 0.452083 0.334375 0.443750 0.337500 0.439583 0.337500 0.437500 0.337500 0.435417 0.337500 0.431250 0.337500 0.431250
2 0.270313 0.427083 0.270313 0.427083 0.265625 0.431250 0.262500 0.439583 0.262500 0.441667 0.262500 0.443750 0.262500 0.447917 0.262500 0.450000 0.265625 0.452083 0.270313 0.452083 0.273438 0.452083 0.276562 0.452083 0.279687 0.447917 0.281250 0.447917 0.285938 0.443750 0.287500 0.437500 0.287500 0.433333 0.287500 0.429167 0.285938 0.425000 0.282813 0.425000 0.278125 0.425000 0.275000 0.425000 0.273438 0.425000
2 0.223438 0.427083 0.221875 0.427083 0.220312 0.427083 0.215625 0.427083 0.215625 0.427083 0.214062 0.427083 0.210938 0.427083 0.209375 0.427083 0.207813 0.427083 0.207813 0.427083 0.207813 0.429167 0.206250 0.431250 0.206250 0.433333 0.206250 0.435417 0.206250 0.437500 0.207813 0.443750 0.207813 0.443750 0.209375 0.443750 0.212500 0.443750 0.214062 0.443750 0.215625 0.443750 0.225000 0.443750 0.225000 0.443750 0.225000 0.443750 0.228125 0.443750 0.228125 0.443750 0.228125 0.443750 0.231250 0.439583 0.231250 0.437500 0.232813 0.437500 0.232813 0.433333 0.232813 0.433333 0.232813 0.431250 0.223438 0.431250 0.221875 0.431250 0.221875 0.431250 0.220312 0.431250 0.220312 0.431250
2 0.178125 0.418750 0.173437 0.416667 0.157812 0.414583 0.145313 0.416667 0.143750 0.416667 0.143750 0.425000 0.143750 0.429167 0.143750 0.433333 0.145313 0.437500 0.156250 0.439583 0.157812 0.439583 0.164062 0.439583 0.168750 0.437500 0.173437 0.435417 0.176563 0.433333 0.179688 0.433333 0.181250 0.433333 0.184375 0.431250 0.185938 0.429167 0.185938 0.427083 0.185938 0.422917 0.185938 0.418750 0.182812 0.416667 0.178125 0.416667 0.170313 0.416667 0.168750 0.416667 0.159375 0.416667 0.159375 0.416667
2 0.117188 0.412500 0.114062 0.412500 0.112500 0.412500 0.107813 0.412500 0.106250 0.412500 0.103125 0.412500 0.098437 0.418750 0.098437 0.420833 0.098437 0.425000 0.098437 0.429167 0.098437 0.431250 0.100000 0.433333 0.106250 0.433333 0.109375 0.433333 0.115625 0.431250 0.117188 0.429167 0.118750 0.427083 0.121875 0.422917 0.121875 0.418750 0.121875 0.414583 0.121875 0.408333 0.120313 0.408333
1 0.356250 0.429167 0.354687 0.429167 0.337500 0.433333 0.334375 0.433333 0.334375 0.437500 0.337500 0.450000 0.342187 0.452083 0.346875 0.452083 0.350000 0.452083 0.354687 0.452083 0.356250 0.452083 0.360938 0.452083 0.364063 0.452083 0.367188 0.447917 0.367188 0.441667 0.368750 0.435417 0.368750 0.433333 0.367188 0.431250 0.360938 0.429167 0.359375 0.429167 0.354687 0.429167 0.350000 0.427083
1 0.304688 0.425000 0.303125 0.425000 0.301563 0.422917 0.300000 0.422917 0.298438 0.422917 0.295312 0.422917 0.292187 0.422917 0.292187 0.422917 0.287500 0.429167 0.287500 0.437500 0.287500 0.439583 0.295312 0.443750 0.301563 0.447917 0.304688 0.447917 0.307812 0.447917 0.312500 0.443750 0.312500 0.439583 0.314063 0.431250 0.314063 0.425000 0.314063 0.420833 0.314063 0.418750 0.312500 0.418750 0.309375 0.418750 0.304688 0.418750 0.301563 0.418750 0.300000 0.418750
1 0.260937 0.416667 0.259375 0.416667 0.257812 0.416667 0.253125 0.416667 0.250000 0.416667 0.243750 0.416667 0.240625 0.416667 0.240625 0.416667 0.239063 0.420833 0.239063 0.425000 0.239063 0.425000 0.239063 0.431250 0.240625 0.437500 0.240625 0.439583 0.242188 0.443750 0.246875 0.443750 0.250000 0.443750 0.253125 0.437500 0.256250 0.431250 0.256250 0.427083 0.257812 0.420833 0.257812 0.414583 0.256250 0.412500 0.254688 0.412500 0.245312 0.412500
1 0.196875 0.416667 0.195312 0.416667 0.190625 0.416667 0.189062 0.416667 0.185938 0.416667 0.185938 0.425000 0.185938 0.431250 0.185938 0.433333 0.187500 0.437500 0.190625 0.439583 0.192188 0.439583 0.198437 0.439583 0.203125 0.439583 0.204687 0.439583 0.207813 0.433333 0.207813 0.427083 0.207813 0.425000 0.207813 0.416667 0.204687 0.410417 0.201563 0.410417 0.198437 0.410417 0.198437 0.410417
1 0.139063 0.416667 0.137500 0.414583 0.137500 0.412500 0.128125 0.408333 0.128125 0.408333 0.126562 0.408333 0.118750 0.416667 0.117188 0.416667 0.117188 0.418750 0.117188 0.422917 0.117188 0.425000 0.117188 0.425000 0.117188 0.429167 0.117188 0.431250 0.117188 0.431250 0.118750 0.437500 0.120313 0.437500 0.120313 0.437500 0.131250 0.437500 0.134375 0.437500 0.135937 0.437500 0.139063 0.437500 0.140625 0.437500 0.140625 0.437500 0.140625 0.431250 0.140625 0.429167 0.140625 0.427083 0.140625 0.420833 0.140625 0.418750 0.139063 0.418750 0.135937 0.414583 0.135937 0.412500 0.135937 0.412500 0.131250 0.408333 0.131250 0.408333
1 0.085938 0.408333 0.085938 0.408333 0.082812 0.410417 0.081250 0.414583 0.081250 0.414583 0.081250 0.416667 0.081250 0.425000 0.081250 0.425000 0.081250 0.425000 0.082812 0.431250 0.082812 0.431250 0.085938 0.431250 0.095312 0.433333 0.096875 0.433333 0.098437 0.433333 0.100000 0.433333 0.101562 0.433333 0.101562 0.433333 0.101562 0.420833 0.101562 0.420833 0.101562 0.418750 0.101562 0.412500 0.100000 0.410417 0.098437 0.410417 0.095312 0.410417 0.093750 0.410417 0.092188 0.410417 0.087500 0.410417 0.087500 0.410417
1 0.085938 0.400000 0.084375 0.400000 0.082812 0.400000 0.079687 0.406250 0.079687 0.406250
0 0.046875 0.383333 0.075000 0.343750 0.075000 0.308333 0.048438 0.318750 0.034375 0.343750 0.014063 0.341667 0.007812 0.368750 -0.001563 0.408333 0.004687 0.425000 0.010937 0.437500 -0.004687 0.439583 -0.003125 0.470833 0.001563 0.495833 0.000000 0.531250 0.018750 0.516667 0.007812 0.483333 0.021875 0.458333 0.031250 0.431250 0.050000 0.412500 0.054688 0.375000 0.064062 0.350000
