3 0.532031 0.092708 0.039062 0.168750
3 0.821875 0.076042 0.050000 0.147917
7 0.167969 0.417708 0.173437 0.077083
7 0.198437 0.279167 0.140625 0.100000
7 0.926562 0.331250 0.943750 0.318750 0.951562 0.310417 0.960938 0.302083 0.965625 0.291667 0.975000 0.277083 0.978125 0.266667 0.979688 0.254167 0.978125 0.239583 0.959375 0.239583 0.948438 0.239583 0.939063 0.239583 0.926562 0.243750 0.918750 0.250000 0.915625 0.260417 0.907813 0.272917 0.904687 0.285417 0.904687 0.302083 0.910937 0.316667 0.918750 0.318750 0.928125 0.322917
7 0.896094 0.705208 0.223438 0.197917
0 0.357031 0.195833 0.157812 0.091667
0 0.424219 0.129167 0.120313 0.062500
0 0.267188 0.647917 0.315625 0.654167 0.337500 0.606250 0.376563 0.591667 0.325000 0.550000 0.296875 0.510417 0.240625 0.516667 0.206250 0.554167 0.170313 0.577083 0.109375 0.593750 0.054688 0.606250 0.076563 0.650000 0.039062 0.683333 0.071875 0.716667 0.092188 0.762500 0.126562 0.793750 0.150000 0.762500 0.193750 0.754167 0.221875 0.706250 0.243750 0.662500 0.279687 0.656250
0 0.359375 0.835417 0.359375 0.835417 0.359375 0.835417
0 0.376563 0.822917 0.340625 0.847917 0.250000 0.864583 0.204687 0.893750 0.201563 0.947917 0.182812 0.987500 0.245312 1.037500 0.329688 1.050000 0.412500 1.041667 0.443750 1.006250 0.446875 0.958333 0.487500 0.931250 0.518750 0.897917 0.560937 0.885417 0.598437 0.858333 0.556250 0.820833 0.521875 0.772917 0.473438 0.727083 0.434375 0.733333 0.389062 0.785417 0.373437 0.839583
0 0.921875 0.187500 0.893750 0.179167 0.875000 0.166667 0.864062 0.179167 0.867188 0.206250 0.859375 0.227083 0.842187 0.245833 0.825000 0.258333 0.806250 0.268750 0.809375 0.279167 0.839063 0.291667 0.856250 0.310417 0.882812 0.327083 0.893750 0.308333 0.885938 0.289583 0.901563 0.258333 0.918750 0.243750 0.932813 0.222917 0.935937 0.218750 0.942187 0.195833 0.918750 0.183333
