7 0.234375 0.436458 0.275000 0.106250
7 0.364063 0.527083 0.150000 0.087500
7 0.650000 0.510417 0.096875 0.075000
7 0.745313 0.510417 0.065625 0.050000
7 0.562500 0.806250 0.134375 0.204167
7 0.021875 0.534375 0.065625 0.210417
3 0.778125 0.360417 0.062500 0.137500
3 0.784375 0.433333 0.059375 0.187500
3 0.551562 0.382292 0.050000 0.168750
3 0.634375 0.334375 0.087500 0.131250
0 0.743750 0.791667 0.693750 0.795833 0.665625 0.802083 0.637500 0.818750 0.645312 0.852083 0.659375 0.881250 0.675000 0.912500 0.704688 0.970833 0.720313 1.000000 0.742188 1.008333 0.773438 1.008333 0.812500 1.004167 0.846875 0.991667 0.856250 0.964583 0.860938 0.925000 0.854688 0.891667 0.832812 0.875000 0.801562 0.864583 0.779687 0.847917 0.759375 0.814583 0.742188 0.789583
0 0.820312 0.595833 0.103125 0.066667
0 0.926562 0.589583 0.096875 0.066667
0 0.632812 0.533333 0.620313 0.502083 0.612500 0.487500 0.600000 0.477083 0.587500 0.475000 0.575000 0.475000 0.564063 0.470833 0.551562 0.472917 0.543750 0.483333 0.539062 0.495833 0.539062 0.516667 0.546875 0.522917 0.562500 0.529167 0.575000 0.533333 0.582812 0.541667 0.587500 0.554167 0.593750 0.566667 0.607812 0.566667 0.628125 0.554167 0.637500 0.547917 0.634375 0.535417
0 0.293750 0.596875 0.175000 0.097917
0 0.082812 0.596875 0.162500 0.102083
