1 0.607812 0.177083 0.607812 0.172917 0.606250 0.168750 0.604688 0.166667 0.603125 0.164583 0.600000 0.162500 0.596875 0.162500 0.595313 0.164583 0.593750 0.166667 0.590625 0.175000 0.590625 0.179167 0.590625 0.183333 0.590625 0.187500 0.595313 0.189583 0.598437 0.189583 0.601562 0.189583 0.603125 0.189583 0.606250 0.185417 0.606250 0.181250 0.606250 0.177083 0.606250 0.172917
1 0.607812 0.218750 0.606250 0.218750 0.604688 0.216667 0.603125 0.214583 0.603125 0.214583 0.600000 0.214583 0.600000 0.214583 0.596875 0.214583 0.595313 0.214583 0.595313 0.214583 0.595313 0.218750 0.595313 0.218750 0.595313 0.222917 0.595313 0.222917 0.595313 0.227083 0.596875 0.227083 0.596875 0.229167 0.598437 0.229167 0.600000 0.231250 0.600000 0.231250 0.603125 0.231250 0.603125 0.231250 0.606250 0.231250 0.606250 0.231250 0.606250 0.229167 0.606250 0.227083 0.606250 0.222917 0.606250 0.222917 0.606250 0.220833
1 0.607812 0.250000 0.604688 0.250000 0.603125 0.250000 0.600000 0.250000 0.600000 0.252083 0.596875 0.254167 0.596875 0.258333 0.598437 0.260417 0.600000 0.262500 0.600000 0.266667 0.600000 0.268750 0.600000 0.270833 0.601562 0.275000 0.603125 0.275000 0.604688 0.275000 0.607812 0.275000 0.607812 0.275000 0.607812 0.270833 0.607812 0.266667 0.607812 0.262500 0.607812 0.258333 0.607812 0.254167 0.607812 0.252083 0.607812 0.250000
1 0.610938 0.306250 0.607812 0.306250 0.606250 0.306250 0.603125 0.306250 0.600000 0.306250 0.600000 0.308333 0.598437 0.308333 0.598437 0.314583 0.598437 0.318750 0.600000 0.322917 0.600000 0.325000 0.600000 0.329167 0.603125 0.331250 0.604688 0.331250 0.607812 0.331250 0.609375 0.331250 0.610938 0.327083 0.612500 0.325000 0.612500 0.320833 0.612500 0.318750 0.612500 0.314583 0.612500 0.310417
1 0.646875 0.366667 0.642188 0.364583 0.637500 0.364583 0.632812 0.364583 0.628125 0.364583 0.625000 0.364583 0.620313 0.364583 0.615625 0.364583 0.610938 0.364583 0.606250 0.364583 0.603125 0.366667 0.600000 0.368750 0.600000 0.370833 0.603125 0.375000 0.607812 0.375000 0.612500 0.375000 0.615625 0.375000 0.621875 0.375000 0.625000 0.375000 0.629687 0.375000 0.634375 0.375000 0.639062 0.375000 0.643750 0.375000 0.646875 0.375000
1 0.726562 0.370833 0.715625 0.375000 0.709375 0.375000 0.704688 0.375000 0.700000 0.375000 0.695312 0.375000 0.692187 0.377083 0.692187 0.381250 0.692187 0.385417 0.696875 0.385417 0.700000 0.387500 0.703125 0.387500 0.706250 0.389583 0.709375 0.391667 0.712500 0.391667 0.718750 0.391667 0.723437 0.391667 0.728125 0.391667 0.729688 0.387500 0.728125 0.383333 0.726562 0.377083 0.725000 0.372917
1 0.800000 0.379167 0.793750 0.379167 0.789062 0.379167 0.784375 0.379167 0.779687 0.379167 0.775000 0.379167 0.770312 0.379167 0.767188 0.379167 0.762500 0.379167 0.762500 0.381250 0.764062 0.387500 0.767188 0.387500 0.771875 0.387500 0.775000 0.389583 0.781250 0.391667 0.785937 0.391667 0.790625 0.393750 0.796875 0.393750 0.800000 0.395833 0.804688 0.395833 0.803125 0.391667 0.801562 0.387500 0.800000 0.385417
1 0.864062 0.381250 0.857812 0.383333 0.853125 0.383333 0.850000 0.383333 0.845313 0.383333 0.842187 0.383333 0.839063 0.383333 0.839063 0.387500 0.839063 0.391667 0.839063 0.393750 0.842187 0.397917 0.845313 0.397917 0.850000 0.400000 0.853125 0.400000 0.856250 0.400000 0.860938 0.400000 0.864062 0.400000 0.867188 0.400000 0.870313 0.397917 0.870313 0.393750 0.870313 0.389583 0.868750 0.387500
1 0.940625 0.395833 0.935937 0.395833 0.932813 0.393750 0.928125 0.391667 0.923438 0.391667 0.918750 0.391667 0.915625 0.391667 0.912500 0.391667 0.909375 0.391667 0.906250 0.391667 0.906250 0.395833 0.909375 0.397917 0.910937 0.400000 0.912500 0.404167 0.915625 0.404167 0.918750 0.406250 0.923438 0.406250 0.929688 0.408333 0.935937 0.408333 0.939063 0.408333 0.942187 0.406250 0.942187 0.402083
1 0.996875 0.404167 0.990625 0.404167 0.982812 0.404167 0.979688 0.406250 0.982812 0.412500 0.996875 0.414583 1.025000 0.414583 1.037500 0.414583 1.046875 0.414583 1.054688 0.414583 1.060938 0.412500 1.057813 0.404167 1.053125 0.402083 1.042188 0.402083 1.035937 0.402083 1.029688 0.404167 1.021875 0.404167 1.014063 0.404167 1.007812 0.404167 1.000000 0.404167 0.993750 0.400000
2 0.607812 0.189583 0.604688 0.189583 0.603125 0.189583 0.600000 0.189583 0.600000 0.191667 0.596875 0.193750 0.595313 0.193750 0.593750 0.195833 0.593750 0.200000 0.593750 0.202083 0.593750 0.206250 0.595313 0.210417 0.595313 0.212500 0.596875 0.214583 0.598437 0.214583 0.600000 0.214583 0.603125 0.214583 0.606250 0.212500 0.607812 0.210417 0.609375 0.208333 0.609375 0.206250 0.607812 0.202083 0.607812 0.200000 0.606250 0.197917 0.606250 0.195833 0.606250 0.193750
2 0.609375 0.279167 0.604688 0.279167 0.601562 0.279167 0.600000 0.279167 0.596875 0.279167 0.593750 0.279167 0.590625 0.279167 0.589063 0.279167 0.589063 0.279167 0.589063 0.285417 0.590625 0.287500 0.592187 0.291667 0.593750 0.291667 0.595313 0.293750 0.595313 0.295833 0.595313 0.300000 0.596875 0.302083 0.598437 0.304167 0.600000 0.304167 0.603125 0.306250 0.606250 0.308333 0.607812 0.308333 0.609375 0.304167 0.609375 0.300000 0.609375 0.295833 0.609375 0.291667 0.609375 0.291667
2 0.606250 0.227083 0.603125 0.227083 0.601562 0.227083 0.600000 0.229167 0.598437 0.229167 0.596875 0.229167 0.595313 0.229167 0.593750 0.231250 0.593750 0.233333 0.595313 0.235417 0.595313 0.237500 0.595313 0.239583 0.595313 0.241667 0.595313 0.243750 0.595313 0.245833 0.596875 0.245833 0.596875 0.247917 0.600000 0.247917 0.600000 0.247917 0.603125 0.247917 0.603125 0.247917 0.606250 0.247917 0.607812 0.247917 0.607812 0.245833 0.607812 0.243750 0.606250 0.241667 0.606250 0.239583 0.606250 0.239583 0.604688 0.237500 0.604688 0.235417
2 0.609375 0.335417 0.607812 0.335417 0.606250 0.335417 0.603125 0.335417 0.603125 0.337500 0.600000 0.339583 0.600000 0.341667 0.600000 0.343750 0.600000 0.347917 0.600000 0.350000 0.600000 0.352083 0.600000 0.356250 0.601562 0.358333 0.603125 0.360417 0.604688 0.360417 0.607812 0.360417 0.609375 0.358333 0.609375 0.354167 0.609375 0.352083 0.609375 0.347917 0.609375 0.343750 0.609375 0.341667 0.609375 0.337500 0.609375 0.335417
2 0.685937 0.370833 0.676562 0.370833 0.668750 0.370833 0.665625 0.368750 0.662500 0.368750 0.657813 0.366667 0.656250 0.364583 0.654687 0.366667 0.654687 0.370833 0.651563 0.375000 0.653125 0.377083 0.654687 0.379167 0.657813 0.379167 0.660937 0.381250 0.664062 0.381250 0.667188 0.381250 0.670312 0.381250 0.675000 0.381250 0.678125 0.381250 0.681250 0.381250 0.682813 0.379167 0.684375 0.375000 0.685937 0.372917
2 0.759375 0.375000 0.751563 0.377083 0.746875 0.379167 0.742188 0.379167 0.740625 0.379167 0.739062 0.379167 0.735938 0.377083 0.731250 0.375000 0.729688 0.375000 0.729688 0.379167 0.729688 0.381250 0.731250 0.383333 0.731250 0.387500 0.734375 0.387500 0.735938 0.389583 0.739062 0.389583 0.740625 0.389583 0.742188 0.389583 0.745313 0.387500 0.746875 0.387500 0.750000 0.387500 0.751563 0.383333 0.754687 0.383333 0.756250 0.383333
2 0.835938 0.383333 0.829688 0.383333 0.825000 0.381250 0.821875 0.379167 0.818750 0.377083 0.814063 0.375000 0.812500 0.375000 0.809375 0.375000 0.806250 0.375000 0.803125 0.377083 0.803125 0.381250 0.804688 0.385417 0.806250 0.387500 0.809375 0.387500 0.812500 0.387500 0.817187 0.387500 0.821875 0.387500 0.825000 0.387500 0.829688 0.387500 0.832812 0.387500 0.835938 0.387500 0.835938 0.383333
2 0.903125 0.391667 0.900000 0.391667 0.896875 0.391667 0.893750 0.389583 0.890625 0.387500 0.885938 0.387500 0.882812 0.387500 0.879687 0.387500 0.876563 0.387500 0.875000 0.389583 0.875000 0.393750 0.875000 0.397917 0.875000 0.404167 0.876563 0.406250 0.879687 0.408333 0.882812 0.408333 0.885938 0.408333 0.890625 0.408333 0.893750 0.408333 0.896875 0.408333 0.900000 0.408333 0.900000 0.404167 0.900000 0.400000 0.900000 0.395833
2 0.975000 0.400000 0.970313 0.397917 0.965625 0.393750 0.962500 0.391667 0.959375 0.391667 0.957812 0.389583 0.954688 0.387500 0.951562 0.387500 0.948438 0.387500 0.945312 0.387500 0.945312 0.391667 0.945312 0.397917 0.945312 0.404167 0.945312 0.408333 0.948438 0.408333 0.951562 0.412500 0.954688 0.412500 0.957812 0.412500 0.964063 0.412500 0.967187 0.412500 0.970313 0.412500 0.975000 0.412500 0.978125 0.412500 0.978125 0.408333
3 0.600000 0.285417 0.593750 0.262500 0.585938 0.256250 0.579688 0.262500 0.573438 0.275000 0.567187 0.287500 0.565625 0.304167 0.565625 0.322917 0.564063 0.335417 0.564063 0.352083 0.562500 0.368750 0.562500 0.389583 0.565625 0.391667 0.576562 0.391667 0.582812 0.391667 0.585938 0.375000 0.589063 0.362500 0.592187 0.343750 0.593750 0.331250 0.595313 0.314583 0.595313 0.297917
6 0.607812 0.162500 0.590625 0.158333 0.589063 0.175000 0.590625 0.197917 0.590625 0.222917 0.590625 0.243750 0.590625 0.266667 0.592187 0.285417 0.592187 0.308333 0.590625 0.331250 0.590625 0.352083 0.601562 0.360417 0.610938 0.352083 0.612500 0.331250 0.612500 0.310417 0.612500 0.289583 0.609375 0.264583 0.609375 0.239583 0.610938 0.216667 0.612500 0.191667 0.610938 0.168750
6 0.595313 0.356250 0.612500 0.383333 0.662500 0.389583 0.706250 0.395833 0.746875 0.397917 0.787500 0.397917 0.835938 0.404167 0.878125 0.408333 0.920312 0.412500 0.995313 0.420833 1.000000 0.389583 0.965625 0.385417 0.926562 0.381250 0.884375 0.379167 0.842187 0.375000 0.798438 0.372917 0.754687 0.372917 0.718750 0.368750 0.667188 0.368750 0.628125 0.364583 0.595313 0.358333
4 0.945312 0.214583 0.945312 0.222917 0.945312 0.231250 0.946875 0.239583 0.948438 0.243750 0.951562 0.252083 0.954688 0.254167 0.964063 0.254167 0.973437 0.252083 0.978125 0.252083 0.984375 0.250000 0.990625 0.250000 0.993750 0.243750 0.990625 0.235417 0.984375 0.231250 0.978125 0.222917 0.973437 0.220833 0.967187 0.218750 0.960938 0.214583 0.953125 0.214583 0.948438 0.214583 0.942187 0.214583
4 0.043750 0.170833 0.043750 0.177083 0.040625 0.183333 0.037500 0.189583 0.035937 0.195833 0.034375 0.202083 0.032813 0.206250 0.034375 0.206250 0.040625 0.206250 0.048438 0.206250 0.053125 0.206250 0.059375 0.204167 0.064062 0.204167 0.067187 0.202083 0.065625 0.193750 0.065625 0.187500 0.067187 0.179167 0.062500 0.179167 0.056250 0.179167 0.051562 0.179167 0.046875 0.177083 0.040625 0.175000 0.037500 0.170833
1 0.643750 0.460417 0.637500 0.460417 0.632812 0.460417 0.629687 0.456250 0.623437 0.456250 0.617188 0.456250 0.612500 0.456250 0.606250 0.456250 0.601562 0.456250 0.600000 0.460417 0.601562 0.464583 0.603125 0.468750 0.607812 0.470833 0.612500 0.472917 0.618750 0.477083 0.625000 0.477083 0.628125 0.477083 0.634375 0.477083 0.639062 0.477083 0.642188 0.472917 0.642188 0.468750 0.642188 0.462500
1 0.731250 0.464583 0.725000 0.464583 0.721875 0.462500 0.717187 0.460417 0.712500 0.460417 0.709375 0.460417 0.703125 0.460417 0.698438 0.460417 0.695312 0.464583 0.696875 0.464583 0.696875 0.470833 0.700000 0.477083 0.701562 0.479167 0.704688 0.481250 0.710938 0.481250 0.715625 0.481250 0.721875 0.481250 0.725000 0.481250 0.729688 0.483333 0.734375 0.483333 0.735938 0.481250 0.735938 0.475000 0.734375 0.470833
1 0.812500 0.468750 0.800000 0.470833 0.795312 0.470833 0.789062 0.470833 0.782813 0.470833 0.776563 0.470833 0.771875 0.472917 0.767188 0.477083 0.767188 0.481250 0.771875 0.483333 0.776563 0.485417 0.782813 0.485417 0.787500 0.485417 0.792188 0.487500 0.796875 0.487500 0.803125 0.487500 0.806250 0.485417 0.809375 0.483333 0.815625 0.481250 0.815625 0.477083 0.814063 0.470833
1 0.870313 0.477083 0.867188 0.477083 0.864062 0.477083 0.860938 0.477083 0.856250 0.477083 0.851562 0.477083 0.851562 0.481250 0.853125 0.485417 0.854688 0.487500 0.857812 0.487500 0.862500 0.487500 0.867188 0.487500 0.873437 0.487500 0.876563 0.487500 0.879687 0.487500 0.882812 0.487500 0.882812 0.485417 0.881250 0.483333 0.878125 0.481250 0.876563 0.479167 0.873437 0.477083 0.870313 0.475000
1 0.931250 0.483333 0.926562 0.481250 0.923438 0.481250 0.920312 0.481250 0.918750 0.481250 0.915625 0.481250 0.912500 0.481250 0.910937 0.483333 0.910937 0.487500 0.910937 0.489583 0.910937 0.493750 0.912500 0.495833 0.914062 0.497917 0.915625 0.497917 0.918750 0.497917 0.921875 0.497917 0.923438 0.497917 0.926562 0.497917 0.929688 0.497917 0.932813 0.497917 0.935937 0.497917 0.935937 0.493750 0.935937 0.489583 0.932813 0.487500 0.932813 0.485417
1 0.990625 0.485417 0.985938 0.485417 0.981250 0.485417 0.976562 0.485417 0.973437 0.485417 0.968750 0.485417 0.964063 0.485417 0.960938 0.485417 0.964063 0.491667 0.967187 0.500000 0.968750 0.504167 0.970313 0.508333 0.973437 0.508333 0.975000 0.508333 0.978125 0.506250 0.982812 0.506250 0.985938 0.506250 0.989062 0.506250 0.990625 0.504167 0.990625 0.500000 0.990625 0.495833 0.990625 0.491667 0.990625 0.487500 0.989062 0.483333
2 0.693750 0.452083 0.682813 0.454167 0.676562 0.454167 0.670312 0.454167 0.665625 0.454167 0.659375 0.454167 0.654687 0.454167 0.648438 0.456250 0.645312 0.456250 0.645312 0.464583 0.645312 0.470833 0.650000 0.470833 0.654687 0.470833 0.662500 0.472917 0.667188 0.475000 0.671875 0.475000 0.676562 0.475000 0.682813 0.475000 0.689063 0.475000 0.693750 0.475000 0.693750 0.468750 0.693750 0.460417 0.693750 0.456250
2 0.768750 0.466667 0.764062 0.464583 0.759375 0.464583 0.753125 0.464583 0.746875 0.464583 0.742188 0.464583 0.735938 0.464583 0.731250 0.464583 0.734375 0.464583 0.735938 0.468750 0.739062 0.470833 0.739062 0.477083 0.742188 0.477083 0.748437 0.477083 0.751563 0.477083 0.756250 0.477083 0.760938 0.477083 0.760938 0.472917 0.764062 0.468750 0.765625 0.464583
2 0.845313 0.468750 0.839063 0.468750 0.834375 0.468750 0.831250 0.468750 0.826562 0.468750 0.823438 0.468750 0.820312 0.468750 0.818750 0.470833 0.818750 0.472917 0.820312 0.477083 0.821875 0.477083 0.825000 0.479167 0.828125 0.481250 0.831250 0.483333 0.835938 0.485417 0.839063 0.485417 0.842187 0.485417 0.845313 0.485417 0.848437 0.485417 0.848437 0.481250 0.848437 0.477083 0.848437 0.470833 0.848437 0.466667 0.846875 0.464583
2 0.904687 0.481250 0.900000 0.477083 0.896875 0.477083 0.893750 0.477083 0.889062 0.477083 0.885938 0.477083 0.881250 0.477083 0.881250 0.479167 0.881250 0.483333 0.882812 0.487500 0.884375 0.489583 0.887500 0.489583 0.890625 0.493750 0.895312 0.493750 0.898438 0.493750 0.903125 0.493750 0.906250 0.493750 0.906250 0.489583 0.906250 0.487500 0.906250 0.481250 0.906250 0.479167
2 0.954688 0.481250 0.951562 0.481250 0.948438 0.481250 0.945312 0.481250 0.942187 0.481250 0.940625 0.481250 0.937500 0.481250 0.935937 0.481250 0.935937 0.483333 0.935937 0.487500 0.935937 0.489583 0.935937 0.493750 0.939063 0.493750 0.939063 0.495833 0.942187 0.497917 0.945312 0.497917 0.948438 0.497917 0.951562 0.497917 0.953125 0.497917 0.956250 0.497917 0.957812 0.495833 0.957812 0.493750 0.957812 0.489583 0.956250 0.485417 0.954688 0.483333 0.953125 0.481250
2 0.996875 0.487500 0.995313 0.487500 0.995313 0.489583 0.993750 0.489583 0.992188 0.489583 0.990625 0.491667 0.990625 0.493750 0.990625 0.493750 0.990625 0.495833 0.992188 0.497917 0.993750 0.500000 0.993750 0.500000 0.993750 0.502083 0.995313 0.504167 0.996875 0.504167 0.996875 0.504167 0.998437 0.504167 0.998437 0.500000 0.998437 0.500000 0.998437 0.495833 0.998437 0.493750 0.998437 0.491667 0.998437 0.489583 0.998437 0.487500
6 0.600000 0.447917 0.618750 0.472917 0.657813 0.481250 0.700000 0.483333 0.742188 0.485417 0.787500 0.487500 0.829688 0.487500 0.867188 0.495833 0.909375 0.500000 0.954688 0.504167 1.000000 0.508333 0.985938 0.477083 0.945312 0.472917 0.909375 0.468750 0.867188 0.470833 0.831250 0.464583 0.784375 0.464583 0.742188 0.462500 0.690625 0.456250 0.642188 0.452083 0.603125 0.452083
0 0.720313 0.485417 0.692187 0.481250 0.670312 0.479167 0.650000 0.477083 0.634375 0.470833 0.618750 0.468750 0.610938 0.470833 0.609375 0.489583 0.607812 0.506250 0.620313 0.520833 0.632812 0.522917 0.651563 0.527083 0.668750 0.537500 0.682813 0.541667 0.695312 0.543750 0.706250 0.543750 0.720313 0.543750 0.725000 0.533333 0.725000 0.516667 0.725000 0.493750 0.721875 0.481250
0 0.826562 0.485417 0.776563 0.477083 0.760938 0.477083 0.740625 0.477083 0.729688 0.477083 0.728125 0.489583 0.728125 0.504167 0.728125 0.520833 0.728125 0.535417 0.739062 0.537500 0.748437 0.539583 0.759375 0.543750 0.776563 0.545833 0.787500 0.545833 0.801562 0.547917 0.825000 0.550000 0.837500 0.550000 0.839063 0.531250 0.837500 0.512500 0.835938 0.500000 0.831250 0.487500
7 0.657813 0.529167 0.643750 0.529167 0.625000 0.525000 0.615625 0.525000 0.604688 0.525000 0.595313 0.525000 0.587500 0.525000 0.582812 0.527083 0.579688 0.554167 0.579688 0.564583 0.585938 0.570833 0.593750 0.572917 0.603125 0.572917 0.612500 0.572917 0.628125 0.572917 0.637500 0.572917 0.651563 0.572917 0.657813 0.575000 0.660937 0.568750 0.659375 0.541667 0.657813 0.531250
7 0.243750 0.564583 0.198437 0.556250 0.167187 0.554167 0.143750 0.550000 0.118750 0.545833 0.089063 0.545833 0.071875 0.552083 0.075000 0.570833 0.065625 0.602083 0.059375 0.618750 0.053125 0.641667 0.064062 0.654167 0.082812 0.658333 0.104688 0.664583 0.137500 0.666667 0.160938 0.666667 0.189062 0.666667 0.215625 0.662500 0.229687 0.654167 0.232813 0.629167 0.232813 0.585417 0.231250 0.558333
7 0.228125 0.668750 0.175000 0.666667 0.153125 0.662500 0.123438 0.662500 0.095312 0.660417 0.079687 0.662500 0.071875 0.679167 0.065625 0.702083 0.062500 0.729167 0.062500 0.752083 0.070312 0.766667 0.092188 0.775000 0.117188 0.775000 0.135937 0.779167 0.157812 0.779167 0.178125 0.779167 0.193750 0.779167 0.203125 0.768750 0.210938 0.743750 0.221875 0.712500 0.225000 0.677083
7 0.095312 0.831250 0.079687 0.825000 0.064062 0.835417 0.054688 0.856250 0.050000 0.879167 0.056250 0.897917 0.059375 0.920833 0.071875 0.933333 0.089063 0.943750 0.104688 0.956250 0.123438 0.964583 0.135937 0.977083 0.148438 0.977083 0.162500 0.960417 0.178125 0.939583 0.185938 0.920833 0.185938 0.891667 0.173437 0.875000 0.153125 0.864583 0.120313 0.852083 0.098437 0.837500
1 0.675000 0.577083 0.665625 0.577083 0.654687 0.572917 0.648438 0.572917 0.645312 0.572917 0.640625 0.572917 0.635938 0.572917 0.631250 0.572917 0.628125 0.575000 0.625000 0.577083 0.623437 0.583333 0.628125 0.583333 0.632812 0.585417 0.639062 0.589583 0.643750 0.589583 0.650000 0.589583 0.654687 0.589583 0.660937 0.589583 0.667188 0.589583 0.670312 0.589583 0.671875 0.587500 0.671875 0.581250
1 0.765625 0.579167 0.754687 0.577083 0.746875 0.577083 0.740625 0.572917 0.734375 0.572917 0.726562 0.572917 0.718750 0.572917 0.715625 0.572917 0.717187 0.577083 0.720313 0.577083 0.721875 0.583333 0.725000 0.585417 0.725000 0.589583 0.728125 0.593750 0.732812 0.597917 0.739062 0.597917 0.743750 0.600000 0.751563 0.602083 0.757812 0.602083 0.760938 0.602083 0.762500 0.595833 0.764062 0.585417 0.764062 0.577083 0.764062 0.572917
1 0.851562 0.589583 0.843750 0.589583 0.835938 0.587500 0.831250 0.587500 0.826562 0.587500 0.820312 0.587500 0.815625 0.585417 0.810937 0.585417 0.806250 0.589583 0.803125 0.593750 0.804688 0.595833 0.809375 0.597917 0.812500 0.600000 0.818750 0.600000 0.821875 0.602083 0.826562 0.602083 0.831250 0.602083 0.834375 0.606250 0.839063 0.606250 0.842187 0.606250 0.846875 0.606250 0.848437 0.602083 0.850000 0.597917 0.851562 0.593750
1 0.929688 0.589583 0.920312 0.589583 0.914062 0.585417 0.909375 0.585417 0.906250 0.585417 0.900000 0.585417 0.900000 0.589583 0.901563 0.591667 0.903125 0.597917 0.904687 0.600000 0.909375 0.602083 0.912500 0.606250 0.918750 0.606250 0.923438 0.608333 0.926562 0.610417 0.931250 0.610417 0.932813 0.606250 0.935937 0.602083 0.935937 0.597917 0.932813 0.591667 0.929688 0.589583
1 1.000000 0.593750 0.995313 0.593750 0.993750 0.593750 0.990625 0.593750 0.987500 0.593750 0.985938 0.593750 0.982812 0.593750 0.981250 0.593750 0.979688 0.593750 0.978125 0.597917 0.976562 0.600000 0.975000 0.602083 0.976562 0.606250 0.978125 0.606250 0.984375 0.606250 0.987500 0.606250 0.989062 0.608333 0.990625 0.608333 0.993750 0.608333 0.996875 0.608333 0.996875 0.606250 1.000000 0.604167 1.000000 0.600000 1.000000 0.595833
2 0.971875 0.589583 0.960938 0.589583 0.957812 0.589583 0.951562 0.589583 0.946875 0.589583 0.940625 0.589583 0.935937 0.589583 0.935937 0.597917 0.935937 0.606250 0.935937 0.610417 0.940625 0.610417 0.945312 0.614583 0.951562 0.614583 0.957812 0.614583 0.960938 0.614583 0.965625 0.614583 0.971875 0.614583 0.975000 0.610417 0.975000 0.606250 0.975000 0.597917 0.973437 0.589583 0.971875 0.585417
2 0.898438 0.585417 0.890625 0.583333 0.879687 0.581250 0.871875 0.581250 0.867188 0.581250 0.860938 0.581250 0.856250 0.581250 0.851562 0.585417 0.851562 0.591667 0.851562 0.602083 0.854688 0.604167 0.860938 0.604167 0.865625 0.604167 0.870313 0.604167 0.878125 0.604167 0.885938 0.604167 0.892188 0.604167 0.896875 0.604167 0.900000 0.602083 0.900000 0.593750 0.900000 0.585417 0.898438 0.577083
2 0.806250 0.581250 0.800000 0.581250 0.795312 0.581250 0.789062 0.581250 0.784375 0.581250 0.778125 0.581250 0.773438 0.581250 0.770312 0.581250 0.767188 0.585417 0.767188 0.593750 0.770312 0.593750 0.773438 0.593750 0.778125 0.595833 0.782813 0.597917 0.787500 0.597917 0.792188 0.597917 0.795312 0.595833 0.796875 0.593750 0.800000 0.589583 0.801562 0.585417 0.804688 0.581250
2 0.710938 0.575000 0.700000 0.575000 0.692187 0.572917 0.687500 0.572917 0.682813 0.572917 0.679688 0.572917 0.679688 0.579167 0.679688 0.585417 0.676562 0.589583 0.681250 0.589583 0.685937 0.591667 0.692187 0.593750 0.698438 0.593750 0.703125 0.593750 0.706250 0.593750 0.709375 0.593750 0.714063 0.593750 0.718750 0.593750 0.721875 0.589583 0.721875 0.585417 0.720313 0.581250 0.718750 0.577083
6 0.675000 0.568750 0.632812 0.566667 0.634375 0.591667 0.678125 0.591667 0.714063 0.593750 0.759375 0.600000 0.796875 0.595833 0.837500 0.600000 0.881250 0.606250 0.932813 0.610417 0.970313 0.614583 1.056250 0.616667 1.012500 0.606250 0.984375 0.589583 0.951562 0.583333 0.890625 0.583333 0.835938 0.581250 0.784375 0.577083 0.740625 0.575000 0.690625 0.572917 0.654687 0.562500
1 0.597656 0.655208 0.026562 0.052083
1 0.595313 0.755208 0.025000 0.064583
1 0.600000 0.881250 0.021875 0.058333
1 0.607812 0.981250 0.603125 0.981250 0.600000 0.981250 0.593750 0.981250 0.590625 0.981250 0.585938 0.981250 0.584375 0.981250 0.582812 0.985417 0.584375 0.987500 0.584375 0.989583 0.585938 0.991667 0.589063 0.991667 0.590625 0.991667 0.593750 0.993750 0.596875 0.993750 0.600000 0.995833 0.603125 0.997917 0.604688 0.997917 0.606250 0.993750 0.606250 0.993750 0.606250 0.989583 0.606250 0.985417 0.606250 0.981250
2 0.582812 0.625000 0.585938 0.625000 0.590625 0.625000 0.596875 0.625000 0.600000 0.625000 0.603125 0.625000 0.603125 0.618750 0.606250 0.612500 0.606250 0.606250 0.606250 0.600000 0.606250 0.591667 0.604688 0.585417 0.603125 0.581250 0.600000 0.579167 0.596875 0.579167 0.595313 0.583333 0.592187 0.585417 0.590625 0.589583 0.589063 0.593750 0.589063 0.597917 0.589063 0.606250 0.587500 0.610417 0.585938 0.616667
2 0.597656 0.702083 0.026562 0.037500
2 0.600781 0.826042 0.023438 0.052083
2 0.599219 0.940625 0.020313 0.060417
6 0.606250 0.585417 0.582812 0.577083 0.582812 0.577083 0.578125 0.618750 0.576562 0.662500 0.579688 0.706250 0.579688 0.754167 0.584375 0.802083 0.581250 0.875000 0.582812 0.933333 0.581250 0.989583 0.607812 0.993750 0.610938 0.952083 0.610938 0.904167 0.607812 0.854167 0.612500 0.800000 0.609375 0.752083 0.609375 0.700000 0.609375 0.639583 0.610938 0.593750 0.592187 0.568750
1 0.445312 0.645833 0.453125 0.645833 0.457813 0.647917 0.460938 0.650000 0.464062 0.647917 0.465625 0.641667 0.468750 0.633333 0.470313 0.627083 0.470313 0.614583 0.468750 0.606250 0.467187 0.600000 0.464062 0.593750 0.460938 0.589583 0.456250 0.589583 0.453125 0.593750 0.451562 0.600000 0.448437 0.612500 0.448437 0.620833 0.448437 0.629167 0.448437 0.637500 0.448437 0.643750
1 0.464062 0.710417 0.456250 0.708333 0.448437 0.706250 0.443750 0.706250 0.440625 0.710417 0.439063 0.722917 0.439063 0.731250 0.439063 0.741667 0.439063 0.752083 0.439063 0.758333 0.445312 0.760417 0.451562 0.760417 0.456250 0.760417 0.460938 0.760417 0.464062 0.756250 0.464062 0.745833 0.465625 0.739583 0.465625 0.733333 0.465625 0.725000 0.465625 0.718750 0.465625 0.712500
1 0.459375 0.827083 0.454688 0.820833 0.450000 0.818750 0.445312 0.816667 0.439063 0.814583 0.435937 0.818750 0.435937 0.825000 0.437500 0.829167 0.437500 0.839583 0.435937 0.847917 0.434375 0.860417 0.432812 0.872917 0.431250 0.883333 0.434375 0.885417 0.440625 0.885417 0.448437 0.885417 0.451562 0.883333 0.454688 0.879167 0.457813 0.858333 0.457813 0.847917 0.457813 0.839583 0.459375 0.835417
1 0.450000 0.956250 0.445312 0.956250 0.439063 0.956250 0.434375 0.956250 0.431250 0.952083 0.426563 0.954167 0.426563 0.960417 0.428125 0.964583 0.428125 0.970833 0.426563 0.977083 0.425000 0.985417 0.421875 0.987500 0.426563 0.987500 0.431250 0.987500 0.434375 0.989583 0.439063 0.991667 0.440625 0.993750 0.446875 0.989583 0.450000 0.987500 0.450000 0.981250 0.451562 0.972917 0.454688 0.964583 0.454688 0.960417 0.454688 0.952083
2 0.468750 0.654167 0.460938 0.652083 0.456250 0.650000 0.450000 0.650000 0.450000 0.654167 0.448437 0.660417 0.448437 0.666667 0.446875 0.675000 0.445312 0.679167 0.445312 0.687500 0.445312 0.693750 0.443750 0.702083 0.446875 0.704167 0.451562 0.704167 0.456250 0.704167 0.460938 0.704167 0.464062 0.702083 0.464062 0.695833 0.464062 0.689583 0.464062 0.679167 0.464062 0.670833 0.464062 0.660417 0.464062 0.654167 0.465625 0.650000
2 0.464062 0.768750 0.451562 0.768750 0.443750 0.768750 0.439063 0.768750 0.439063 0.775000 0.439063 0.783333 0.439063 0.791667 0.439063 0.795833 0.439063 0.808333 0.439063 0.814583 0.443750 0.814583 0.446875 0.814583 0.451562 0.816667 0.456250 0.818750 0.457813 0.818750 0.460938 0.810417 0.462500 0.797917 0.464062 0.791667 0.464062 0.783333 0.462500 0.779167 0.462500 0.772917
2 0.456250 0.887500 0.450000 0.887500 0.443750 0.887500 0.434375 0.887500 0.431250 0.891667 0.432812 0.897917 0.434375 0.902083 0.431250 0.914583 0.429688 0.918750 0.426563 0.925000 0.426563 0.933333 0.426563 0.943750 0.429688 0.947917 0.435937 0.947917 0.442188 0.947917 0.446875 0.950000 0.451562 0.947917 0.451562 0.941667 0.454688 0.925000 0.454688 0.918750 0.454688 0.908333 0.454688 0.900000 0.454688 0.891667 0.454688 0.885417
6 0.471875 0.589583 0.450000 0.597917 0.443750 0.633333 0.442188 0.683333 0.437500 0.725000 0.437500 0.764583 0.435937 0.804167 0.434375 0.845833 0.434375 0.887500 0.428125 0.933333 0.423438 0.970833 0.434375 0.997917 0.456250 0.989583 0.457813 0.945833 0.460938 0.900000 0.462500 0.845833 0.462500 0.795833 0.468750 0.731250 0.468750 0.691667 0.468750 0.643750 0.473438 0.602083
0 0.425000 0.587500 0.392188 0.587500 0.379688 0.585417 0.364063 0.585417 0.360938 0.593750 0.360938 0.616667 0.359375 0.639583 0.356250 0.656250 0.354687 0.670833 0.354687 0.689583 0.356250 0.706250 0.365625 0.714583 0.379688 0.716667 0.396875 0.716667 0.412500 0.714583 0.417187 0.704167 0.418750 0.683333 0.418750 0.664583 0.418750 0.641667 0.421875 0.620833 0.423438 0.600000
0 0.409375 0.727083 0.382812 0.727083 0.359375 0.727083 0.339062 0.731250 0.337500 0.743750 0.339062 0.766667 0.337500 0.791667 0.335938 0.810417 0.331250 0.829167 0.328125 0.850000 0.328125 0.868750 0.340625 0.875000 0.353125 0.883333 0.370312 0.887500 0.387500 0.887500 0.403125 0.883333 0.407813 0.860417 0.407813 0.835417 0.406250 0.802083 0.406250 0.762500 0.406250 0.739583
7 0.365625 0.529167 0.350000 0.529167 0.342187 0.533333 0.332813 0.543750 0.326562 0.554167 0.321875 0.564583 0.320312 0.577083 0.317188 0.585417 0.317188 0.597917 0.321875 0.602083 0.331250 0.602083 0.340625 0.602083 0.346875 0.602083 0.350000 0.597917 0.359375 0.589583 0.364063 0.581250 0.370312 0.575000 0.373437 0.566667 0.376563 0.554167 0.379688 0.543750 0.376563 0.533333 0.371875 0.527083 0.367188 0.527083
1 0.346875 0.610417 0.342187 0.610417 0.335938 0.608333 0.334375 0.610417 0.331250 0.616667 0.329688 0.620833 0.326562 0.629167 0.325000 0.633333 0.323437 0.639583 0.323437 0.645833 0.328125 0.645833 0.332813 0.647917 0.335938 0.650000 0.339062 0.650000 0.343750 0.650000 0.346875 0.641667 0.346875 0.633333 0.348438 0.629167 0.348438 0.620833 0.348438 0.614583 0.348438 0.606250
1 0.329688 0.704167 0.321875 0.704167 0.317188 0.704167 0.312500 0.706250 0.312500 0.712500 0.309375 0.720833 0.307812 0.727083 0.306250 0.735417 0.304688 0.745833 0.304688 0.754167 0.304688 0.760417 0.310937 0.762500 0.315625 0.762500 0.321875 0.762500 0.325000 0.758333 0.325000 0.750000 0.328125 0.739583 0.328125 0.729167 0.328125 0.718750 0.328125 0.712500 0.331250 0.702083
1 0.317188 0.808333 0.312500 0.808333 0.307812 0.808333 0.301563 0.808333 0.296875 0.808333 0.295312 0.814583 0.292187 0.820833 0.290625 0.827083 0.289062 0.835417 0.289062 0.841667 0.289062 0.847917 0.289062 0.852083 0.295312 0.856250 0.300000 0.858333 0.303125 0.858333 0.303125 0.852083 0.306250 0.843750 0.307812 0.833333 0.312500 0.825000 0.314063 0.820833 0.317188 0.814583 0.317188 0.810417
1 0.293750 0.954167 0.289062 0.952083 0.284375 0.952083 0.279687 0.947917 0.276562 0.947917 0.273438 0.952083 0.271875 0.956250 0.273438 0.960417 0.273438 0.968750 0.271875 0.975000 0.270313 0.981250 0.268750 0.987500 0.267188 0.989583 0.267188 1.000000 0.268750 0.993750 0.271875 0.993750 0.276562 0.991667 0.281250 0.991667 0.284375 0.993750 0.285938 0.989583 0.287500 0.981250 0.290625 0.977083 0.292187 0.970833 0.292187 0.964583
2 0.343750 0.650000 0.335938 0.650000 0.331250 0.647917 0.325000 0.647917 0.325000 0.654167 0.321875 0.662500 0.321875 0.668750 0.317188 0.677083 0.315625 0.683333 0.314063 0.693750 0.315625 0.697917 0.318750 0.695833 0.325000 0.695833 0.331250 0.697917 0.335938 0.697917 0.335938 0.689583 0.337500 0.679167 0.339062 0.670833 0.340625 0.664583 0.342187 0.658333 0.342187 0.650000
2 0.321875 0.770833 0.317188 0.768750 0.314063 0.768750 0.310937 0.768750 0.307812 0.768750 0.304688 0.770833 0.301563 0.777083 0.301563 0.781250 0.300000 0.787500 0.300000 0.791667 0.300000 0.797917 0.298438 0.802083 0.304688 0.802083 0.307812 0.802083 0.312500 0.802083 0.315625 0.802083 0.318750 0.802083 0.320312 0.800000 0.320312 0.795833 0.320312 0.787500 0.321875 0.783333 0.321875 0.775000 0.321875 0.770833
2 0.306250 0.868750 0.298438 0.866667 0.292187 0.864583 0.289062 0.864583 0.282813 0.864583 0.282813 0.868750 0.279687 0.881250 0.278125 0.891667 0.276562 0.897917 0.275000 0.908333 0.275000 0.916667 0.275000 0.925000 0.275000 0.931250 0.278125 0.935417 0.282813 0.937500 0.287500 0.939583 0.292187 0.941667 0.293750 0.935417 0.300000 0.910417 0.301563 0.897917 0.304688 0.887500 0.304688 0.875000
6 0.328125 0.610417 0.315625 0.660417 0.307812 0.702083 0.300000 0.739583 0.292187 0.779167 0.287500 0.822917 0.279687 0.858333 0.273438 0.902083 0.270313 0.950000 0.262500 0.995833 0.285938 0.997917 0.295312 0.964583 0.301563 0.920833 0.307812 0.883333 0.312500 0.841667 0.321875 0.800000 0.325000 0.750000 0.334375 0.706250 0.340625 0.662500 0.350000 0.620833 0.335938 0.606250
1 0.343750 0.543750 0.334375 0.539583 0.329688 0.537500 0.323437 0.535417 0.320312 0.535417 0.315625 0.535417 0.309375 0.537500 0.304688 0.541667 0.303125 0.543750 0.298438 0.545833 0.300000 0.550000 0.301563 0.550000 0.307812 0.558333 0.312500 0.560417 0.318750 0.560417 0.328125 0.562500 0.332813 0.562500 0.335938 0.562500 0.337500 0.558333 0.337500 0.554167 0.339062 0.552083 0.339062 0.543750
1 0.251563 0.533333 0.240625 0.535417 0.237500 0.535417 0.232813 0.535417 0.228125 0.535417 0.225000 0.535417 0.223438 0.537500 0.223438 0.539583 0.223438 0.543750 0.221875 0.550000 0.221875 0.552083 0.225000 0.552083 0.231250 0.552083 0.237500 0.552083 0.243750 0.554167 0.250000 0.554167 0.253125 0.554167 0.254688 0.554167 0.256250 0.550000 0.256250 0.545833 0.256250 0.541667 0.256250 0.537500
1 0.165625 0.533333 0.160938 0.531250 0.156250 0.531250 0.153125 0.529167 0.150000 0.529167 0.146875 0.529167 0.143750 0.529167 0.140625 0.529167 0.137500 0.529167 0.137500 0.533333 0.135937 0.537500 0.134375 0.541667 0.135937 0.543750 0.140625 0.543750 0.143750 0.543750 0.148438 0.543750 0.153125 0.543750 0.156250 0.543750 0.159375 0.543750 0.160938 0.543750 0.162500 0.541667 0.162500 0.537500 0.165625 0.537500
1 0.095312 0.520833 0.090625 0.520833 0.085938 0.520833 0.081250 0.520833 0.079687 0.520833 0.075000 0.520833 0.071875 0.520833 0.071875 0.520833 0.068750 0.525000 0.068750 0.527083 0.068750 0.529167 0.065625 0.533333 0.065625 0.537500 0.067187 0.537500 0.071875 0.537500 0.079687 0.537500 0.085938 0.537500 0.089063 0.537500 0.092188 0.537500 0.095312 0.537500 0.095312 0.535417 0.095312 0.533333 0.095312 0.529167 0.095312 0.525000 0.095312 0.520833
1 0.026562 0.514583 0.026562 0.514583 0.018750 0.514583 0.017188 0.512500 0.014063 0.512500 0.010937 0.512500 0.009375 0.512500 0.007812 0.512500 0.004687 0.512500 0.004687 0.512500 0.001563 0.512500 0.000000 0.512500 0.000000 0.514583 0.000000 0.516667 0.000000 0.518750 0.000000 0.520833 0.001563 0.522917 0.001563 0.522917 0.004687 0.522917 0.007812 0.522917 0.012500 0.522917 0.015625 0.522917 0.017188 0.522917 0.017188 0.525000 0.020313 0.525000 0.021875 0.525000 0.023438 0.525000 0.023438 0.520833 0.023438 0.520833
2 0.060937 0.516667 0.056250 0.516667 0.051562 0.512500 0.046875 0.512500 0.043750 0.512500 0.039062 0.510417 0.034375 0.510417 0.031250 0.510417 0.031250 0.512500 0.031250 0.516667 0.031250 0.520833 0.031250 0.527083 0.034375 0.527083 0.039062 0.527083 0.043750 0.527083 0.046875 0.527083 0.050000 0.527083 0.053125 0.527083 0.056250 0.527083 0.060937 0.527083 0.062500 0.525000 0.062500 0.518750 0.059375 0.516667 0.056250 0.516667 0.053125 0.516667
2 0.135937 0.525000 0.121875 0.525000 0.118750 0.525000 0.114062 0.520833 0.110937 0.520833 0.107813 0.520833 0.104688 0.520833 0.101562 0.522917 0.100000 0.529167 0.098437 0.533333 0.098437 0.537500 0.098437 0.543750 0.104688 0.543750 0.110937 0.543750 0.115625 0.543750 0.120313 0.543750 0.125000 0.543750 0.129688 0.543750 0.132812 0.541667 0.134375 0.537500 0.134375 0.533333 0.134375 0.527083 0.131250 0.525000
2 0.218750 0.533333 0.198437 0.533333 0.192188 0.533333 0.181250 0.533333 0.176563 0.533333 0.173437 0.533333 0.168750 0.533333 0.165625 0.533333 0.165625 0.543750 0.165625 0.547917 0.168750 0.547917 0.173437 0.547917 0.182812 0.550000 0.190625 0.550000 0.195312 0.550000 0.203125 0.550000 0.207813 0.550000 0.212500 0.550000 0.218750 0.552083 0.221875 0.550000 0.221875 0.545833 0.221875 0.537500 0.221875 0.533333 0.220312 0.533333
2 0.304688 0.537500 0.298438 0.537500 0.292187 0.537500 0.285938 0.537500 0.279687 0.537500 0.276562 0.537500 0.273438 0.541667 0.270313 0.541667 0.265625 0.541667 0.262500 0.541667 0.260937 0.545833 0.259375 0.554167 0.262500 0.558333 0.267188 0.558333 0.271875 0.560417 0.279687 0.564583 0.285938 0.566667 0.292187 0.566667 0.301563 0.566667 0.304688 0.564583 0.304688 0.560417 0.304688 0.556250 0.304688 0.550000 0.303125 0.543750 0.301563 0.537500
6 0.026562 0.504167 0.001563 0.504167 0.010937 0.527083 0.046875 0.533333 0.079687 0.537500 0.114062 0.537500 0.153125 0.537500 0.182812 0.545833 0.210938 0.550000 0.256250 0.558333 0.300000 0.562500 0.337500 0.560417 0.328125 0.533333 0.292187 0.537500 0.250000 0.533333 0.201563 0.522917 0.159375 0.525000 0.125000 0.522917 0.085938 0.516667 0.046875 0.508333 0.021875 0.504167
0 0.354687 0.381250 0.329688 0.375000 0.317188 0.368750 0.298438 0.364583 0.282813 0.360417 0.271875 0.360417 0.265625 0.364583 0.257812 0.375000 0.253125 0.387500 0.246875 0.404167 0.250000 0.412500 0.256250 0.416667 0.270313 0.420833 0.282813 0.422917 0.298438 0.422917 0.312500 0.422917 0.325000 0.425000 0.337500 0.431250 0.346875 0.425000 0.350000 0.408333 0.350000 0.395833 0.353125 0.381250
1 0.337500 0.443750 0.331250 0.443750 0.325000 0.439583 0.317188 0.437500 0.312500 0.437500 0.306250 0.437500 0.296875 0.437500 0.295312 0.439583 0.293750 0.443750 0.293750 0.447917 0.293750 0.456250 0.293750 0.460417 0.298438 0.460417 0.304688 0.460417 0.309375 0.460417 0.320312 0.460417 0.325000 0.462500 0.328125 0.462500 0.334375 0.460417 0.337500 0.460417 0.337500 0.456250 0.337500 0.452083 0.337500 0.447917 0.337500 0.443750
1 0.245312 0.439583 0.237500 0.437500 0.232813 0.437500 0.226562 0.437500 0.223438 0.437500 0.218750 0.437500 0.214062 0.439583 0.212500 0.441667 0.212500 0.445833 0.210938 0.452083 0.214062 0.452083 0.218750 0.452083 0.228125 0.452083 0.232813 0.452083 0.237500 0.452083 0.240625 0.452083 0.245312 0.452083 0.246875 0.452083 0.250000 0.447917 0.248438 0.443750 0.246875 0.441667 0.243750 0.439583 0.240625 0.439583
1 0.173437 0.435417 0.165625 0.435417 0.160938 0.435417 0.156250 0.435417 0.151562 0.435417 0.146875 0.435417 0.143750 0.435417 0.140625 0.435417 0.139063 0.435417 0.137500 0.437500 0.137500 0.441667 0.139063 0.443750 0.140625 0.445833 0.143750 0.447917 0.146875 0.447917 0.151562 0.447917 0.156250 0.447917 0.160938 0.447917 0.165625 0.447917 0.168750 0.447917 0.171875 0.447917 0.173437 0.447917 0.175000 0.443750 0.175000 0.441667
1 0.101562 0.431250 0.093750 0.431250 0.089063 0.431250 0.085938 0.431250 0.081250 0.431250 0.078125 0.431250 0.075000 0.431250 0.071875 0.431250 0.071875 0.433333 0.071875 0.435417 0.068750 0.439583 0.068750 0.443750 0.067187 0.447917 0.068750 0.447917 0.070312 0.447917 0.075000 0.447917 0.081250 0.450000 0.085938 0.452083 0.090625 0.452083 0.093750 0.452083 0.095312 0.452083 0.098437 0.447917 0.100000 0.445833 0.100000 0.443750 0.101562 0.437500 0.101562 0.433333
1 0.006250 0.429167 0.004687 0.429167 0.004687 0.429167 0.004687 0.429167 0.003125 0.429167 0.001563 0.429167 0.001563 0.431250 0.000000 0.431250 0.000000 0.433333 0.000000 0.433333 0.000000 0.433333 0.000000 0.433333 0.000000 0.435417 0.000000 0.437500 0.000000 0.437500 0.000000 0.437500 0.000000 0.439583 0.000000 0.439583 0.000000 0.441667 0.000000 0.443750 0.001563 0.443750 0.001563 0.443750 0.001563 0.443750 0.001563 0.441667 0.004687 0.439583 0.004687 0.439583 0.004687 0.439583 0.006250 0.437500 0.006250 0.437500 0.007812 0.435417 0.007812 0.433333 0.007812 0.433333 0.007812 0.431250 0.007812 0.431250
2 0.290625 0.437500 0.282813 0.437500 0.279687 0.435417 0.270313 0.433333 0.267188 0.433333 0.260937 0.433333 0.256250 0.433333 0.253125 0.433333 0.248438 0.433333 0.246875 0.439583 0.246875 0.445833 0.246875 0.452083 0.253125 0.452083 0.259375 0.452083 0.267188 0.452083 0.275000 0.452083 0.279687 0.454167 0.282813 0.456250 0.287500 0.456250 0.290625 0.454167 0.292187 0.450000 0.289062 0.439583 0.289062 0.433333
2 0.206250 0.431250 0.198437 0.431250 0.192188 0.431250 0.185938 0.431250 0.182812 0.431250 0.181250 0.431250 0.179688 0.433333 0.178125 0.435417 0.178125 0.439583 0.178125 0.445833 0.179688 0.447917 0.182812 0.447917 0.187500 0.447917 0.192188 0.447917 0.198437 0.447917 0.203125 0.447917 0.206250 0.447917 0.207813 0.447917 0.207813 0.443750 0.207813 0.439583 0.207813 0.433333 0.207813 0.431250
2 0.131250 0.433333 0.126562 0.433333 0.120313 0.433333 0.117188 0.433333 0.112500 0.433333 0.110937 0.433333 0.107813 0.433333 0.104688 0.433333 0.103125 0.437500 0.103125 0.439583 0.103125 0.443750 0.103125 0.447917 0.104688 0.452083 0.107813 0.450000 0.114062 0.450000 0.118750 0.450000 0.125000 0.447917 0.131250 0.447917 0.134375 0.447917 0.137500 0.447917 0.139063 0.447917 0.140625 0.443750 0.140625 0.439583 0.137500 0.433333 0.135937 0.429167
2 0.062500 0.431250 0.051562 0.431250 0.046875 0.431250 0.039062 0.431250 0.031250 0.431250 0.021875 0.431250 0.015625 0.431250 0.010937 0.433333 0.009375 0.437500 0.007812 0.447917 0.010937 0.447917 0.017188 0.447917 0.026562 0.447917 0.034375 0.447917 0.043750 0.450000 0.053125 0.452083 0.057813 0.452083 0.059375 0.447917 0.062500 0.443750 0.064062 0.439583
6 0.034375 0.429167 0.001563 0.431250 0.020313 0.443750 0.059375 0.445833 0.095312 0.447917 0.137500 0.450000 0.178125 0.450000 0.218750 0.456250 0.251563 0.460417 0.287500 0.462500 0.321875 0.464583 0.342187 0.447917 0.314063 0.427083 0.290625 0.429167 0.253125 0.429167 0.207813 0.429167 0.176563 0.429167 0.135937 0.427083 0.095312 0.425000 0.059375 0.425000 0.029687 0.431250
1 0.031250 0.360417 0.026562 0.360417 0.010937 0.368750 0.007812 0.368750 0.004687 0.368750 0.004687 0.368750 0.001563 0.368750 0.001563 0.368750 0.001563 0.372917 0.001563 0.375000 0.003125 0.377083 0.004687 0.379167 0.007812 0.381250 0.009375 0.381250 0.014063 0.381250 0.017188 0.381250 0.017188 0.381250 0.020313 0.381250 0.020313 0.381250 0.021875 0.379167 0.021875 0.379167 0.023438 0.377083 0.023438 0.375000 0.023438 0.370833 0.025000 0.368750 0.025000 0.364583 0.025000 0.364583
1 0.095312 0.364583 0.085938 0.364583 0.079687 0.364583 0.075000 0.364583 0.068750 0.364583 0.065625 0.364583 0.060937 0.364583 0.059375 0.368750 0.057813 0.368750 0.059375 0.372917 0.062500 0.375000 0.065625 0.377083 0.071875 0.377083 0.076563 0.377083 0.081250 0.377083 0.085938 0.377083 0.089063 0.377083 0.092188 0.377083 0.093750 0.372917 0.095312 0.368750 0.095312 0.364583
1 0.153125 0.360417 0.148438 0.358333 0.143750 0.358333 0.140625 0.358333 0.135937 0.358333 0.131250 0.358333 0.128125 0.358333 0.126562 0.358333 0.123438 0.358333 0.120313 0.360417 0.120313 0.362500 0.118750 0.368750 0.118750 0.372917 0.120313 0.375000 0.126562 0.375000 0.131250 0.375000 0.137500 0.379167 0.140625 0.381250 0.143750 0.381250 0.146875 0.381250 0.148438 0.381250 0.150000 0.377083 0.150000 0.370833 0.151562 0.366667
1 0.239063 0.360417 0.232813 0.360417 0.228125 0.360417 0.221875 0.360417 0.215625 0.360417 0.210938 0.360417 0.207813 0.360417 0.203125 0.364583 0.200000 0.364583 0.198437 0.366667 0.198437 0.375000 0.198437 0.379167 0.198437 0.381250 0.203125 0.383333 0.206250 0.383333 0.207813 0.383333 0.210938 0.383333 0.215625 0.383333 0.218750 0.383333 0.221875 0.383333 0.225000 0.383333 0.228125 0.383333 0.229687 0.375000 0.231250 0.366667 0.232813 0.364583 0.232813 0.362500
1 0.303125 0.368750 0.292187 0.368750 0.287500 0.368750 0.282813 0.366667 0.279687 0.366667 0.278125 0.366667 0.276562 0.364583 0.275000 0.364583 0.271875 0.364583 0.270313 0.366667 0.275000 0.368750 0.278125 0.368750 0.281250 0.370833 0.282813 0.372917 0.285938 0.375000 0.289062 0.375000 0.292187 0.375000 0.295312 0.375000 0.298438 0.379167 0.301563 0.379167 0.303125 0.372917 0.303125 0.368750
7 0.364063 0.314583 0.350000 0.314583 0.337500 0.314583 0.329688 0.310417 0.321875 0.310417 0.307812 0.308333 0.304688 0.310417 0.304688 0.325000 0.304688 0.335417 0.307812 0.339583 0.312500 0.341667 0.321875 0.347917 0.328125 0.347917 0.334375 0.352083 0.345313 0.352083 0.354687 0.352083 0.359375 0.347917 0.364063 0.345833 0.367188 0.339583 0.367188 0.325000 0.367188 0.316667 0.360938 0.314583
2 0.340625 0.364583 0.337500 0.364583 0.328125 0.364583 0.321875 0.366667 0.320312 0.366667 0.315625 0.368750 0.312500 0.368750 0.310937 0.368750 0.307812 0.368750 0.306250 0.368750 0.306250 0.370833 0.306250 0.375000 0.307812 0.381250 0.307812 0.383333 0.309375 0.383333 0.312500 0.385417 0.312500 0.385417 0.317188 0.385417 0.321875 0.385417 0.321875 0.385417 0.328125 0.383333 0.334375 0.383333 0.335938 0.381250 0.340625 0.379167 0.342187 0.377083 0.343750 0.375000
2 0.264062 0.364583 0.262500 0.364583 0.253125 0.364583 0.246875 0.364583 0.245312 0.364583 0.240625 0.364583 0.237500 0.364583 0.237500 0.364583 0.232813 0.364583 0.231250 0.364583 0.231250 0.364583 0.231250 0.368750 0.232813 0.370833 0.232813 0.375000 0.234375 0.375000 0.237500 0.377083 0.239063 0.379167 0.240625 0.379167 0.245312 0.379167 0.248438 0.379167 0.253125 0.377083 0.257812 0.375000 0.259375 0.375000 0.259375 0.375000 0.260937 0.370833 0.262500 0.368750 0.262500 0.368750
2 0.193750 0.364583 0.182812 0.364583 0.176563 0.364583 0.170313 0.364583 0.167187 0.364583 0.165625 0.364583 0.160938 0.364583 0.157812 0.364583 0.156250 0.368750 0.156250 0.368750 0.156250 0.379167 0.157812 0.383333 0.159375 0.383333 0.162500 0.381250 0.165625 0.379167 0.173437 0.379167 0.179688 0.379167 0.184375 0.379167 0.189062 0.379167 0.192188 0.379167 0.193750 0.375000 0.193750 0.370833 0.193750 0.368750
2 0.117188 0.364583 0.115625 0.364583 0.110937 0.364583 0.106250 0.364583 0.104688 0.364583 0.098437 0.364583 0.098437 0.364583 0.096875 0.366667 0.096875 0.368750 0.096875 0.375000 0.096875 0.375000 0.098437 0.377083 0.101562 0.377083 0.103125 0.377083 0.106250 0.377083 0.107813 0.377083 0.110937 0.377083 0.110937 0.377083 0.114062 0.375000 0.114062 0.372917 0.114062 0.370833 0.114062 0.368750
2 0.059375 0.364583 0.057813 0.364583 0.054688 0.364583 0.053125 0.364583 0.051562 0.364583 0.048438 0.364583 0.046875 0.364583 0.045312 0.364583 0.043750 0.364583 0.040625 0.364583 0.039062 0.364583 0.034375 0.364583 0.034375 0.364583 0.032813 0.364583 0.031250 0.368750 0.031250 0.368750 0.031250 0.372917 0.032813 0.372917 0.037500 0.372917 0.039062 0.372917 0.043750 0.372917 0.046875 0.370833 0.046875 0.370833 0.050000 0.370833 0.051562 0.370833 0.051562 0.368750 0.053125 0.368750 0.053125 0.366667 0.056250 0.364583 0.056250 0.364583
6 0.020313 0.358333 0.000000 0.375000 0.017188 0.383333 0.054688 0.385417 0.100000 0.387500 0.150000 0.387500 0.192188 0.387500 0.239063 0.383333 0.264062 0.375000 0.298438 0.372917 0.332813 0.385417 0.348438 0.364583 0.317188 0.354167 0.279687 0.352083 0.242188 0.354167 0.198437 0.356250 0.154688 0.358333 0.112500 0.354167 0.065625 0.352083 0.029687 0.352083 0.004687 0.360417
3 0.396875 0.264583 0.385937 0.256250 0.379688 0.256250 0.371875 0.260417 0.370312 0.264583 0.370312 0.295833 0.370312 0.314583 0.370312 0.327083 0.370312 0.343750 0.371875 0.356250 0.375000 0.364583 0.379688 0.368750 0.384375 0.364583 0.387500 0.354167 0.392188 0.343750 0.395313 0.331250 0.398438 0.316667 0.400000 0.304167 0.398438 0.289583 0.396875 0.277083 0.396875 0.268750
0 0.454688 0.256250 0.443750 0.256250 0.431250 0.256250 0.423438 0.258333 0.421875 0.275000 0.421875 0.283333 0.421875 0.300000 0.421875 0.318750 0.423438 0.329167 0.425000 0.335417 0.443750 0.339583 0.454688 0.339583 0.460938 0.339583 0.462500 0.335417 0.467187 0.314583 0.468750 0.295833 0.468750 0.281250 0.465625 0.270833 0.460938 0.262500 0.454688 0.258333
1 0.501563 0.177083 0.503125 0.177083 0.506250 0.177083 0.509375 0.177083 0.510938 0.177083 0.512500 0.179167 0.515625 0.179167 0.515625 0.177083 0.515625 0.175000 0.515625 0.170833 0.515625 0.168750 0.515625 0.166667 0.515625 0.164583 0.512500 0.162500 0.510938 0.162500 0.509375 0.162500 0.507812 0.162500 0.506250 0.162500 0.503125 0.164583 0.503125 0.166667 0.501563 0.170833 0.501563 0.172917 0.503125 0.172917 0.503125 0.175000
1 0.510938 0.202083 0.509375 0.202083 0.506250 0.200000 0.500000 0.197917 0.498437 0.197917 0.495312 0.197917 0.495312 0.200000 0.493750 0.202083 0.492188 0.212500 0.492188 0.216667 0.492188 0.218750 0.492188 0.218750 0.493750 0.218750 0.495312 0.218750 0.498437 0.218750 0.500000 0.218750 0.503125 0.218750 0.503125 0.218750 0.506250 0.218750 0.506250 0.218750 0.506250 0.214583 0.506250 0.210417 0.507812 0.206250 0.507812 0.202083 0.507812 0.197917
1 0.503125 0.258333 0.503125 0.258333 0.495312 0.258333 0.493750 0.258333 0.492188 0.258333 0.489063 0.258333 0.489063 0.262500 0.487500 0.262500 0.487500 0.266667 0.487500 0.270833 0.487500 0.272917 0.489063 0.275000 0.489063 0.277083 0.490625 0.279167 0.493750 0.279167 0.495312 0.281250 0.498437 0.281250 0.500000 0.283333 0.503125 0.283333 0.503125 0.283333 0.503125 0.281250 0.503125 0.275000 0.503125 0.272917 0.503125 0.266667 0.503125 0.258333 0.503125 0.258333 0.503125 0.254167 0.503125 0.252083
1 0.496875 0.308333 0.493750 0.308333 0.489063 0.304167 0.485938 0.304167 0.484375 0.304167 0.482812 0.306250 0.482812 0.312500 0.482812 0.314583 0.482812 0.316667 0.482812 0.318750 0.482812 0.322917 0.482812 0.325000 0.484375 0.327083 0.485938 0.327083 0.489063 0.327083 0.492188 0.327083 0.493750 0.327083 0.495312 0.327083 0.495312 0.325000 0.496875 0.322917 0.498437 0.318750 0.500000 0.314583 0.500000 0.308333 0.501563 0.308333
2 0.515625 0.183333 0.514062 0.183333 0.510938 0.183333 0.509375 0.183333 0.506250 0.181250 0.503125 0.181250 0.503125 0.181250 0.500000 0.181250 0.498437 0.181250 0.495312 0.181250 0.495312 0.183333 0.496875 0.183333 0.498437 0.183333 0.500000 0.185417 0.501563 0.185417 0.503125 0.187500 0.506250 0.189583 0.509375 0.189583 0.510938 0.189583 0.512500 0.189583 0.514062 0.187500 0.515625 0.185417 0.515625 0.183333
2 0.506250 0.229167 0.504687 0.229167 0.500000 0.229167 0.493750 0.229167 0.492188 0.229167 0.489063 0.229167 0.489063 0.229167 0.489063 0.231250 0.487500 0.239583 0.487500 0.239583 0.487500 0.243750 0.489063 0.243750 0.492188 0.247917 0.493750 0.250000 0.500000 0.250000 0.503125 0.250000 0.503125 0.250000 0.504687 0.245833 0.506250 0.239583 0.506250 0.235417 0.506250 0.231250 0.506250 0.231250
2 0.495312 0.283333 0.493750 0.283333 0.489063 0.281250 0.485938 0.279167 0.482812 0.279167 0.481250 0.275000 0.481250 0.277083 0.481250 0.279167 0.481250 0.285417 0.481250 0.289583 0.481250 0.291667 0.482812 0.291667 0.484375 0.293750 0.485938 0.295833 0.489063 0.297917 0.492188 0.300000 0.493750 0.300000 0.498437 0.302083 0.500000 0.302083 0.503125 0.302083 0.503125 0.300000 0.503125 0.291667 0.503125 0.291667 0.503125 0.285417 0.503125 0.283333
2 0.495312 0.325000 0.493750 0.327083 0.489063 0.331250 0.487500 0.331250 0.485938 0.335417 0.482812 0.339583 0.481250 0.339583 0.481250 0.341667 0.481250 0.343750 0.481250 0.347917 0.481250 0.352083 0.481250 0.354167 0.481250 0.356250 0.482812 0.356250 0.485938 0.356250 0.489063 0.356250 0.489063 0.356250 0.492188 0.356250 0.492188 0.356250 0.493750 0.354167 0.493750 0.350000 0.493750 0.347917 0.493750 0.343750 0.493750 0.341667 0.493750 0.335417 0.493750 0.335417 0.493750 0.331250 0.493750 0.329167
2 0.512500 0.189583 0.506250 0.183333 0.504687 0.183333 0.501563 0.183333 0.498437 0.183333 0.495312 0.183333 0.493750 0.187500 0.492188 0.191667 0.492188 0.193750 0.495312 0.193750 0.498437 0.193750 0.500000 0.195833 0.503125 0.197917 0.507812 0.202083 0.510938 0.202083 0.512500 0.202083 0.512500 0.197917 0.514062 0.193750 0.514062 0.189583 0.514062 0.185417 0.514062 0.183333
6 0.503125 0.158333 0.493750 0.183333 0.490625 0.204167 0.487500 0.227083 0.485938 0.250000 0.485938 0.270833 0.482812 0.291667 0.482812 0.306250 0.482812 0.322917 0.485938 0.335417 0.490625 0.333333 0.496875 0.322917 0.503125 0.306250 0.506250 0.291667 0.506250 0.270833 0.509375 0.250000 0.510938 0.231250 0.515625 0.206250 0.518750 0.183333 0.518750 0.166667 0.517188 0.156250 0.506250 0.154167
3 0.475000 0.179167 0.460938 0.183333 0.451562 0.189583 0.451562 0.208333 0.453125 0.218750 0.454688 0.237500 0.456250 0.252083 0.457813 0.264583 0.459375 0.279167 0.460938 0.293750 0.464062 0.300000 0.475000 0.300000 0.479687 0.291667 0.481250 0.275000 0.481250 0.258333 0.479687 0.235417 0.479687 0.218750 0.481250 0.204167 0.481250 0.185417 0.478125 0.177083 0.471875 0.175000
1 0.415625 0.181250 0.418750 0.181250 0.421875 0.181250 0.425000 0.181250 0.426563 0.181250 0.428125 0.183333 0.429688 0.183333 0.431250 0.181250 0.431250 0.172917 0.431250 0.170833 0.431250 0.166667 0.431250 0.164583 0.428125 0.162500 0.428125 0.162500 0.426563 0.162500 0.425000 0.162500 0.423438 0.162500 0.418750 0.162500 0.418750 0.162500 0.417187 0.164583 0.415625 0.166667 0.415625 0.168750 0.415625 0.170833 0.417187 0.172917 0.417187 0.175000 0.417187 0.179167 0.417187 0.179167
1 0.425000 0.212500 0.421875 0.212500 0.414062 0.212500 0.412500 0.212500 0.410938 0.212500 0.409375 0.212500 0.406250 0.212500 0.406250 0.212500 0.406250 0.218750 0.406250 0.222917 0.407813 0.222917 0.409375 0.222917 0.412500 0.227083 0.414062 0.227083 0.418750 0.227083 0.418750 0.227083 0.418750 0.225000 0.418750 0.220833 0.418750 0.216667 0.418750 0.214583 0.418750 0.212500
1 0.412500 0.258333 0.409375 0.258333 0.401562 0.258333 0.398438 0.256250 0.396875 0.258333 0.396875 0.262500 0.393750 0.270833 0.392188 0.279167 0.392188 0.283333 0.392188 0.285417 0.393750 0.287500 0.396875 0.287500 0.400000 0.289583 0.406250 0.289583 0.409375 0.287500 0.409375 0.285417 0.412500 0.279167 0.412500 0.270833 0.412500 0.266667 0.412500 0.262500
2 0.426563 0.191667 0.426563 0.189583 0.425000 0.183333 0.421875 0.181250 0.421875 0.181250 0.418750 0.183333 0.417187 0.185417 0.415625 0.187500 0.415625 0.189583 0.414062 0.191667 0.414062 0.193750 0.414062 0.195833 0.414062 0.202083 0.414062 0.204167 0.414062 0.206250 0.415625 0.206250 0.417187 0.206250 0.418750 0.208333 0.421875 0.208333 0.421875 0.206250 0.423438 0.206250 0.425000 0.204167 0.425000 0.202083 0.426563 0.197917 0.426563 0.189583 0.426563 0.189583 0.426563 0.183333
2 0.420312 0.235417 0.418750 0.235417 0.414062 0.235417 0.409375 0.235417 0.409375 0.235417 0.406250 0.235417 0.401562 0.235417 0.401562 0.237500 0.401562 0.239583 0.401562 0.245833 0.401562 0.250000 0.403125 0.250000 0.406250 0.252083 0.409375 0.252083 0.412500 0.252083 0.414062 0.252083 0.415625 0.252083 0.415625 0.250000 0.417187 0.235417 0.417187 0.233333 0.417187 0.227083
2 0.403125 0.291667 0.401562 0.291667 0.398438 0.300000 0.396875 0.308333 0.396875 0.310417 0.395313 0.318750 0.395313 0.322917 0.393750 0.325000 0.393750 0.327083 0.395313 0.327083 0.396875 0.327083 0.398438 0.327083 0.401562 0.327083 0.401562 0.325000 0.404687 0.320833 0.406250 0.314583 0.407813 0.310417 0.409375 0.300000 0.409375 0.295833 0.409375 0.293750 0.409375 0.291667 0.407813 0.291667
6 0.431250 0.145833 0.421875 0.156250 0.412500 0.175000 0.409375 0.197917 0.406250 0.218750 0.404687 0.237500 0.400000 0.260417 0.396875 0.279167 0.392188 0.295833 0.392188 0.312500 0.392188 0.327083 0.403125 0.329167 0.409375 0.314583 0.414062 0.285417 0.418750 0.262500 0.421875 0.237500 0.428125 0.218750 0.431250 0.195833 0.435937 0.166667 0.437500 0.152083 0.429688 0.145833
