8 0.376563 0.372917 0.348438 0.372917 0.337500 0.389583 0.337500 0.427083 0.343750 0.456250 0.364063 0.466667 0.389062 0.464583 0.407813 0.452083 0.434375 0.452083 0.457813 0.460417 0.476562 0.468750 0.493750 0.456250 0.507812 0.439583 0.510938 0.406250 0.503125 0.379167 0.479687 0.368750 0.454688 0.366667 0.429688 0.364583 0.401562 0.364583 0.378125 0.372917 0.354687 0.375000
7 0.995313 0.625000 0.976562 0.616667 0.962500 0.618750 0.950000 0.614583 0.940625 0.604167 0.923438 0.602083 0.910937 0.610417 0.906250 0.629167 0.901563 0.650000 0.898438 0.672917 0.914062 0.683333 0.926562 0.689583 0.931250 0.710417 0.940625 0.720833 0.953125 0.714583 0.959375 0.691667 0.973437 0.691667 0.990625 0.695833 1.000000 0.677083 1.004687 0.656250 1.000000 0.637500
7 0.610938 0.706250 0.584375 0.700000 0.570312 0.693750 0.556250 0.710417 0.548438 0.739583 0.543750 0.766667 0.532813 0.793750 0.535937 0.818750 0.556250 0.814583 0.556250 0.831250 0.554688 0.860417 0.564063 0.862500 0.581250 0.852083 0.601562 0.856250 0.609375 0.833333 0.610938 0.800000 0.589063 0.793750 0.584375 0.770833 0.601562 0.762500 0.614062 0.750000 0.614062 0.716667
7 0.517188 0.243750 0.493750 0.239583 0.478125 0.237500 0.462500 0.237500 0.448437 0.239583 0.439063 0.243750 0.426563 0.250000 0.415625 0.258333 0.415625 0.275000 0.415625 0.291667 0.415625 0.308333 0.421875 0.318750 0.434375 0.318750 0.446875 0.318750 0.456250 0.325000 0.467187 0.325000 0.475000 0.325000 0.484375 0.316667 0.495312 0.318750 0.506250 0.312500 0.514062 0.302083
7 0.548438 0.179167 0.537500 0.179167 0.528125 0.179167 0.521875 0.170833 0.514062 0.166667 0.507812 0.172917 0.507812 0.185417 0.507812 0.197917 0.509375 0.208333 0.510938 0.227083 0.514062 0.245833 0.517188 0.258333 0.520312 0.270833 0.526563 0.281250 0.535937 0.285417 0.543750 0.283333 0.556250 0.283333 0.560937 0.277083 0.562500 0.264583 0.562500 0.254167 0.557813 0.241667 0.548438 0.237500
4 0.950000 0.202083 0.920312 0.202083 0.906250 0.204167 0.890625 0.208333 0.885938 0.220833 0.890625 0.239583 0.898438 0.252083 0.906250 0.266667 0.912500 0.279167 0.920312 0.291667 0.931250 0.297917 0.945312 0.293750 0.959375 0.291667 0.971875 0.287500 0.987500 0.281250 0.992188 0.275000 0.984375 0.260417 0.976562 0.243750 0.968750 0.225000 0.959375 0.210417 0.951562 0.197917
4 0.748437 0.054167 0.731250 0.052083 0.717187 0.050000 0.696875 0.050000 0.678125 0.050000 0.664062 0.054167 0.665625 0.077083 0.665625 0.097917 0.665625 0.122917 0.667188 0.139583 0.681250 0.145833 0.696875 0.145833 0.712500 0.143750 0.728125 0.143750 0.743750 0.141667 0.757812 0.139583 0.764062 0.129167 0.759375 0.104167 0.756250 0.083333 0.750000 0.064583
4 0.829688 0.366667 0.812500 0.362500 0.796875 0.362500 0.776563 0.360417 0.756250 0.360417 0.740625 0.360417 0.739062 0.379167 0.739062 0.406250 0.742188 0.427083 0.746875 0.450000 0.756250 0.462500 0.773438 0.466667 0.795312 0.464583 0.815625 0.460417 0.832812 0.456250 0.851562 0.456250 0.859375 0.443750 0.853125 0.418750 0.842187 0.402083 0.832812 0.385417 0.825000 0.368750
4 0.643750 0.172917 0.621875 0.172917 0.604688 0.172917 0.587500 0.172917 0.570312 0.172917 0.557813 0.177083 0.551562 0.189583 0.551562 0.210417 0.553125 0.237500 0.554688 0.260417 0.565625 0.270833 0.581250 0.270833 0.601562 0.270833 0.617188 0.270833 0.634375 0.270833 0.653125 0.272917 0.660937 0.262500 0.660937 0.237500 0.656250 0.212500 0.651563 0.189583 0.643750 0.172917
3 0.945312 0.302083 0.931250 0.293750 0.920312 0.281250 0.904687 0.287500 0.895312 0.300000 0.889062 0.318750 0.882812 0.339583 0.882812 0.360417 0.867188 0.366667 0.862500 0.385417 0.859375 0.406250 0.857812 0.427083 0.870313 0.433333 0.879687 0.420833 0.890625 0.414583 0.904687 0.408333 0.907813 0.385417 0.912500 0.364583 0.923438 0.345833 0.929688 0.331250 0.937500 0.314583
3 0.639062 0.277083 0.625000 0.277083 0.614062 0.275000 0.600000 0.275000 0.596875 0.287500 0.593750 0.306250 0.593750 0.322917 0.592187 0.339583 0.590625 0.356250 0.589063 0.372917 0.589063 0.387500 0.592187 0.375000 0.596875 0.362500 0.603125 0.356250 0.610938 0.350000 0.617188 0.341667 0.625000 0.331250 0.629687 0.318750 0.634375 0.304167 0.635938 0.289583 0.634375 0.277083
3 0.728125 0.147917 0.710938 0.147917 0.696875 0.147917 0.685937 0.152083 0.685937 0.166667 0.685937 0.185417 0.687500 0.200000 0.689063 0.220833 0.687500 0.237500 0.684375 0.252083 0.684375 0.268750 0.693750 0.277083 0.706250 0.277083 0.715625 0.268750 0.720313 0.252083 0.725000 0.237500 0.728125 0.225000 0.728125 0.210417 0.726562 0.191667 0.726562 0.172917 0.726562 0.156250
7 0.364063 0.756250 0.295312 0.781250 0.243750 0.812500 0.204687 0.839583 0.154688 0.854167 0.114062 0.902083 0.109375 0.943750 0.128125 0.975000 0.148438 1.000000 0.181250 1.006250 0.218750 1.010417 0.259375 1.010417 0.303125 1.010417 0.345313 1.000000 0.384375 0.991667 0.418750 0.981250 0.443750 0.966667 0.423438 0.920833 0.407813 0.872917 0.378125 0.795833 0.360938 0.743750
