2 0.023438 0.225000 0.025000 0.229167 0.025000 0.235417 0.025000 0.235417 0.031250 0.237500 0.034375 0.237500 0.040625 0.237500 0.043750 0.241667 0.046875 0.243750 0.050000 0.243750 0.053125 0.243750 0.056250 0.243750 0.057813 0.243750 0.059375 0.243750 0.059375 0.237500 0.062500 0.237500 0.062500 0.235417 0.065625 0.231250 0.068750 0.229167 0.068750 0.225000 0.068750 0.222917 0.071875 0.216667
2 0.118750 0.212500 0.115625 0.216667 0.112500 0.218750 0.112500 0.225000 0.112500 0.231250 0.112500 0.235417 0.112500 0.237500 0.118750 0.237500 0.123438 0.237500 0.128125 0.237500 0.134375 0.237500 0.139063 0.237500 0.140625 0.237500 0.145313 0.237500 0.148438 0.237500 0.153125 0.237500 0.156250 0.235417 0.156250 0.229167 0.159375 0.222917 0.160938 0.218750 0.162500 0.212500 0.162500 0.210417 0.165625 0.204167
2 0.212500 0.204167 0.210938 0.210417 0.210938 0.218750 0.209375 0.222917 0.212500 0.225000 0.225000 0.225000 0.237500 0.225000 0.243750 0.225000 0.250000 0.225000 0.253125 0.225000 0.256250 0.225000 0.259375 0.225000 0.262500 0.225000 0.265625 0.225000 0.270313 0.225000 0.275000 0.225000 0.278125 0.225000 0.278125 0.218750 0.275000 0.212500 0.275000 0.212500 0.271875 0.206250 0.271875 0.206250 0.270313 0.200000 0.270313 0.200000 0.270313 0.197917
2 0.340625 0.197917 0.337500 0.204167 0.337500 0.206250 0.337500 0.212500 0.335938 0.218750 0.337500 0.218750 0.340625 0.218750 0.346875 0.222917 0.350000 0.222917 0.359375 0.222917 0.364063 0.222917 0.368750 0.222917 0.371875 0.222917 0.376563 0.222917 0.379688 0.222917 0.384375 0.222917 0.384375 0.218750 0.387500 0.210417 0.387500 0.206250 0.390625 0.200000 0.392188 0.197917 0.392188 0.193750
2 0.450000 0.204167 0.450000 0.210417 0.450000 0.218750 0.450000 0.222917 0.453125 0.229167 0.462500 0.229167 0.475000 0.229167 0.485938 0.229167 0.489063 0.229167 0.492188 0.229167 0.500000 0.229167 0.506250 0.229167 0.512500 0.229167 0.518750 0.229167 0.521875 0.229167 0.528125 0.229167 0.531250 0.222917 0.532813 0.216667 0.534375 0.210417 0.534375 0.200000
2 0.596875 0.206250 0.596875 0.212500 0.596875 0.218750 0.596875 0.222917 0.596875 0.225000 0.600000 0.225000 0.603125 0.229167 0.609375 0.229167 0.625000 0.229167 0.634375 0.229167 0.637500 0.229167 0.642188 0.229167 0.643750 0.229167 0.648438 0.229167 0.651563 0.229167 0.657813 0.229167 0.657813 0.229167 0.657813 0.225000 0.657813 0.218750 0.657813 0.212500 0.657813 0.212500 0.657813 0.206250 0.657813 0.206250 0.657813 0.200000
2 0.721875 0.212500 0.725000 0.218750 0.728125 0.222917 0.729688 0.225000 0.729688 0.229167 0.731250 0.231250 0.731250 0.237500 0.735938 0.237500 0.746875 0.237500 0.760938 0.235417 0.767188 0.235417 0.768750 0.235417 0.773438 0.235417 0.776563 0.231250 0.781250 0.231250 0.784375 0.231250 0.784375 0.229167 0.784375 0.222917 0.784375 0.218750 0.784375 0.212500
2 0.943750 0.047917 0.031250 0.062500
2 0.948438 0.131250 0.950000 0.131250 0.950000 0.137500 0.953125 0.141667 0.953125 0.143750 0.954688 0.150000 0.956250 0.150000 0.956250 0.154167 0.956250 0.156250 0.960938 0.156250 0.960938 0.162500 0.960938 0.162500 0.962500 0.166667 0.964063 0.168750 0.965625 0.168750 0.965625 0.172917 0.965625 0.175000 0.965625 0.175000 0.968750 0.179167 0.968750 0.181250 0.970313 0.181250 0.971875 0.187500 0.971875 0.187500 0.971875 0.187500 0.975000 0.187500
2 0.021875 0.378125 0.043750 0.031250
2 0.125000 0.379167 0.050000 0.029167
2 0.258594 0.375000 0.123438 0.025000
2 0.430469 0.379167 0.085938 0.041667
2 0.575000 0.379167 0.059375 0.029167
2 0.668750 0.368750 0.668750 0.372917 0.668750 0.379167 0.668750 0.381250 0.673438 0.387500 0.673438 0.393750 0.675000 0.400000 0.690625 0.400000 0.706250 0.400000 0.715625 0.400000 0.721875 0.400000 0.734375 0.400000 0.737500 0.400000 0.745313 0.400000 0.746875 0.400000 0.753125 0.400000 0.756250 0.400000 0.756250 0.393750 0.753125 0.387500 0.753125 0.385417 0.751563 0.381250 0.751563 0.375000
2 0.065625 0.525000 0.062500 0.529167 0.062500 0.537500 0.062500 0.543750 0.062500 0.550000 0.062500 0.554167 0.062500 0.556250 0.062500 0.562500 0.062500 0.566667 0.071875 0.566667 0.078125 0.566667 0.089063 0.566667 0.093750 0.566667 0.096875 0.566667 0.100000 0.562500 0.100000 0.556250 0.103125 0.554167 0.104688 0.550000 0.106250 0.543750 0.106250 0.537500 0.107813 0.537500 0.107813 0.531250
2 0.159375 0.547917 0.159375 0.554167 0.159375 0.562500 0.159375 0.568750 0.159375 0.572917 0.162500 0.575000 0.176563 0.581250 0.187500 0.581250 0.193750 0.581250 0.203125 0.585417 0.215625 0.585417 0.221875 0.585417 0.225000 0.585417 0.228125 0.585417 0.228125 0.575000 0.228125 0.572917 0.228125 0.568750 0.228125 0.562500 0.231250 0.560417 0.231250 0.556250 0.231250 0.550000 0.231250 0.543750 0.231250 0.543750 0.231250 0.537500 0.231250 0.537500 0.228125 0.537500
2 0.306250 0.554167 0.306250 0.560417 0.306250 0.566667 0.306250 0.572917 0.306250 0.579167 0.306250 0.585417 0.314063 0.585417 0.318750 0.585417 0.325000 0.585417 0.328125 0.587500 0.337500 0.587500 0.343750 0.587500 0.348438 0.587500 0.350000 0.587500 0.353125 0.593750 0.359375 0.593750 0.364063 0.593750 0.367188 0.593750 0.368750 0.593750 0.371875 0.581250 0.371875 0.575000 0.376563 0.568750 0.379688 0.562500 0.379688 0.556250
2 0.450000 0.572917 0.450000 0.579167 0.450000 0.587500 0.450000 0.593750 0.450000 0.600000 0.450000 0.606250 0.460938 0.606250 0.473438 0.606250 0.478125 0.606250 0.481250 0.606250 0.487500 0.606250 0.492188 0.606250 0.493750 0.606250 0.503125 0.606250 0.506250 0.610417 0.512500 0.606250 0.517188 0.600000 0.518750 0.593750 0.521875 0.587500 0.523438 0.585417 0.525000 0.579167 0.525000 0.572917 0.525000 0.568750 0.523438 0.568750
2 0.600000 0.575000 0.600000 0.585417 0.600000 0.593750 0.600000 0.600000 0.600000 0.606250 0.603125 0.606250 0.610938 0.606250 0.617188 0.606250 0.625000 0.606250 0.631250 0.606250 0.637500 0.606250 0.642188 0.606250 0.643750 0.606250 0.643750 0.610417 0.648438 0.610417 0.651563 0.610417 0.653125 0.612500 0.657813 0.612500 0.657813 0.604167 0.657813 0.597917 0.657813 0.593750 0.657813 0.587500 0.657813 0.585417 0.657813 0.579167 0.657813 0.575000 0.657813 0.572917 0.657813 0.568750
2 0.728125 0.585417 0.731250 0.593750 0.731250 0.606250 0.734375 0.612500 0.734375 0.616667 0.740625 0.622917 0.751563 0.622917 0.767188 0.622917 0.775000 0.622917 0.778125 0.622917 0.784375 0.622917 0.787500 0.625000 0.792188 0.625000 0.800000 0.625000 0.806250 0.625000 0.809375 0.618750 0.809375 0.610417 0.809375 0.600000 0.809375 0.593750 0.809375 0.587500 0.809375 0.585417
2 0.887500 0.841667 0.031250 0.100000
1 0.089063 0.226042 0.043750 0.031250
1 0.306250 0.207292 0.062500 0.031250
1 0.418750 0.209375 0.062500 0.031250
1 0.564063 0.215625 0.062500 0.031250
1 0.689063 0.219792 0.062500 0.035417
1 0.068750 0.379167 0.059375 0.041667
1 0.171875 0.379167 0.043750 0.029167
1 0.356250 0.372917 0.068750 0.029167
1 0.506250 0.376042 0.065625 0.031250
1 0.637500 0.378125 0.059375 0.031250
1 0.783594 0.384375 0.076563 0.031250
1 0.032813 0.541667 0.059375 0.037500
1 0.130469 0.556250 0.048438 0.025000
1 0.268750 0.565625 0.075000 0.031250
1 0.410938 0.584375 0.068750 0.043750
1 0.564063 0.593750 0.062500 0.037500
1 0.690625 0.597917 0.068750 0.037500
1 0.876563 0.750000 0.876563 0.754167 0.876563 0.756250 0.876563 0.762500 0.876563 0.762500 0.876563 0.768750 0.876563 0.772917 0.876563 0.775000 0.876563 0.779167 0.876563 0.779167 0.878125 0.781250 0.881250 0.781250 0.885938 0.781250 0.890625 0.781250 0.893750 0.781250 0.896875 0.781250 0.896875 0.779167 0.896875 0.772917 0.896875 0.766667 0.896875 0.762500 0.896875 0.756250 0.896875 0.756250 0.896875 0.754167 0.896875 0.750000 0.892188 0.750000 0.885938 0.750000 0.878125 0.750000 0.871875 0.750000 0.870313 0.750000
1 0.809375 0.581250 0.807813 0.593750 0.807813 0.604167 0.807813 0.610417 0.807813 0.612500 0.807813 0.618750 0.807813 0.625000 0.815625 0.629167 0.835938 0.629167 0.850000 0.629167 0.856250 0.629167 0.862500 0.625000 0.867188 0.625000 0.870313 0.625000 0.875000 0.625000 0.884375 0.622917 0.884375 0.618750 0.884375 0.606250 0.884375 0.600000 0.884375 0.593750 0.884375 0.587500 0.884375 0.581250 0.884375 0.575000
1 0.881250 0.891667 0.875000 0.893750 0.870313 0.904167 0.870313 0.916667 0.870313 0.937500 0.871875 0.943750 0.871875 0.960417 0.871875 0.985417 0.871875 1.000000 0.878125 1.004167 0.890625 1.000000 0.900000 0.993750 0.896875 0.968750 0.893750 0.954167 0.893750 0.943750 0.893750 0.925000 0.893750 0.912500 0.893750 0.900000 0.892188 0.891667 0.892188 0.881250 0.890625 0.881250 0.885938 0.887500
1 0.792188 0.212500 0.792188 0.222917 0.790625 0.231250 0.787500 0.237500 0.787500 0.243750 0.804688 0.250000 0.825000 0.250000 0.831250 0.250000 0.839063 0.250000 0.845313 0.250000 0.850000 0.250000 0.850000 0.229167 0.850000 0.218750 0.846875 0.212500 0.839063 0.210417 0.831250 0.210417 0.825000 0.210417 0.821875 0.210417 0.814063 0.212500 0.809375 0.212500 0.800000 0.216667 0.787500 0.218750
1 0.793750 0.004167 0.796875 0.012500 0.796875 0.016667 0.800000 0.018750 0.800000 0.025000 0.803125 0.029167 0.806250 0.031250 0.809375 0.031250 0.818750 0.025000 0.825000 0.025000 0.828125 0.025000 0.828125 0.016667 0.828125 0.012500 0.825000 0.006250 0.823438 0.004167 0.818750 0.004167 0.815625 0.000000 0.814063 0.000000 0.809375 0.000000 0.806250 0.000000 0.803125 0.000000 0.800000 0.000000 0.796875 0.000000
1 0.943750 0.081250 0.943750 0.093750 0.943750 0.100000 0.943750 0.110417 0.943750 0.112500 0.943750 0.118750 0.948438 0.125000 0.948438 0.129167 0.954688 0.129167 0.960938 0.129167 0.965625 0.125000 0.968750 0.122917 0.965625 0.110417 0.965625 0.100000 0.965625 0.091667 0.965625 0.085417 0.962500 0.081250 0.960938 0.075000 0.960938 0.072917 0.954688 0.075000 0.950000 0.075000 0.948438 0.081250
1 0.918750 0.000000 0.921875 0.004167 0.923438 0.006250 0.923438 0.010417 0.923438 0.012500 0.925000 0.012500 0.929688 0.012500 0.932813 0.012500 0.934375 0.012500 0.937500 0.012500 0.940625 0.012500 0.943750 0.012500 0.943750 0.012500 0.943750 0.010417 0.943750 0.004167 0.943750 0.004167 0.940625 0.004167 0.939063 0.004167 0.934375 0.004167 0.934375 0.004167 0.932813 0.004167 0.929688 0.004167 0.925000 0.004167 0.921875 0.004167 0.918750 0.004167
3 0.981250 0.175000 0.975000 0.193750 0.975000 0.204167 0.975000 0.210417 0.975000 0.225000 0.971875 0.241667 0.971875 0.250000 0.971875 0.262500 0.970313 0.268750 0.975000 0.275000 0.981250 0.268750 0.984375 0.262500 0.990625 0.250000 0.993750 0.241667 0.993750 0.235417 0.996875 0.218750 1.000000 0.210417 1.000000 0.193750 1.000000 0.187500 0.995313 0.179167 0.990625 0.179167 0.984375 0.179167
4 0.825000 0.043750 0.812500 0.068750 0.815625 0.100000 0.809375 0.125000 0.778125 0.129167 0.753125 0.129167 0.729688 0.137500 0.721875 0.172917 0.737500 0.181250 0.765625 0.181250 0.793750 0.181250 0.818750 0.193750 0.845313 0.185417 0.860938 0.181250 0.875000 0.166667 0.871875 0.135417 0.856250 0.118750 0.840625 0.110417 0.856250 0.087500 0.846875 0.062500 0.825000 0.050000
4 0.600000 0.838542 0.287500 0.322917
4 0.912500 0.672917 0.040625 0.166667
0 0.001563 0.204167 0.006250 0.204167 0.009375 0.200000 0.014063 0.193750 0.015625 0.187500 0.015625 0.181250 0.015625 0.175000 0.014063 0.168750 0.009375 0.166667 0.009375 0.160417 0.003125 0.154167 0.001563 0.150000 -0.001563 0.156250 -0.003125 0.166667 -0.006250 0.175000 -0.006250 0.181250 -0.009375 0.187500 -0.009375 0.197917 -0.009375 0.200000 -0.006250 0.206250 0.000000 0.206250
6 0.017188 0.212500 0.043750 0.254167 0.134375 0.254167 0.228125 0.243750 0.364063 0.237500 0.496875 0.235417 0.596875 0.231250 0.696875 0.231250 0.792188 0.243750 0.839063 0.254167 0.854688 0.218750 0.782813 0.210417 0.668750 0.210417 0.596875 0.206250 0.501563 0.187500 0.418750 0.185417 0.340625 0.193750 0.217188 0.200000 0.131250 0.200000 0.031250 0.193750 0.006250 0.212500
6 0.009375 0.356250 -0.003125 0.366667 -0.001563 0.391667 0.043750 0.397917 0.076563 0.397917 0.143750 0.397917 0.217188 0.397917 0.270313 0.397917 0.378125 0.397917 0.450000 0.397917 0.509375 0.397917 0.553125 0.397917 0.603125 0.397917 0.659375 0.397917 0.725000 0.400000 0.759375 0.400000 0.784375 0.400000 0.800000 0.400000 0.821875 0.400000 0.823438 0.375000 0.821875 0.350000
6 0.000000 0.516667 0.000000 0.516667 0.000000 0.516667 0.000000 0.518750 0.000000 0.518750 0.000000 0.518750 0.000000 0.522917 0.000000 0.525000 0.000000 0.525000 0.000000 0.529167 0.000000 0.529167 0.000000 0.531250 0.000000 0.531250 0.000000 0.531250 0.000000 0.531250 0.000000 0.537500 0.000000 0.537500 0.000000 0.543750 0.000000 0.543750 0.000000 0.550000 0.000000 0.550000 0.000000 0.554167 0.000000 0.554167 0.000000 0.554167 0.000000 0.556250 0.000000 0.556250 0.000000 0.560417 0.000000 0.560417 0.000000 0.560417
1 0.184375 0.215625 0.056250 0.031250
6 0.784375 0.622917 0.885938 0.618750 0.825000 0.575000 0.704688 0.575000 0.603125 0.575000 0.503125 0.568750 0.412500 0.560417 0.328125 0.543750 0.234375 0.529167 0.137500 0.516667 0.034375 0.506250 -0.003125 0.537500 0.043750 0.568750 0.146875 0.575000 0.225000 0.587500 0.315625 0.600000 0.409375 0.606250 0.489063 0.616667 0.620313 0.618750 0.715625 0.625000 0.796875 0.622917
6 0.878125 0.747917 0.860938 0.745833 0.867188 0.791667 0.867188 0.806250 0.870313 0.843750 0.873437 0.875000 0.875000 0.908333 0.875000 0.935417 0.875000 0.960417 0.873437 0.987500 0.878125 1.000000 0.904687 0.995833 0.898438 0.970833 0.896875 0.943750 0.896875 0.918750 0.896875 0.889583 0.896875 0.847917 0.896875 0.816667 0.896875 0.785417 0.896875 0.764583 0.896875 0.747917
6 0.918750 0.016667 0.925000 0.045833 0.932813 0.077083 0.935937 0.102083 0.942187 0.129167 0.945312 0.150000 0.950000 0.166667 0.954688 0.177083 0.967187 0.183333 0.978125 0.175000 0.981250 0.158333 0.975000 0.139583 0.965625 0.116667 0.960938 0.100000 0.954688 0.077083 0.948438 0.054167 0.942187 0.033333 0.935937 0.018750 0.929688 0.006250 0.920312 0.000000 0.914062 0.012500 0.921875 0.025000
