6 0.585938 0.210417 0.553125 0.216667 0.567187 0.235417 0.604688 0.225000 0.642188 0.218750 0.679688 0.218750 0.718750 0.212500 0.757812 0.210417 0.790625 0.202083 0.826562 0.197917 0.864062 0.195833 0.890625 0.189583 0.864062 0.177083 0.835938 0.181250 0.800000 0.185417 0.765625 0.189583 0.728125 0.189583 0.687500 0.197917 0.650000 0.200000 0.615625 0.206250 0.579688 0.212500
6 0.593750 0.291667 0.553125 0.304167 0.570312 0.325000 0.607812 0.318750 0.645312 0.314583 0.684375 0.304167 0.735938 0.291667 0.771875 0.287500 0.809375 0.285417 0.846875 0.281250 0.884375 0.275000 0.921875 0.268750 0.914062 0.247917 0.881250 0.254167 0.848437 0.256250 0.814063 0.266667 0.764062 0.268750 0.725000 0.275000 0.673438 0.285417 0.628125 0.291667 0.590625 0.295833
0 0.650000 0.308333 0.628125 0.310417 0.615625 0.310417 0.603125 0.310417 0.587500 0.312500 0.573438 0.314583 0.568750 0.325000 0.570312 0.339583 0.573438 0.356250 0.576562 0.368750 0.584375 0.375000 0.596875 0.375000 0.612500 0.370833 0.628125 0.368750 0.639062 0.364583 0.651563 0.364583 0.664062 0.364583 0.673438 0.364583 0.670312 0.347917 0.664062 0.331250 0.654687 0.318750 0.648438 0.304167
0 0.748437 0.285417 0.725000 0.289583 0.710938 0.291667 0.696875 0.295833 0.682813 0.297917 0.670312 0.304167 0.660937 0.308333 0.664062 0.318750 0.670312 0.335417 0.675000 0.350000 0.682813 0.352083 0.693750 0.352083 0.704688 0.347917 0.717187 0.347917 0.728125 0.347917 0.742188 0.347917 0.753125 0.343750 0.757812 0.335417 0.756250 0.322917 0.754687 0.308333 0.751563 0.295833 0.748437 0.281250
7 0.634375 0.364583 0.621875 0.364583 0.612500 0.364583 0.600000 0.368750 0.585938 0.368750 0.576562 0.375000 0.573438 0.383333 0.571875 0.397917 0.573438 0.410417 0.576562 0.422917 0.582812 0.429167 0.593750 0.431250 0.603125 0.431250 0.612500 0.431250 0.621875 0.429167 0.629687 0.425000 0.635938 0.414583 0.639062 0.404167 0.639062 0.391667 0.637500 0.375000 0.631250 0.366667
6 0.660937 0.387500 0.628125 0.404167 0.620313 0.422917 0.654687 0.414583 0.693750 0.406250 0.731250 0.404167 0.770312 0.395833 0.821875 0.387500 0.876563 0.372917 0.914062 0.364583 0.951562 0.358333 0.982812 0.341667 0.956250 0.333333 0.918750 0.339583 0.885938 0.347917 0.848437 0.354167 0.809375 0.362500 0.776563 0.368750 0.739062 0.381250 0.692187 0.385417 0.656250 0.387500
6 0.603125 0.435417 0.585938 0.429167 0.585938 0.450000 0.593750 0.477083 0.603125 0.506250 0.612500 0.543750 0.632812 0.589583 0.643750 0.622917 0.653125 0.645833 0.660937 0.664583 0.670312 0.689583 0.681250 0.714583 0.695312 0.745833 0.706250 0.787500 0.715625 0.814583 0.734375 0.818750 0.740625 0.802083 0.728125 0.779167 0.718750 0.752083 0.709375 0.722917 0.700000 0.695833
6 0.493750 0.466667 0.479687 0.493750 0.492188 0.537500 0.506250 0.583333 0.523438 0.635417 0.542188 0.679167 0.554688 0.727083 0.573438 0.770833 0.584375 0.822917 0.595313 0.866667 0.609375 0.912500 0.628125 0.893750 0.615625 0.850000 0.603125 0.800000 0.585938 0.743750 0.570312 0.687500 0.551562 0.645833 0.540625 0.595833 0.523438 0.550000 0.509375 0.504167 0.493750 0.464583
0 0.443750 0.464583 0.431250 0.475000 0.415625 0.481250 0.406250 0.489583 0.406250 0.504167 0.412500 0.520833 0.418750 0.537500 0.421875 0.558333 0.429688 0.579167 0.437500 0.597917 0.448437 0.602083 0.464062 0.597917 0.478125 0.593750 0.489063 0.589583 0.492188 0.572917 0.485938 0.554167 0.478125 0.539583 0.470313 0.527083 0.460938 0.508333 0.450000 0.485417 0.442188 0.464583
0 0.493750 0.606250 0.478125 0.606250 0.460938 0.612500 0.446875 0.618750 0.434375 0.629167 0.442188 0.645833 0.448437 0.662500 0.454688 0.683333 0.460938 0.710417 0.464062 0.729167 0.470313 0.745833 0.476562 0.760417 0.492188 0.758333 0.510938 0.754167 0.528125 0.750000 0.535937 0.735417 0.535937 0.714583 0.528125 0.689583 0.520312 0.670833 0.510938 0.645833 0.500000 0.625000
7 0.395313 0.443750 0.385937 0.443750 0.376563 0.443750 0.370312 0.443750 0.367188 0.452083 0.367188 0.464583 0.367188 0.477083 0.367188 0.489583 0.367188 0.510417 0.367188 0.531250 0.373437 0.533333 0.381250 0.529167 0.390625 0.525000 0.398438 0.520833 0.401562 0.512500 0.401562 0.500000 0.401562 0.485417 0.401562 0.472917 0.401562 0.462500 0.400000 0.452083 0.398438 0.443750
6 0.395313 0.525000 0.373437 0.533333 0.382812 0.577083 0.390625 0.612500 0.401562 0.654167 0.409375 0.695833 0.426563 0.768750 0.432812 0.804167 0.443750 0.860417 0.454688 0.904167 0.468750 0.931250 0.485938 0.908333 0.479687 0.870833 0.470313 0.831250 0.462500 0.795833 0.453125 0.758333 0.442188 0.714583 0.431250 0.670833 0.421875 0.629167 0.410938 0.577083 0.401562 0.533333
6 0.451562 0.029167 0.434375 0.033333 0.440625 0.058333 0.448437 0.077083 0.456250 0.102083 0.467187 0.120833 0.476562 0.145833 0.485938 0.166667 0.493750 0.189583 0.506250 0.214583 0.514062 0.235417 0.531250 0.231250 0.526563 0.206250 0.518750 0.183333 0.510938 0.162500 0.501563 0.139583 0.489063 0.116667 0.479687 0.097917 0.467187 0.072917 0.456250 0.050000 0.445312 0.031250
3 0.560937 0.158333 0.554688 0.145833 0.543750 0.139583 0.537500 0.145833 0.535937 0.156250 0.532813 0.170833 0.531250 0.183333 0.528125 0.204167 0.525000 0.218750 0.523438 0.233333 0.523438 0.247917 0.529687 0.254167 0.537500 0.258333 0.548438 0.254167 0.551562 0.243750 0.553125 0.229167 0.554688 0.214583 0.557813 0.202083 0.557813 0.185417 0.560937 0.166667 0.560937 0.154167
3 0.431250 0.083333 0.418750 0.089583 0.409375 0.093750 0.401562 0.097917 0.398438 0.110417 0.400000 0.122917 0.400000 0.139583 0.401562 0.154167 0.401562 0.170833 0.401562 0.183333 0.404687 0.197917 0.409375 0.210417 0.414062 0.220833 0.421875 0.220833 0.431250 0.216667 0.431250 0.202083 0.432812 0.185417 0.432812 0.170833 0.432812 0.150000 0.431250 0.129167 0.431250 0.102083 0.429688 0.083333
3 0.376563 0.183333 0.367188 0.179167 0.357812 0.183333 0.350000 0.189583 0.348438 0.202083 0.350000 0.222917 0.353125 0.237500 0.354687 0.250000 0.359375 0.262500 0.360938 0.281250 0.364063 0.291667 0.367188 0.302083 0.371875 0.306250 0.376563 0.295833 0.376563 0.279167 0.376563 0.266667 0.376563 0.250000 0.376563 0.231250 0.373437 0.214583 0.373437 0.197917 0.371875 0.183333
0 0.370312 0.150000 0.354687 0.150000 0.346875 0.150000 0.337500 0.154167 0.332813 0.156250 0.326562 0.158333 0.325000 0.162500 0.329688 0.170833 0.332813 0.181250 0.334375 0.187500 0.340625 0.195833 0.343750 0.206250 0.346875 0.212500 0.350000 0.208333 0.353125 0.202083 0.357812 0.195833 0.367188 0.183333 0.373437 0.179167 0.376563 0.172917 0.373437 0.162500 0.371875 0.156250
0 0.373437 0.195833 0.367188 0.200000 0.364063 0.202083 0.360938 0.204167 0.360938 0.210417 0.360938 0.216667 0.360938 0.222917 0.360938 0.231250 0.362500 0.235417 0.364063 0.239583 0.368750 0.239583 0.373437 0.239583 0.379688 0.239583 0.384375 0.237500 0.389062 0.237500 0.389062 0.233333 0.390625 0.229167 0.389062 0.222917 0.387500 0.218750 0.384375 0.214583 0.379688 0.210417 0.379688 0.206250 0.376563 0.204167 0.376563 0.206250
7 0.317188 0.183333 0.310937 0.183333 0.304688 0.183333 0.298438 0.187500 0.295312 0.189583 0.295312 0.197917 0.300000 0.206250 0.301563 0.214583 0.304688 0.225000 0.307812 0.235417 0.309375 0.241667 0.312500 0.252083 0.317188 0.258333 0.321875 0.254167 0.325000 0.252083 0.329688 0.247917 0.331250 0.241667 0.329688 0.227083 0.328125 0.216667 0.325000 0.208333 0.321875 0.204167 0.320312 0.197917 0.318750 0.189583
7 0.304688 0.225000 0.287500 0.229167 0.279687 0.229167 0.270313 0.229167 0.260937 0.231250 0.253125 0.233333 0.248438 0.237500 0.246875 0.252083 0.246875 0.262500 0.250000 0.270833 0.253125 0.275000 0.267188 0.275000 0.278125 0.275000 0.285938 0.275000 0.295312 0.275000 0.303125 0.275000 0.307812 0.272917 0.307812 0.262500 0.304688 0.252083 0.301563 0.243750 0.300000 0.235417 0.298438 0.225000
6 0.364063 0.037500 0.350000 0.045833 0.350000 0.058333 0.354687 0.081250 0.360938 0.104167 0.367188 0.125000 0.373437 0.147917 0.379688 0.170833 0.385937 0.189583 0.393750 0.206250 0.401562 0.227083 0.409375 0.235417 0.407813 0.212500 0.401562 0.189583 0.398438 0.166667 0.395313 0.145833 0.389062 0.125000 0.382812 0.102083 0.378125 0.077083 0.371875 0.056250 0.365625 0.039583
6 0.289062 0.054167 0.279687 0.054167 0.270313 0.060417 0.271875 0.081250 0.275000 0.097917 0.279687 0.108333 0.282813 0.122917 0.285938 0.137500 0.289062 0.150000 0.289062 0.164583 0.292187 0.179167 0.300000 0.183333 0.307812 0.179167 0.304688 0.162500 0.301563 0.145833 0.296875 0.129167 0.292187 0.110417 0.289062 0.093750 0.285938 0.079167 0.282813 0.064583 0.281250 0.052083
6 0.325000 0.239583 0.321875 0.243750 0.320312 0.250000 0.317188 0.254167 0.315625 0.256250 0.315625 0.262500 0.317188 0.266667 0.318750 0.268750 0.321875 0.275000 0.323437 0.279167 0.325000 0.283333 0.328125 0.285417 0.329688 0.283333 0.334375 0.279167 0.334375 0.275000 0.331250 0.268750 0.329688 0.262500 0.328125 0.258333 0.328125 0.254167 0.326562 0.250000 0.325000 0.245833
6 0.364063 0.452083 0.342187 0.452083 0.325000 0.456250 0.307812 0.460417 0.295312 0.462500 0.284375 0.464583 0.271875 0.464583 0.262500 0.468750 0.260937 0.479167 0.264062 0.489583 0.271875 0.493750 0.282813 0.495833 0.293750 0.495833 0.304688 0.493750 0.315625 0.489583 0.326562 0.485417 0.337500 0.481250 0.348438 0.481250 0.356250 0.477083 0.364063 0.470833 0.365625 0.460417
6 0.218750 0.483333 0.187500 0.489583 0.159375 0.500000 0.137500 0.504167 0.117188 0.506250 0.093750 0.510417 0.071875 0.516667 0.048438 0.520833 0.020313 0.525000 0.001563 0.533333 0.006250 0.550000 0.034375 0.550000 0.057813 0.545833 0.084375 0.543750 0.110937 0.537500 0.140625 0.531250 0.173437 0.520833 0.212500 0.510417 0.237500 0.510417 0.235937 0.493750 0.220312 0.483333
6 0.315625 0.362500 0.275000 0.368750 0.237500 0.379167 0.207813 0.387500 0.165625 0.393750 0.134375 0.402083 0.114062 0.408333 0.087500 0.420833 0.059375 0.427083 0.046875 0.431250 0.004687 0.443750 0.001563 0.464583 0.028125 0.454167 0.062500 0.443750 0.095312 0.433333 0.123438 0.427083 0.198437 0.400000 0.228125 0.395833 0.259375 0.387500 0.304688 0.383333 0.318750 0.360417
0 0.307812 0.297917 0.289062 0.300000 0.273438 0.300000 0.260937 0.300000 0.243750 0.297917 0.231250 0.295833 0.217188 0.295833 0.209375 0.312500 0.207813 0.331250 0.207813 0.345833 0.212500 0.358333 0.225000 0.360417 0.239063 0.360417 0.256250 0.358333 0.275000 0.356250 0.292187 0.354167 0.306250 0.350000 0.317188 0.343750 0.320312 0.322917 0.315625 0.310417 0.307812 0.302083
6 0.325000 0.283333 0.315625 0.283333 0.304688 0.283333 0.295312 0.283333 0.285938 0.283333 0.275000 0.285417 0.267188 0.289583 0.256250 0.295833 0.248438 0.300000 0.237500 0.302083 0.228125 0.304167 0.234375 0.310417 0.246875 0.312500 0.259375 0.312500 0.270313 0.308333 0.279687 0.308333 0.287500 0.306250 0.298438 0.304167 0.307812 0.304167 0.318750 0.304167 0.328125 0.300000 0.329688 0.289583
6 0.053125 0.339583 0.031250 0.350000 0.001563 0.358333 0.001563 0.379167 0.023438 0.372917 0.046875 0.366667 0.071875 0.364583 0.085938 0.356250 0.110937 0.354167 0.139063 0.345833 0.160938 0.341667 0.184375 0.335417 0.204687 0.329167 0.214062 0.304167 0.200000 0.306250 0.181250 0.314583 0.143750 0.322917 0.117188 0.329167 0.096875 0.327083 0.071875 0.327083 0.048438 0.337500
4 0.779687 0.020833 0.767188 0.020833 0.759375 0.025000 0.754687 0.025000 0.750000 0.025000 0.746875 0.027083 0.748437 0.029167 0.750000 0.033333 0.751563 0.039583 0.751563 0.045833 0.753125 0.050000 0.754687 0.054167 0.754687 0.060417 0.757812 0.062500 0.760938 0.060417 0.770312 0.060417 0.775000 0.058333 0.779687 0.058333 0.781250 0.054167 0.782813 0.050000 0.781250 0.043750 0.779687 0.033333 0.776563 0.027083 0.776563 0.025000
7 0.278125 0.516667 0.228125 0.508333 0.195312 0.508333 0.173437 0.516667 0.153125 0.529167 0.131250 0.537500 0.110937 0.554167 0.098437 0.583333 0.098437 0.606250 0.106250 0.635417 0.114062 0.656250 0.126562 0.668750 0.173437 0.650000 0.203125 0.637500 0.231250 0.631250 0.256250 0.631250 0.282813 0.627083 0.301563 0.618750 0.293750 0.583333 0.282813 0.537500 0.279687 0.508333
7 0.300000 0.622917 0.245312 0.627083 0.215625 0.629167 0.182812 0.645833 0.167187 0.658333 0.156250 0.672917 0.167187 0.702083 0.165625 0.706250 0.165625 0.729167 0.168750 0.758333 0.176563 0.775000 0.195312 0.775000 0.225000 0.766667 0.253125 0.758333 0.275000 0.752083 0.295312 0.750000 0.317188 0.743750 0.328125 0.735417 0.325000 0.708333 0.320312 0.679167 0.309375 0.641667
7 0.288281 0.854167 0.120313 0.091667
