2 0.018750 0.668750 0.028125 0.691667 0.031250 0.700000 0.034375 0.706250 0.042188 0.700000 0.057813 0.685417 0.062500 0.679167 0.071875 0.672917 0.078125 0.668750 0.089063 0.662500 0.092188 0.656250 0.092188 0.643750 0.089063 0.637500 0.081250 0.625000 0.076563 0.618750 0.068750 0.625000 0.062500 0.631250 0.053125 0.641667 0.043750 0.650000 0.034375 0.662500 0.025000 0.668750
2 0.134375 0.556250 0.146875 0.562500 0.156250 0.568750 0.165625 0.575000 0.175000 0.579167 0.181250 0.572917 0.185938 0.562500 0.193750 0.556250 0.210938 0.543750 0.215625 0.537500 0.223438 0.522917 0.228125 0.510417 0.232813 0.504167 0.225000 0.500000 0.215625 0.497917 0.206250 0.493750 0.193750 0.500000 0.181250 0.510417 0.168750 0.522917 0.156250 0.531250 0.146875 0.547917 0.140625 0.560417
2 0.270313 0.437500 0.278125 0.443750 0.282813 0.447917 0.287500 0.456250 0.293750 0.456250 0.303125 0.456250 0.306250 0.450000 0.315625 0.443750 0.321875 0.437500 0.328125 0.425000 0.329688 0.418750 0.332813 0.412500 0.329688 0.404167 0.325000 0.400000 0.317188 0.400000 0.306250 0.404167 0.300000 0.406250 0.290625 0.410417 0.285938 0.412500 0.278125 0.418750 0.275000 0.425000 0.271875 0.437500
2 0.367188 0.347917 0.381250 0.354167 0.387500 0.356250 0.392188 0.362500 0.396875 0.362500 0.403125 0.362500 0.412500 0.354167 0.418750 0.350000 0.423438 0.341667 0.431250 0.331250 0.426563 0.325000 0.421875 0.322917 0.418750 0.318750 0.412500 0.316667 0.407813 0.316667 0.400000 0.318750 0.395313 0.318750 0.387500 0.325000 0.381250 0.331250 0.378125 0.337500 0.376563 0.341667 0.371875 0.347917
1 0.412500 0.316667 0.415625 0.318750 0.418750 0.325000 0.426563 0.331250 0.431250 0.335417 0.437500 0.335417 0.442188 0.331250 0.446875 0.325000 0.454688 0.318750 0.457813 0.312500 0.462500 0.306250 0.465625 0.300000 0.462500 0.293750 0.457813 0.293750 0.450000 0.293750 0.446875 0.293750 0.443750 0.297917 0.437500 0.304167 0.431250 0.306250 0.425000 0.318750 0.421875 0.322917 0.418750 0.329167
1 0.318750 0.391667 0.325000 0.397917 0.328125 0.404167 0.334375 0.406250 0.337500 0.412500 0.345313 0.410417 0.350000 0.404167 0.360938 0.391667 0.367188 0.387500 0.371875 0.381250 0.378125 0.375000 0.381250 0.368750 0.384375 0.354167 0.384375 0.347917 0.376563 0.347917 0.368750 0.347917 0.364063 0.350000 0.356250 0.356250 0.346875 0.366667 0.335938 0.381250 0.331250 0.387500 0.328125 0.391667
1 0.210938 0.487500 0.218750 0.491667 0.225000 0.493750 0.232813 0.500000 0.237500 0.504167 0.243750 0.504167 0.250000 0.500000 0.256250 0.493750 0.262500 0.487500 0.270313 0.481250 0.281250 0.468750 0.285938 0.460417 0.285938 0.447917 0.278125 0.447917 0.270313 0.450000 0.262500 0.454167 0.253125 0.456250 0.243750 0.462500 0.234375 0.472917 0.228125 0.479167 0.223438 0.481250 0.215625 0.487500
1 0.075000 0.610417 0.081250 0.616667 0.087500 0.622917 0.092188 0.629167 0.096875 0.637500 0.106250 0.637500 0.112500 0.629167 0.121875 0.622917 0.137500 0.610417 0.143750 0.606250 0.153125 0.600000 0.153125 0.587500 0.154688 0.575000 0.148438 0.572917 0.140625 0.566667 0.131250 0.562500 0.125000 0.568750 0.112500 0.575000 0.100000 0.587500 0.092188 0.600000 0.085938 0.606250 0.081250 0.612500
3 0.034375 0.335417 0.093750 0.262500 0.128125 0.218750 0.140625 0.175000 0.159375 0.122917 0.153125 0.087500 0.134375 0.068750 0.109375 0.056250 0.078125 0.060417 0.040625 0.093750 0.025000 0.125000 0.014063 0.156250 0.003125 0.187500 0.001563 0.210417 -0.001563 0.243750 -0.003125 0.268750 -0.006250 0.293750 -0.003125 0.312500 0.003125 0.325000 0.015625 0.325000 0.025000 0.325000
6 0.445312 0.287500 0.390625 0.331250 0.340625 0.366667 0.306250 0.406250 0.264062 0.441667 0.217188 0.477083 0.170313 0.512500 0.125000 0.554167 0.095312 0.591667 0.059375 0.633333 0.025000 0.675000 0.048438 0.697917 0.093750 0.664583 0.135937 0.614583 0.215625 0.541667 0.254688 0.506250 0.304688 0.468750 0.348438 0.420833 0.407813 0.356250 0.445312 0.322917 0.457813 0.291667
