1 0.900000 0.633333 0.909375 0.633333 0.918750 0.629167 0.926562 0.627083 0.928125 0.622917 0.926562 0.614583 0.920312 0.602083 0.915625 0.585417 0.912500 0.572917 0.909375 0.564583 0.904687 0.554167 0.903125 0.550000 0.893750 0.547917 0.893750 0.554167 0.893750 0.566667 0.892188 0.581250 0.892188 0.589583 0.890625 0.602083 0.890625 0.612500 0.890625 0.625000 0.893750 0.631250
1 0.932813 0.745833 0.925000 0.745833 0.918750 0.745833 0.910937 0.745833 0.906250 0.750000 0.906250 0.758333 0.906250 0.768750 0.909375 0.779167 0.909375 0.787500 0.909375 0.797917 0.910937 0.806250 0.914062 0.812500 0.915625 0.818750 0.923438 0.818750 0.929688 0.818750 0.932813 0.812500 0.932813 0.802083 0.932813 0.791667 0.932813 0.779167 0.932813 0.768750 0.932813 0.758333
1 0.939063 0.912500 0.929688 0.910417 0.920312 0.908333 0.915625 0.916667 0.912500 0.937500 0.912500 0.947917 0.915625 0.958333 0.917188 0.970833 0.918750 0.981250 0.923438 0.993750 0.923438 1.010417 0.923438 1.025000 0.929688 1.020833 0.939063 1.016667 0.945312 1.008333 0.948438 0.997917 0.948438 0.985417 0.945312 0.972917 0.939063 0.956250 0.935937 0.943750 0.934375 0.925000 0.931250 0.916667
2 0.925000 0.637500 0.915625 0.635417 0.906250 0.635417 0.900000 0.637500 0.900000 0.650000 0.900000 0.662500 0.898438 0.677083 0.898438 0.689583 0.898438 0.706250 0.898438 0.718750 0.900000 0.727083 0.903125 0.735417 0.912500 0.743750 0.920312 0.743750 0.926562 0.739583 0.931250 0.735417 0.928125 0.718750 0.928125 0.697917 0.928125 0.681250 0.928125 0.666667 0.925000 0.656250 0.923438 0.645833
2 0.934375 0.825000 0.925000 0.825000 0.918750 0.825000 0.915625 0.831250 0.912500 0.835417 0.914062 0.847917 0.915625 0.858333 0.915625 0.864583 0.915625 0.875000 0.915625 0.887500 0.917188 0.893750 0.921875 0.895833 0.926562 0.897917 0.932813 0.897917 0.937500 0.893750 0.939063 0.883333 0.937500 0.868750 0.935937 0.860417 0.935937 0.850000 0.932813 0.835417 0.932813 0.827083
6 0.912500 0.550000 0.887500 0.572917 0.890625 0.618750 0.893750 0.666667 0.896875 0.689583 0.900000 0.741667 0.903125 0.791667 0.915625 0.839583 0.917188 0.887500 0.918750 0.947917 0.918750 0.989583 0.948438 0.985417 0.943750 0.937500 0.939063 0.887500 0.932813 0.831250 0.928125 0.768750 0.926562 0.712500 0.926562 0.650000 0.926562 0.595833 0.917188 0.550000 0.889062 0.550000
3 0.995313 0.356250 0.982812 0.364583 0.968750 0.375000 0.957812 0.383333 0.946875 0.397917 0.935937 0.408333 0.923438 0.420833 0.912500 0.433333 0.910937 0.450000 0.912500 0.464583 0.926562 0.460417 0.945312 0.454167 0.957812 0.447917 0.971875 0.443750 0.981250 0.433333 0.990625 0.425000 0.995313 0.416667 1.000000 0.404167 1.000000 0.387500 0.998437 0.368750 0.995313 0.354167
7 1.001562 0.116667 0.996875 0.118750 0.990625 0.122917 0.987500 0.127083 0.982812 0.129167 0.978125 0.133333 0.978125 0.139583 0.978125 0.147917 0.978125 0.154167 0.978125 0.160417 0.981250 0.166667 0.987500 0.170833 0.990625 0.172917 0.995313 0.172917 0.998437 0.170833 1.001562 0.166667 1.003125 0.160417 1.003125 0.154167 1.003125 0.145833 1.000000 0.133333 1.000000 0.116667 1.000000 0.110417
7 0.981250 0.029167 0.967187 0.031250 0.957812 0.033333 0.953125 0.041667 0.953125 0.054167 0.953125 0.066667 0.953125 0.083333 0.953125 0.100000 0.954688 0.110417 0.957812 0.118750 0.962500 0.131250 0.970313 0.135417 0.979688 0.133333 0.987500 0.131250 0.990625 0.118750 0.990625 0.106250 0.989062 0.089583 0.987500 0.072917 0.985938 0.054167 0.984375 0.039583 0.981250 0.031250
0 0.890625 0.566667 0.851562 0.560417 0.825000 0.554167 0.809375 0.566667 0.810937 0.593750 0.810937 0.620833 0.814063 0.650000 0.812500 0.679167 0.812500 0.700000 0.806250 0.722917 0.803125 0.752083 0.814063 0.766667 0.837500 0.770833 0.860938 0.775000 0.882812 0.772917 0.892188 0.752083 0.890625 0.720833 0.890625 0.685417 0.890625 0.652083 0.892188 0.608333 0.893750 0.577083
0 0.892188 0.795833 0.835938 0.800000 0.810937 0.800000 0.815625 0.822917 0.815625 0.852083 0.814063 0.875000 0.812500 0.904167 0.814063 0.931250 0.815625 0.958333 0.818750 0.983333 0.832812 1.000000 0.856250 0.995833 0.885938 0.991667 0.907813 0.989583 0.909375 0.968750 0.906250 0.941667 0.903125 0.908333 0.900000 0.877083 0.900000 0.843750 0.900000 0.814583
7 0.761719 0.564583 0.054688 0.158333
1 0.754687 0.645833 0.751563 0.645833 0.746875 0.645833 0.742188 0.645833 0.739062 0.645833 0.734375 0.645833 0.731250 0.645833 0.731250 0.654167 0.731250 0.660417 0.731250 0.666667 0.731250 0.670833 0.732812 0.679167 0.734375 0.683333 0.739062 0.683333 0.742188 0.683333 0.746875 0.683333 0.751563 0.683333 0.754687 0.683333 0.757812 0.681250 0.757812 0.675000 0.756250 0.656250 0.754687 0.650000 0.754687 0.645833
1 0.746875 0.832292 0.031250 0.081250
1 0.753906 0.980208 0.023438 0.043750
2 0.746875 0.735417 0.031250 0.104167
2 0.752344 0.917708 0.029687 0.081250
6 0.762500 0.650000 0.739062 0.647917 0.725000 0.662500 0.725000 0.695833 0.726562 0.735417 0.726562 0.775000 0.728125 0.810417 0.729688 0.841667 0.735938 0.875000 0.735938 0.908333 0.735938 0.962500 0.739062 0.991667 0.764062 0.985417 0.767188 0.954167 0.765625 0.912500 0.764062 0.872917 0.764062 0.833333 0.764062 0.791667 0.764062 0.743750 0.764062 0.695833 0.764062 0.658333
1 0.945312 0.114583 0.931250 0.116667 0.926562 0.116667 0.923438 0.118750 0.925000 0.122917 0.926562 0.129167 0.928125 0.133333 0.929688 0.141667 0.932813 0.147917 0.932813 0.154167 0.935937 0.158333 0.939063 0.164583 0.942187 0.166667 0.945312 0.170833 0.950000 0.168750 0.954688 0.166667 0.957812 0.166667 0.959375 0.158333 0.959375 0.145833 0.957812 0.139583 0.954688 0.131250 0.953125 0.118750 0.950000 0.116667
1 0.917188 0.004167 0.915625 0.004167 0.914062 0.006250 0.910937 0.008333 0.907813 0.008333 0.906250 0.008333 0.904687 0.010417 0.906250 0.014583 0.906250 0.016667 0.906250 0.020833 0.907813 0.022917 0.909375 0.027083 0.909375 0.029167 0.910937 0.031250 0.910937 0.033333 0.912500 0.035417 0.915625 0.033333 0.915625 0.033333 0.917188 0.029167 0.918750 0.027083 0.920312 0.025000 0.921875 0.022917 0.923438 0.018750 0.923438 0.014583 0.923438 0.010417 0.923438 0.006250
2 0.943750 0.077083 0.942187 0.079167 0.940625 0.081250 0.939063 0.083333 0.937500 0.085417 0.935937 0.089583 0.935937 0.091667 0.935937 0.093750 0.932813 0.097917 0.932813 0.100000 0.931250 0.104167 0.929688 0.106250 0.929688 0.110417 0.932813 0.110417 0.934375 0.110417 0.937500 0.110417 0.940625 0.110417 0.942187 0.110417 0.945312 0.110417 0.945312 0.106250 0.945312 0.104167 0.945312 0.097917 0.943750 0.089583 0.940625 0.081250 0.940625 0.077083 0.939063 0.077083
6 0.940625 0.072917 0.932813 0.085417 0.928125 0.093750 0.926562 0.102083 0.925000 0.112500 0.926562 0.129167 0.928125 0.139583 0.931250 0.154167 0.934375 0.162500 0.939063 0.168750 0.945312 0.175000 0.954688 0.175000 0.960938 0.170833 0.962500 0.162500 0.960938 0.150000 0.960938 0.133333 0.957812 0.125000 0.956250 0.110417 0.948438 0.077083 0.946875 0.062500
6 0.918750 0.002083 0.915625 0.004167 0.910937 0.004167 0.906250 0.006250 0.904687 0.008333 0.903125 0.008333 0.903125 0.016667 0.903125 0.020833 0.903125 0.027083 0.906250 0.029167 0.906250 0.033333 0.909375 0.037500 0.910937 0.041667 0.914062 0.039583 0.915625 0.037500 0.918750 0.035417 0.918750 0.033333 0.921875 0.029167 0.923438 0.027083 0.923438 0.022917 0.923438 0.018750 0.923438 0.012500 0.923438 0.008333 0.918750 0.008333
6 1.000000 0.166667 0.990625 0.164583 0.982812 0.162500 0.978125 0.160417 0.975000 0.160417 0.970313 0.160417 0.968750 0.162500 0.967187 0.166667 0.965625 0.172917 0.964063 0.177083 0.968750 0.179167 0.971875 0.179167 0.976562 0.183333 0.981250 0.183333 0.985938 0.183333 0.990625 0.183333 0.993750 0.183333 0.998437 0.183333 1.000000 0.181250 1.000000 0.175000 1.000000 0.168750
2 0.998437 0.166667 0.987500 0.166667 0.984375 0.166667 0.981250 0.166667 0.978125 0.166667 0.975000 0.166667 0.971875 0.166667 0.970313 0.166667 0.968750 0.168750 0.968750 0.170833 0.970313 0.172917 0.971875 0.177083 0.973437 0.179167 0.975000 0.179167 0.978125 0.179167 0.981250 0.179167 0.984375 0.179167 0.987500 0.179167 0.990625 0.181250 0.993750 0.181250 0.995313 0.181250 0.998437 0.181250 1.000000 0.179167 1.000000 0.175000 1.000000 0.172917 1.000000 0.170833
3 0.964063 0.016667 0.953125 0.016667 0.942187 0.020833 0.932813 0.025000 0.923438 0.033333 0.914062 0.047917 0.904687 0.062500 0.898438 0.072917 0.890625 0.083333 0.882812 0.093750 0.878125 0.104167 0.878125 0.118750 0.881250 0.133333 0.893750 0.135417 0.901563 0.131250 0.912500 0.122917 0.923438 0.110417 0.929688 0.097917 0.937500 0.075000 0.945312 0.062500 0.965625 0.022917
0 0.903125 0.000000 0.878125 0.000000 0.864062 -0.004167 0.898438 0.004167 0.898438 0.004167 0.881250 0.004167 0.864062 0.002083 0.856250 0.004167 0.857812 0.022917 0.857812 0.043750 0.857812 0.064583 0.862500 0.085417 0.867188 0.106250 0.870313 0.116667 0.878125 0.106250 0.887500 0.093750 0.896875 0.079167 0.907813 0.060417 0.912500 0.043750 0.909375 0.020833 0.906250 0.002083
1 0.843750 0.056250 0.835938 0.056250 0.829688 0.056250 0.823438 0.056250 0.821875 0.062500 0.823438 0.077083 0.823438 0.085417 0.825000 0.093750 0.826562 0.104167 0.828125 0.112500 0.829688 0.120833 0.832812 0.125000 0.837500 0.122917 0.842187 0.118750 0.845313 0.114583 0.845313 0.106250 0.845313 0.097917 0.845313 0.089583 0.843750 0.083333 0.843750 0.075000 0.842187 0.068750 0.842187 0.060417
2 0.823438 0.000000 0.815625 0.000000 0.810937 0.000000 0.809375 0.004167 0.812500 0.006250 0.814063 0.012500 0.814063 0.018750 0.814063 0.027083 0.814063 0.033333 0.815625 0.039583 0.815625 0.045833 0.818750 0.052083 0.821875 0.054167 0.829688 0.054167 0.835938 0.054167 0.840625 0.054167 0.843750 0.050000 0.842187 0.043750 0.839063 0.035417 0.835938 0.027083 0.834375 0.016667 0.831250 0.004167 0.829688 0.000000
6 0.835938 0.000000 0.820312 0.000000 0.809375 0.000000 0.806250 0.008333 0.809375 0.025000 0.812500 0.037500 0.814063 0.060417 0.817187 0.083333 0.821875 0.100000 0.826562 0.122917 0.837500 0.127083 0.848437 0.122917 0.848437 0.106250 0.848437 0.089583 0.845313 0.077083 0.842187 0.062500 0.839063 0.043750 0.835938 0.016667 0.831250 0.004167 0.821875 0.000000 0.809375 0.000000
1 0.709375 0.004167 0.704688 0.004167 0.700000 0.004167 0.695312 0.004167 0.690625 0.004167 0.687500 0.004167 0.687500 0.010417 0.687500 0.014583 0.689063 0.016667 0.690625 0.020833 0.692187 0.025000 0.696875 0.025000 0.698438 0.027083 0.701562 0.027083 0.704688 0.029167 0.707812 0.027083 0.709375 0.025000 0.709375 0.016667 0.709375 0.012500 0.709375 0.008333 0.709375 0.002083
1 0.721875 0.089583 0.709375 0.089583 0.703125 0.089583 0.701562 0.093750 0.703125 0.102083 0.703125 0.108333 0.706250 0.112500 0.710938 0.116667 0.712500 0.120833 0.712500 0.129167 0.710938 0.135417 0.710938 0.141667 0.712500 0.147917 0.718750 0.154167 0.725000 0.156250 0.726562 0.150000 0.728125 0.139583 0.728125 0.131250 0.728125 0.120833 0.725000 0.112500 0.723437 0.102083 0.721875 0.093750 0.718750 0.089583
2 0.712500 0.033333 0.706250 0.033333 0.700000 0.033333 0.696875 0.031250 0.693750 0.033333 0.693750 0.043750 0.695312 0.052083 0.695312 0.060417 0.696875 0.066667 0.696875 0.072917 0.696875 0.079167 0.696875 0.085417 0.700000 0.089583 0.706250 0.089583 0.715625 0.089583 0.718750 0.085417 0.720313 0.077083 0.720313 0.070833 0.718750 0.060417 0.717187 0.050000 0.714063 0.039583 0.712500 0.033333 0.707812 0.031250
6 0.714063 0.010417 0.700000 0.004167 0.687500 0.004167 0.687500 0.016667 0.690625 0.033333 0.692187 0.050000 0.695312 0.072917 0.696875 0.095833 0.701562 0.110417 0.709375 0.125000 0.709375 0.139583 0.712500 0.158333 0.725000 0.160417 0.734375 0.156250 0.729688 0.137500 0.725000 0.116667 0.718750 0.091667 0.715625 0.066667 0.712500 0.045833 0.709375 0.025000 0.707812 0.010417
3 0.867188 0.150000 0.850000 0.137500 0.837500 0.137500 0.828125 0.156250 0.818750 0.172917 0.804688 0.191667 0.787500 0.218750 0.781250 0.237500 0.773438 0.262500 0.773438 0.279167 0.775000 0.293750 0.785937 0.287500 0.803125 0.272917 0.817187 0.262500 0.828125 0.250000 0.840625 0.233333 0.851562 0.216667 0.857812 0.193750 0.864062 0.183333 0.868750 0.168750 0.865625 0.154167
0 0.606250 0.222917 0.150000 0.104167
7 0.706250 0.129167 0.693750 0.110417 0.682813 0.100000 0.670312 0.093750 0.653125 0.089583 0.635938 0.085417 0.626563 0.085417 0.615625 0.093750 0.612500 0.106250 0.612500 0.114583 0.618750 0.122917 0.625000 0.129167 0.631250 0.137500 0.642188 0.141667 0.653125 0.145833 0.662500 0.145833 0.675000 0.147917 0.682813 0.152083 0.690625 0.158333 0.696875 0.158333 0.706250 0.145833 0.709375 0.127083
1 0.646875 0.135417 0.637500 0.135417 0.628125 0.135417 0.621875 0.137500 0.614062 0.137500 0.609375 0.137500 0.603125 0.137500 0.600000 0.139583 0.600000 0.145833 0.603125 0.154167 0.603125 0.160417 0.609375 0.162500 0.618750 0.162500 0.625000 0.162500 0.642188 0.166667 0.651563 0.170833 0.654687 0.170833 0.654687 0.162500 0.651563 0.154167 0.646875 0.143750 0.643750 0.133333
1 0.507031 0.153125 0.064062 0.031250
1 0.431250 0.141667 0.423438 0.141667 0.415625 0.141667 0.407813 0.141667 0.401562 0.141667 0.393750 0.141667 0.385937 0.141667 0.381250 0.145833 0.379688 0.152083 0.379688 0.162500 0.382812 0.166667 0.389062 0.164583 0.395313 0.164583 0.406250 0.164583 0.414062 0.164583 0.418750 0.164583 0.425000 0.164583 0.431250 0.162500 0.431250 0.158333 0.431250 0.150000
1 0.298438 0.141667 0.289062 0.141667 0.276562 0.143750 0.267188 0.145833 0.259375 0.150000 0.251563 0.150000 0.245312 0.154167 0.240625 0.154167 0.237500 0.156250 0.239063 0.166667 0.240625 0.172917 0.242188 0.175000 0.250000 0.177083 0.256250 0.177083 0.270313 0.177083 0.278125 0.175000 0.282813 0.170833 0.292187 0.166667 0.296875 0.164583 0.298438 0.162500 0.300000 0.156250 0.300000 0.147917 0.298438 0.143750 0.295312 0.141667
2 0.682813 0.154167 0.676562 0.150000 0.673438 0.150000 0.670312 0.150000 0.665625 0.147917 0.660937 0.147917 0.657813 0.145833 0.654687 0.145833 0.651563 0.145833 0.650000 0.147917 0.651563 0.150000 0.654687 0.156250 0.654687 0.160417 0.656250 0.162500 0.657813 0.162500 0.665625 0.162500 0.670312 0.162500 0.675000 0.162500 0.676562 0.162500 0.679688 0.162500 0.679688 0.162500 0.681250 0.158333 0.682813 0.156250 0.682813 0.150000 0.682813 0.145833
2 0.593750 0.139583 0.579688 0.137500 0.570312 0.135417 0.562500 0.135417 0.553125 0.133333 0.545312 0.133333 0.540625 0.133333 0.534375 0.137500 0.531250 0.141667 0.535937 0.145833 0.537500 0.152083 0.537500 0.158333 0.543750 0.162500 0.551562 0.166667 0.560937 0.166667 0.571875 0.166667 0.579688 0.164583 0.587500 0.162500 0.593750 0.162500 0.596875 0.162500 0.600000 0.156250 0.600000 0.147917 0.598437 0.143750
2 0.464062 0.139583 0.460938 0.139583 0.453125 0.139583 0.446875 0.139583 0.443750 0.139583 0.439063 0.139583 0.432812 0.141667 0.432812 0.145833 0.432812 0.154167 0.434375 0.156250 0.439063 0.158333 0.443750 0.162500 0.450000 0.164583 0.456250 0.164583 0.460938 0.164583 0.465625 0.162500 0.468750 0.162500 0.473438 0.158333 0.473438 0.152083 0.473438 0.145833 0.470313 0.141667
2 0.373437 0.139583 0.351562 0.139583 0.340625 0.139583 0.328125 0.141667 0.320312 0.141667 0.312500 0.141667 0.307812 0.143750 0.304688 0.152083 0.301563 0.164583 0.304688 0.166667 0.314063 0.166667 0.321875 0.166667 0.332813 0.166667 0.339062 0.166667 0.346875 0.166667 0.353125 0.166667 0.359375 0.166667 0.365625 0.166667 0.370312 0.166667 0.373437 0.162500 0.375000 0.156250 0.376563 0.147917 0.373437 0.141667
6 0.240625 0.150000 0.275000 0.170833 0.331250 0.166667 0.367188 0.166667 0.425000 0.162500 0.467187 0.168750 0.503125 0.170833 0.539062 0.170833 0.593750 0.166667 0.654687 0.168750 0.682813 0.152083 0.654687 0.143750 0.600000 0.141667 0.543750 0.133333 0.501563 0.137500 0.448437 0.137500 0.401562 0.137500 0.334375 0.137500 0.282813 0.137500 0.237500 0.145833 0.237500 0.179167
0 0.439844 0.223958 0.157812 0.114583
1 0.271875 0.348958 0.062500 0.035417
1 0.399219 0.338542 0.070312 0.031250
1 0.522656 0.332292 0.067187 0.035417
1 0.655469 0.329167 0.067187 0.029167
2 0.589063 0.328125 0.062500 0.027083
2 0.464062 0.340625 0.053125 0.035417
2 0.335156 0.343750 0.060937 0.029167
2 0.212500 0.348958 0.056250 0.027083
6 0.182812 0.331250 0.198437 0.362500 0.246875 0.364583 0.306250 0.364583 0.357812 0.364583 0.423438 0.362500 0.478125 0.356250 0.548438 0.352083 0.621875 0.347917 0.675000 0.337500 0.692187 0.318750 0.660937 0.304167 0.612500 0.304167 0.557813 0.306250 0.503125 0.312500 0.460938 0.316667 0.403125 0.322917 0.351562 0.325000 0.300000 0.327083 0.260937 0.322917 0.196875 0.329167
1 0.639062 0.550000 0.071875 0.041667
1 0.510156 0.555208 0.073438 0.039583
1 0.377344 0.564583 0.060937 0.037500
1 0.243750 0.556250 0.065625 0.045833
2 0.702344 0.547917 0.054688 0.037500
2 0.577344 0.550000 0.057813 0.033333
2 0.439844 0.560417 0.064062 0.033333
2 0.314063 0.561458 0.068750 0.047917
6 0.204687 0.533333 0.214062 0.581250 0.265625 0.589583 0.364063 0.585417 0.415625 0.583333 0.470313 0.583333 0.510938 0.577083 0.578125 0.581250 0.635938 0.572917 0.692187 0.572917 0.723437 0.529167 0.696875 0.529167 0.642188 0.522917 0.582812 0.520833 0.526563 0.531250 0.464062 0.535417 0.425000 0.537500 0.367188 0.539583 0.312500 0.537500 0.250000 0.533333 0.204687 0.533333
7 0.307812 0.004167 0.304688 0.012500 0.301563 0.020833 0.301563 0.029167 0.306250 0.029167 0.315625 0.033333 0.328125 0.037500 0.337500 0.037500 0.346875 0.037500 0.360938 0.037500 0.371875 0.037500 0.379688 0.037500 0.381250 0.020833 0.384375 0.010417 0.382812 0.004167 0.375000 0.004167 0.364063 0.004167 0.348438 0.004167 0.334375 0.004167 0.323437 0.004167 0.307812 0.004167
7 0.440625 0.010417 0.446875 0.037500 0.467187 0.037500 0.500000 0.033333 0.520312 0.029167 0.551562 0.018750 0.579688 0.014583 0.612500 0.022917 0.642188 0.016667 0.662500 0.012500 0.667188 0.002083 0.651563 0.000000 0.629687 0.000000 0.609375 0.000000 0.584375 0.000000 0.560937 -0.002083 0.529687 -0.002083 0.501563 -0.004167 0.467187 0.000000 0.448437 0.004167 0.440625 0.008333
