2 0.543750 0.932292 0.031250 0.081250
2 0.540625 0.769792 0.028125 0.060417
2 0.543750 0.612500 0.028125 0.075000
2 0.542188 0.456250 0.034375 0.075000
2 0.773438 0.134375 0.059375 0.031250
2 0.870313 0.143750 0.043750 0.025000
2 0.956250 0.156250 0.034375 0.037500
2 0.201563 0.134375 0.037500 0.031250
2 0.109375 0.143750 0.043750 0.025000
1 0.717969 0.132292 0.048438 0.035417
1 0.827344 0.144792 0.042188 0.035417
1 0.915625 0.151042 0.043750 0.035417
1 0.993750 0.154167 0.990625 0.154167 0.985938 0.154167 0.981250 0.154167 0.979688 0.156250 0.978125 0.156250 0.978125 0.162500 0.978125 0.166667 0.978125 0.172917 0.981250 0.172917 0.984375 0.175000 0.987500 0.175000 0.990625 0.179167 0.990625 0.179167 0.993750 0.181250 0.996875 0.181250 0.996875 0.179167 0.996875 0.175000 0.996875 0.168750 1.000000 0.166667 1.000000 0.162500 0.996875 0.156250 0.995313 0.156250 0.992188 0.156250
1 0.543750 0.371875 0.025000 0.081250
1 0.542188 0.537500 0.028125 0.075000
1 0.540625 0.691667 0.031250 0.079167
1 0.542188 0.846875 0.034375 0.081250
1 0.353125 0.125000 0.056250 0.025000
1 0.242969 0.132292 0.042188 0.022917
1 0.155469 0.135417 0.042188 0.029167
1 0.071094 0.157292 0.042188 0.031250
3 0.556250 0.266667 0.543750 0.231250 0.526563 0.216667 0.506250 0.212500 0.487500 0.212500 0.471875 0.216667 0.450000 0.229167 0.442188 0.237500 0.440625 0.256250 0.450000 0.281250 0.460938 0.291667 0.475000 0.300000 0.512500 0.312500 0.525000 0.312500 0.537500 0.306250 0.550000 0.300000 0.559375 0.293750 0.568750 0.285417 0.573438 0.275000 0.571875 0.256250 0.559375 0.256250 0.548438 0.250000
3 0.657813 0.004167 0.640625 0.004167 0.628125 0.004167 0.617188 0.004167 0.612500 0.010417 0.609375 0.025000 0.610938 0.043750 0.612500 0.056250 0.618750 0.068750 0.625000 0.079167 0.635938 0.093750 0.643750 0.100000 0.653125 0.106250 0.665625 0.106250 0.668750 0.100000 0.673438 0.087500 0.673438 0.072917 0.671875 0.043750 0.667188 0.029167 0.662500 0.016667 0.657813 0.004167 0.653125 0.000000
3 0.564063 0.025000 0.556250 0.016667 0.543750 0.010417 0.531250 0.006250 0.521875 0.006250 0.510938 0.004167 0.500000 0.004167 0.490625 0.012500 0.485938 0.018750 0.489063 0.031250 0.496875 0.043750 0.509375 0.050000 0.518750 0.050000 0.531250 0.054167 0.542188 0.054167 0.556250 0.054167 0.581250 0.041667 0.581250 0.031250 0.568750 0.018750 0.556250 0.012500 0.546875 0.012500
6 0.539844 0.654167 0.032813 0.645833
6 0.996875 0.147917 0.960938 0.135417 0.934375 0.129167 0.898438 0.125000 0.862500 0.120833 0.820312 0.118750 0.784375 0.114583 0.751563 0.114583 0.723437 0.116667 0.689063 0.122917 0.696875 0.150000 0.723437 0.160417 0.760938 0.164583 0.793750 0.166667 0.832812 0.166667 0.878125 0.170833 0.912500 0.177083 0.942187 0.183333 0.973437 0.185417 0.996875 0.181250 0.993750 0.150000
6 0.373437 0.108333 0.310937 0.104167 0.254688 0.104167 0.204687 0.104167 0.175000 0.112500 0.146875 0.120833 0.106250 0.133333 0.071875 0.141667 0.040625 0.141667 0.051562 0.166667 0.081250 0.172917 0.115625 0.172917 0.146875 0.166667 0.179688 0.162500 0.209375 0.156250 0.242188 0.154167 0.276562 0.156250 0.314063 0.154167 0.345313 0.150000 0.373437 0.141667 0.381250 0.118750
7 0.197656 0.423958 0.217188 0.143750
7 0.228906 0.583333 0.185938 0.154167
7 0.325000 0.776042 0.162500 0.152083
7 0.435937 0.293750 0.435937 0.293750 0.434375 0.291667 0.434375 0.291667
7 0.434375 0.289583 0.429688 0.281250 0.418750 0.272917 0.407813 0.277083 0.400000 0.285417 0.395313 0.295833 0.393750 0.310417 0.390625 0.333333 0.389062 0.350000 0.385937 0.372917 0.385937 0.383333 0.385937 0.395833 0.398438 0.402083 0.409375 0.393750 0.417187 0.387500 0.423438 0.377083 0.429688 0.360417 0.434375 0.345833 0.434375 0.329167 0.434375 0.316667 0.435937 0.304167 0.435937 0.289583
7 0.767188 0.270833 0.756250 0.270833 0.746875 0.266667 0.735938 0.262500 0.721875 0.256250 0.709375 0.256250 0.690625 0.256250 0.682813 0.262500 0.678125 0.270833 0.678125 0.283333 0.681250 0.293750 0.687500 0.302083 0.700000 0.308333 0.709375 0.310417 0.721875 0.314583 0.731250 0.316667 0.742188 0.316667 0.756250 0.318750 0.764062 0.314583 0.768750 0.306250 0.768750 0.287500 0.765625 0.275000
