0 0.918750 0.706250 0.912500 0.633333 0.876563 0.639583 0.832812 0.639583 0.787500 0.647917 0.781250 0.693750 0.781250 0.745833 0.773438 0.791667 0.760938 0.839583 0.745313 0.875000 0.734375 0.914583 0.757812 0.962500 0.787500 0.947917 0.821875 0.922917 0.860938 0.918750 0.885938 0.912500 0.893750 0.872917 0.885938 0.825000 0.893750 0.791667 0.909375 0.741667 0.914062 0.689583
3 0.503125 0.429167 0.460938 0.443750 0.439063 0.464583 0.442188 0.512500 0.454688 0.577083 0.473438 0.622917 0.496875 0.658333 0.510938 0.735417 0.515625 0.802083 0.515625 0.847917 0.534375 0.904167 0.609375 0.866667 0.640625 0.835417 0.648438 0.802083 0.625000 0.756250 0.600000 0.716667 0.582812 0.672917 0.565625 0.608333 0.537500 0.529167 0.507812 0.454167 0.493750 0.416667
6 0.364063 0.941667 0.325000 0.939583 0.290625 0.929167 0.256250 0.920833 0.225000 0.912500 0.192188 0.914583 0.150000 0.912500 0.114062 0.900000 0.079687 0.893750 0.046875 0.893750 0.010937 0.887500 0.003125 0.916667 0.039062 0.925000 0.071875 0.939583 0.110937 0.952083 0.153125 0.960417 0.250000 0.960417 0.287500 0.975000 0.332813 0.985417 0.370312 0.975000 0.367188 0.943750
6 0.492188 0.662500 0.481250 0.691667 0.467187 0.725000 0.454688 0.756250 0.440625 0.783333 0.431250 0.814583 0.418750 0.843750 0.401562 0.870833 0.390625 0.904167 0.376563 0.931250 0.368750 0.966667 0.392188 0.972917 0.412500 0.950000 0.421875 0.912500 0.434375 0.879167 0.450000 0.839583 0.462500 0.802083 0.476562 0.770833 0.489063 0.733333 0.506250 0.702083 0.496875 0.668750
6 0.643750 0.275000 0.631250 0.308333 0.621875 0.341667 0.607812 0.372917 0.595313 0.408333 0.582812 0.431250 0.571875 0.458333 0.560937 0.485417 0.548438 0.512500 0.548438 0.539583 0.560937 0.550000 0.575000 0.522917 0.585938 0.497917 0.593750 0.464583 0.601562 0.431250 0.612500 0.406250 0.626563 0.379167 0.643750 0.345833 0.654687 0.318750 0.665625 0.283333 0.650000 0.268750
6 0.687500 0.835417 0.671875 0.916667 0.679688 0.977083 0.717187 0.954167 0.726562 0.879167 0.735938 0.804167 0.748437 0.727083 0.760938 0.639583 0.764062 0.533333 0.779687 0.452083 0.784375 0.375000 0.790625 0.302083 0.779687 0.254167 0.762500 0.314583 0.751563 0.385417 0.742188 0.464583 0.731250 0.545833 0.723437 0.622917 0.710938 0.697917 0.696875 0.775000 0.684375 0.847917
6 0.984375 0.652083 0.985938 0.722917 1.000000 0.722917 0.998437 0.675000 0.996875 0.625000 1.000000 0.572917 0.998437 0.516667 0.993750 0.464583 0.982812 0.414583 0.976562 0.356250 0.967187 0.306250 0.954688 0.262500 0.932813 0.227083 0.920312 0.258333 0.934375 0.312500 0.945312 0.375000 0.957812 0.437500 0.957812 0.495833 0.971875 0.554167 0.978125 0.600000 0.982812 0.662500
1 0.793750 0.256250 0.789062 0.256250 0.782813 0.256250 0.776563 0.256250 0.771875 0.256250 0.770312 0.258333 0.768750 0.268750 0.767188 0.279167 0.767188 0.285417 0.767188 0.291667 0.767188 0.295833 0.767188 0.304167 0.770312 0.304167 0.776563 0.306250 0.781250 0.306250 0.784375 0.304167 0.789062 0.302083 0.790625 0.295833 0.790625 0.289583 0.790625 0.283333 0.790625 0.275000 0.790625 0.266667 0.790625 0.260417 0.790625 0.254167
1 0.946875 0.254167 0.935937 0.258333 0.932813 0.258333 0.926562 0.258333 0.921875 0.262500 0.921875 0.268750 0.923438 0.275000 0.923438 0.283333 0.925000 0.289583 0.928125 0.291667 0.932813 0.293750 0.940625 0.295833 0.945312 0.295833 0.951562 0.295833 0.956250 0.295833 0.959375 0.291667 0.954688 0.285417 0.951562 0.279167 0.948438 0.272917 0.945312 0.266667 0.945312 0.260417 0.942187 0.254167 0.939063 0.250000
1 0.965625 0.320833 0.962500 0.320833 0.960938 0.320833 0.957812 0.322917 0.953125 0.322917 0.951562 0.325000 0.948438 0.325000 0.946875 0.325000 0.946875 0.329167 0.948438 0.331250 0.948438 0.333333 0.948438 0.335417 0.950000 0.339583 0.951562 0.339583 0.954688 0.339583 0.957812 0.339583 0.959375 0.339583 0.960938 0.339583 0.964063 0.339583 0.965625 0.339583 0.967187 0.335417 0.967187 0.333333 0.967187 0.329167 0.965625 0.325000 0.965625 0.322917 0.965625 0.320833
1 0.975000 0.379167 0.970313 0.379167 0.964063 0.381250 0.959375 0.381250 0.957812 0.385417 0.953125 0.387500 0.953125 0.391667 0.953125 0.400000 0.953125 0.408333 0.953125 0.414583 0.957812 0.416667 0.960938 0.416667 0.968750 0.416667 0.975000 0.416667 0.978125 0.416667 0.979688 0.410417 0.978125 0.404167 0.978125 0.397917 0.978125 0.391667 0.976562 0.383333 0.975000 0.379167
1 0.993750 0.468750 0.989062 0.470833 0.982812 0.472917 0.975000 0.472917 0.970313 0.477083 0.967187 0.483333 0.967187 0.493750 0.968750 0.502083 0.970313 0.512500 0.971875 0.525000 0.971875 0.533333 0.978125 0.533333 0.987500 0.533333 0.993750 0.533333 0.996875 0.529167 0.995313 0.510417 0.995313 0.500000 0.993750 0.489583 0.993750 0.481250 0.990625 0.470833 0.990625 0.454167
1 0.995313 0.593750 0.989062 0.595833 0.984375 0.600000 0.981250 0.604167 0.978125 0.610417 0.976562 0.616667 0.976562 0.625000 0.978125 0.633333 0.981250 0.639583 0.982812 0.647917 0.982812 0.658333 0.984375 0.664583 0.987500 0.666667 0.993750 0.666667 0.996875 0.656250 0.996875 0.647917 0.996875 0.639583 0.996875 0.629167 0.996875 0.616667 0.996875 0.610417 0.996875 0.602083
1 0.660937 0.285417 0.657813 0.279167 0.654687 0.275000 0.651563 0.272917 0.648438 0.270833 0.645312 0.272917 0.642188 0.275000 0.639062 0.279167 0.637500 0.283333 0.634375 0.287500 0.632812 0.291667 0.631250 0.295833 0.632812 0.295833 0.637500 0.300000 0.642188 0.302083 0.645312 0.304167 0.650000 0.304167 0.651563 0.300000 0.654687 0.295833 0.654687 0.291667 0.654687 0.285417 0.657813 0.279167
2 0.957812 0.300000 0.945312 0.300000 0.939063 0.300000 0.934375 0.300000 0.931250 0.300000 0.928125 0.302083 0.929688 0.306250 0.931250 0.310417 0.932813 0.314583 0.932813 0.318750 0.935937 0.318750 0.939063 0.320833 0.942187 0.322917 0.945312 0.325000 0.948438 0.325000 0.951562 0.325000 0.954688 0.322917 0.957812 0.322917 0.960938 0.318750 0.960938 0.316667 0.960938 0.310417 0.960938 0.304167 0.960938 0.302083
2 0.939063 0.239583 0.935937 0.237500 0.934375 0.237500 0.932813 0.237500 0.929688 0.237500 0.926562 0.237500 0.925000 0.239583 0.923438 0.241667 0.923438 0.243750 0.923438 0.245833 0.923438 0.250000 0.923438 0.254167 0.925000 0.254167 0.928125 0.254167 0.931250 0.252083 0.932813 0.252083 0.935937 0.252083 0.937500 0.252083 0.940625 0.250000 0.940625 0.247917 0.940625 0.243750 0.940625 0.239583 0.940625 0.237500 0.940625 0.235417 0.940625 0.231250 0.940625 0.229167
2 0.968750 0.333333 0.962500 0.335417 0.959375 0.335417 0.954688 0.339583 0.953125 0.341667 0.951562 0.345833 0.948438 0.350000 0.948438 0.356250 0.948438 0.360417 0.951562 0.364583 0.954688 0.368750 0.957812 0.368750 0.960938 0.368750 0.968750 0.368750 0.971875 0.368750 0.975000 0.366667 0.976562 0.362500 0.976562 0.356250 0.975000 0.352083 0.971875 0.347917 0.970313 0.341667 0.968750 0.337500
2 0.978125 0.416667 0.968750 0.418750 0.964063 0.418750 0.960938 0.425000 0.957812 0.431250 0.957812 0.439583 0.959375 0.447917 0.960938 0.452083 0.964063 0.458333 0.965625 0.464583 0.970313 0.464583 0.975000 0.466667 0.981250 0.466667 0.987500 0.466667 0.987500 0.458333 0.987500 0.447917 0.987500 0.443750 0.984375 0.433333 0.982812 0.427083 0.981250 0.418750 0.978125 0.412500
2 0.993750 0.541667 0.989062 0.541667 0.984375 0.541667 0.979688 0.543750 0.979688 0.550000 0.979688 0.556250 0.979688 0.564583 0.978125 0.570833 0.978125 0.577083 0.978125 0.583333 0.979688 0.589583 0.984375 0.589583 0.990625 0.587500 0.996875 0.585417 1.000000 0.583333 0.996875 0.577083 0.995313 0.572917 0.993750 0.562500 0.992188 0.554167 0.992188 0.545833 0.992188 0.539583
2 0.995313 0.683333 0.993750 0.679167 0.990625 0.672917 0.989062 0.666667 0.987500 0.664583 0.987500 0.670833 0.987500 0.679167 0.987500 0.691667 0.987500 0.700000 0.987500 0.706250 0.987500 0.712500 0.987500 0.720833 0.987500 0.727083 0.990625 0.727083 0.995313 0.727083 0.996875 0.722917 0.996875 0.718750 0.995313 0.714583 0.995313 0.710417 0.993750 0.704167 0.993750 0.697917 0.993750 0.691667 0.993750 0.685417 0.993750 0.679167
2 0.785937 0.308333 0.781250 0.308333 0.776563 0.308333 0.771875 0.308333 0.768750 0.308333 0.765625 0.308333 0.764062 0.314583 0.764062 0.318750 0.764062 0.325000 0.765625 0.329167 0.767188 0.331250 0.770312 0.335417 0.775000 0.335417 0.778125 0.335417 0.782813 0.335417 0.785937 0.327083 0.789062 0.322917 0.790625 0.316667 0.792188 0.314583 0.790625 0.308333 0.789062 0.304167
2 0.782813 0.360417 0.776563 0.364583 0.770312 0.364583 0.767188 0.364583 0.764062 0.366667 0.760938 0.368750 0.760938 0.375000 0.760938 0.381250 0.760938 0.387500 0.760938 0.391667 0.760938 0.395833 0.764062 0.395833 0.773438 0.395833 0.781250 0.395833 0.784375 0.395833 0.787500 0.393750 0.784375 0.391667 0.784375 0.387500 0.784375 0.383333 0.782813 0.379167 0.782813 0.375000 0.782813 0.368750 0.782813 0.364583 0.782813 0.360417
2 0.776563 0.420833 0.771875 0.420833 0.767188 0.420833 0.760938 0.420833 0.756250 0.420833 0.754687 0.429167 0.751563 0.437500 0.750000 0.441667 0.748437 0.445833 0.746875 0.452083 0.751563 0.452083 0.754687 0.452083 0.759375 0.452083 0.764062 0.452083 0.770312 0.450000 0.773438 0.447917 0.776563 0.445833 0.776563 0.441667 0.776563 0.437500 0.776563 0.431250 0.775000 0.427083 0.773438 0.425000
2 0.768750 0.487500 0.764062 0.487500 0.760938 0.487500 0.754687 0.489583 0.750000 0.489583 0.745313 0.489583 0.743750 0.493750 0.742188 0.497917 0.742188 0.504167 0.740625 0.508333 0.739062 0.516667 0.737500 0.520833 0.737500 0.525000 0.742188 0.525000 0.748437 0.525000 0.753125 0.525000 0.757812 0.525000 0.760938 0.525000 0.762500 0.516667 0.764062 0.504167 0.765625 0.497917 0.765625 0.491667 0.767188 0.485417 0.767188 0.481250
2 0.753125 0.608333 0.742188 0.608333 0.734375 0.606250 0.729688 0.612500 0.728125 0.620833 0.723437 0.633333 0.723437 0.641667 0.723437 0.650000 0.720313 0.656250 0.717187 0.662500 0.721875 0.666667 0.729688 0.666667 0.737500 0.666667 0.743750 0.666667 0.748437 0.662500 0.751563 0.654167 0.754687 0.641667 0.754687 0.633333 0.754687 0.622917 0.754687 0.610417
2 0.739062 0.745833 0.721875 0.741667 0.712500 0.743750 0.703125 0.750000 0.701562 0.762500 0.700000 0.775000 0.695312 0.787500 0.692187 0.802083 0.690625 0.818750 0.689063 0.833333 0.687500 0.845833 0.685937 0.858333 0.692187 0.864583 0.703125 0.864583 0.717187 0.860417 0.721875 0.850000 0.726562 0.825000 0.729688 0.808333 0.731250 0.785417 0.734375 0.768750 0.734375 0.752083
2 0.360938 0.947917 0.350000 0.943750 0.339062 0.941667 0.331250 0.941667 0.321875 0.937500 0.310937 0.933333 0.300000 0.933333 0.293750 0.939583 0.287500 0.943750 0.282813 0.954167 0.279687 0.964583 0.279687 0.975000 0.290625 0.972917 0.301563 0.970833 0.312500 0.970833 0.323437 0.970833 0.334375 0.970833 0.345313 0.972917 0.351562 0.968750 0.354687 0.960417 0.359375 0.947917 0.359375 0.937500
2 0.214062 0.925000 0.200000 0.929167 0.189062 0.925000 0.179688 0.922917 0.167187 0.920833 0.156250 0.920833 0.150000 0.931250 0.143750 0.945833 0.150000 0.954167 0.162500 0.958333 0.175000 0.958333 0.185938 0.960417 0.195312 0.960417 0.203125 0.947917 0.207813 0.937500 0.212500 0.931250 0.207813 0.943750 0.203125 0.954167 0.207813 0.952083 0.210938 0.943750 0.217188 0.931250 0.210938 0.922917
2 0.082812 0.906250 0.079687 0.902083 0.076563 0.897917 0.071875 0.895833 0.068750 0.891667 0.064062 0.891667 0.059375 0.889583 0.056250 0.891667 0.051562 0.893750 0.050000 0.897917 0.046875 0.900000 0.043750 0.906250 0.042188 0.912500 0.043750 0.914583 0.046875 0.918750 0.053125 0.920833 0.059375 0.920833 0.064062 0.920833 0.068750 0.920833 0.073438 0.918750 0.078125 0.916667 0.081250 0.912500 0.085938 0.908333
1 0.785937 0.329167 0.776563 0.331250 0.773438 0.331250 0.770312 0.331250 0.767188 0.333333 0.765625 0.335417 0.764062 0.339583 0.764062 0.343750 0.762500 0.347917 0.762500 0.352083 0.760938 0.358333 0.760938 0.362500 0.764062 0.364583 0.767188 0.364583 0.770312 0.364583 0.775000 0.362500 0.776563 0.360417 0.781250 0.360417 0.781250 0.356250 0.781250 0.352083 0.781250 0.345833 0.781250 0.341667 0.781250 0.335417 0.782813 0.331250 0.784375 0.327083
1 0.782813 0.395833 0.776563 0.395833 0.773438 0.395833 0.770312 0.395833 0.767188 0.395833 0.764062 0.397917 0.760938 0.397917 0.757812 0.400000 0.757812 0.404167 0.757812 0.408333 0.757812 0.412500 0.757812 0.416667 0.757812 0.420833 0.760938 0.420833 0.764062 0.420833 0.767188 0.416667 0.770312 0.416667 0.773438 0.416667 0.776563 0.414583 0.776563 0.410417 0.776563 0.406250 0.778125 0.400000 0.779687 0.395833 0.781250 0.391667 0.781250 0.387500
1 0.773438 0.456250 0.767188 0.456250 0.764062 0.456250 0.757812 0.456250 0.754687 0.456250 0.751563 0.460417 0.748437 0.466667 0.746875 0.472917 0.746875 0.477083 0.745313 0.481250 0.745313 0.485417 0.748437 0.483333 0.753125 0.481250 0.757812 0.481250 0.760938 0.481250 0.765625 0.481250 0.767188 0.477083 0.768750 0.472917 0.770312 0.466667 0.771875 0.462500 0.771875 0.456250
1 0.760938 0.535417 0.754687 0.533333 0.750000 0.533333 0.742188 0.533333 0.737500 0.533333 0.732812 0.537500 0.731250 0.545833 0.731250 0.554167 0.731250 0.562500 0.731250 0.570833 0.731250 0.581250 0.731250 0.589583 0.734375 0.595833 0.739062 0.593750 0.745313 0.593750 0.753125 0.593750 0.759375 0.593750 0.760938 0.585417 0.760938 0.572917 0.759375 0.560417 0.759375 0.552083 0.760938 0.543750 0.760938 0.537500
1 0.746875 0.672917 0.735938 0.672917 0.728125 0.672917 0.721875 0.672917 0.715625 0.675000 0.712500 0.685417 0.710938 0.695833 0.709375 0.704167 0.706250 0.712500 0.704688 0.722917 0.706250 0.729167 0.709375 0.735417 0.717187 0.735417 0.725000 0.735417 0.734375 0.735417 0.742188 0.735417 0.742188 0.720833 0.745313 0.712500 0.746875 0.700000 0.748437 0.689583 0.750000 0.681250
1 0.718750 0.868750 0.700000 0.868750 0.692187 0.872917 0.682813 0.877083 0.679688 0.891667 0.679688 0.904167 0.678125 0.916667 0.678125 0.929167 0.678125 0.943750 0.678125 0.956250 0.679688 0.968750 0.687500 0.970833 0.695312 0.968750 0.701562 0.964583 0.706250 0.956250 0.709375 0.945833 0.710938 0.929167 0.714063 0.916667 0.715625 0.904167 0.717187 0.891667 0.717187 0.877083 0.717187 0.862500
1 0.637500 0.333333 0.634375 0.331250 0.632812 0.331250 0.628125 0.331250 0.626563 0.331250 0.623437 0.331250 0.620313 0.331250 0.618750 0.333333 0.618750 0.335417 0.618750 0.341667 0.618750 0.343750 0.620313 0.347917 0.620313 0.352083 0.620313 0.354167 0.621875 0.356250 0.625000 0.356250 0.626563 0.352083 0.631250 0.352083 0.632812 0.352083 0.635938 0.352083 0.637500 0.347917 0.637500 0.343750 0.637500 0.335417 0.637500 0.331250 0.637500 0.329167 0.637500 0.325000
1 0.615625 0.397917 0.612500 0.397917 0.609375 0.397917 0.604688 0.397917 0.601562 0.397917 0.600000 0.397917 0.596875 0.404167 0.593750 0.412500 0.593750 0.416667 0.590625 0.420833 0.590625 0.425000 0.593750 0.425000 0.596875 0.425000 0.600000 0.422917 0.601562 0.418750 0.603125 0.414583 0.603125 0.408333 0.606250 0.404167 0.607812 0.400000 0.609375 0.397917 0.610938 0.393750
1 0.587500 0.460417 0.582812 0.464583 0.578125 0.464583 0.573438 0.464583 0.568750 0.464583 0.568750 0.470833 0.568750 0.477083 0.567187 0.481250 0.565625 0.487500 0.562500 0.493750 0.559375 0.500000 0.560937 0.500000 0.565625 0.500000 0.570312 0.502083 0.573438 0.504167 0.578125 0.504167 0.579688 0.500000 0.582812 0.493750 0.584375 0.485417 0.585938 0.481250 0.587500 0.475000 0.587500 0.470833
1 0.501563 0.691667 0.493750 0.691667 0.489063 0.693750 0.484375 0.702083 0.481250 0.706250 0.476562 0.716667 0.471875 0.722917 0.468750 0.731250 0.465625 0.739583 0.464062 0.750000 0.460938 0.754167 0.464062 0.758333 0.468750 0.758333 0.476562 0.758333 0.479687 0.752083 0.482812 0.743750 0.485938 0.737500 0.490625 0.731250 0.493750 0.722917 0.496875 0.714583 0.498437 0.704167 0.500000 0.695833
1 0.437500 0.852083 0.425000 0.852083 0.412500 0.856250 0.407813 0.860417 0.403125 0.881250 0.400000 0.895833 0.395313 0.908333 0.389062 0.920833 0.382812 0.925000 0.379688 0.937500 0.378125 0.947917 0.379688 0.960417 0.389062 0.960417 0.395313 0.956250 0.401562 0.947917 0.406250 0.939583 0.410938 0.929167 0.417187 0.918750 0.426563 0.891667 0.434375 0.875000 0.439063 0.852083
1 0.282813 0.935417 0.275000 0.933333 0.267188 0.931250 0.259375 0.931250 0.250000 0.929167 0.240625 0.929167 0.232813 0.929167 0.226562 0.931250 0.220312 0.935417 0.210938 0.968750 0.212500 0.968750 0.218750 0.962500 0.225000 0.958333 0.232813 0.956250 0.240625 0.954167 0.250000 0.954167 0.256250 0.958333 0.264062 0.958333 0.271875 0.958333 0.279687 0.956250 0.281250 0.947917 0.282813 0.941667
1 0.150000 0.914583 0.137500 0.914583 0.128125 0.914583 0.118750 0.914583 0.110937 0.914583 0.101562 0.912500 0.095312 0.910417 0.089063 0.914583 0.082812 0.916667 0.085938 0.925000 0.092188 0.931250 0.098437 0.937500 0.104688 0.941667 0.110937 0.943750 0.118750 0.943750 0.126562 0.943750 0.134375 0.943750 0.142187 0.943750 0.145313 0.937500 0.148438 0.927083 0.153125 0.918750
1 0.043750 0.897917 0.039062 0.895833 0.031250 0.891667 0.025000 0.891667 0.020313 0.889583 0.014063 0.889583 0.010937 0.891667 0.007812 0.895833 0.003125 0.897917 0.001563 0.902083 0.004687 0.904167 0.007812 0.908333 0.010937 0.912500 0.014063 0.914583 0.017188 0.914583 0.023438 0.914583 0.028125 0.914583 0.034375 0.914583 0.037500 0.912500 0.040625 0.908333 0.042188 0.902083 0.043750 0.895833
2 0.470313 0.764583 0.454688 0.766667 0.450000 0.770833 0.443750 0.787500 0.439063 0.800000 0.431250 0.808333 0.426563 0.814583 0.421875 0.822917 0.418750 0.835417 0.415625 0.843750 0.425000 0.843750 0.434375 0.843750 0.440625 0.843750 0.446875 0.835417 0.453125 0.827083 0.456250 0.818750 0.459375 0.808333 0.460938 0.800000 0.462500 0.791667 0.464062 0.779167 0.468750 0.770833 0.473438 0.762500
2 0.493750 0.660417 0.489063 0.666667 0.485938 0.670833 0.485938 0.675000 0.484375 0.677083 0.482812 0.679167 0.482812 0.679167 0.485938 0.681250 0.487500 0.683333 0.489063 0.683333 0.492188 0.683333 0.495312 0.685417 0.498437 0.687500 0.500000 0.687500 0.500000 0.683333 0.500000 0.681250 0.498437 0.679167 0.498437 0.677083 0.496875 0.675000 0.495312 0.672917 0.495312 0.668750 0.495312 0.666667 0.495312 0.662500
2 0.568750 0.510417 0.562500 0.510417 0.557813 0.510417 0.554688 0.510417 0.551562 0.510417 0.551562 0.516667 0.551562 0.520833 0.551562 0.525000 0.551562 0.529167 0.550000 0.533333 0.550000 0.537500 0.551562 0.541667 0.554688 0.541667 0.557813 0.543750 0.560937 0.543750 0.565625 0.543750 0.567187 0.541667 0.570312 0.537500 0.570312 0.531250 0.570312 0.527083 0.570312 0.520833 0.571875 0.518750 0.571875 0.514583 0.570312 0.512500
2 0.600000 0.427083 0.596875 0.427083 0.593750 0.427083 0.590625 0.425000 0.585938 0.425000 0.584375 0.427083 0.578125 0.433333 0.576562 0.439583 0.573438 0.443750 0.573438 0.447917 0.573438 0.452083 0.573438 0.456250 0.575000 0.458333 0.578125 0.460417 0.581250 0.460417 0.584375 0.460417 0.587500 0.460417 0.590625 0.456250 0.595313 0.447917 0.596875 0.443750 0.596875 0.439583 0.596875 0.435417 0.600000 0.431250
2 0.632812 0.356250 0.629687 0.356250 0.626563 0.356250 0.623437 0.356250 0.617188 0.356250 0.614062 0.356250 0.610938 0.356250 0.607812 0.358333 0.607812 0.362500 0.606250 0.366667 0.604688 0.370833 0.603125 0.379167 0.603125 0.383333 0.607812 0.383333 0.612500 0.383333 0.615625 0.385417 0.618750 0.385417 0.621875 0.385417 0.623437 0.381250 0.625000 0.379167 0.625000 0.370833 0.628125 0.366667 0.628125 0.360417 0.628125 0.356250
2 0.650000 0.308333 0.645312 0.308333 0.642188 0.308333 0.637500 0.308333 0.637500 0.308333 0.634375 0.312500 0.632812 0.314583 0.631250 0.318750 0.628125 0.320833 0.628125 0.325000 0.631250 0.325000 0.634375 0.327083 0.637500 0.327083 0.640625 0.331250 0.642188 0.331250 0.645312 0.331250 0.646875 0.327083 0.648438 0.322917 0.648438 0.318750 0.648438 0.314583 0.650000 0.312500
4 0.365625 0.362500 0.350000 0.356250 0.340625 0.356250 0.332813 0.356250 0.326562 0.356250 0.321875 0.360417 0.318750 0.364583 0.315625 0.368750 0.312500 0.381250 0.307812 0.391667 0.307812 0.400000 0.312500 0.404167 0.325000 0.404167 0.331250 0.404167 0.337500 0.404167 0.351562 0.397917 0.359375 0.397917 0.360938 0.391667 0.360938 0.381250 0.364063 0.368750 0.365625 0.362500 0.367188 0.356250
7 0.996875 0.743750 0.987500 0.750000 0.975000 0.758333 0.970313 0.787500 0.973437 0.810417 0.973437 0.845833 0.973437 0.868750 0.975000 0.895833 0.975000 0.912500 0.978125 0.931250 0.981250 0.950000 0.990625 0.954167 0.993750 0.943750 1.000000 0.931250 1.001562 0.912500 0.998437 0.897917 0.995313 0.843750 0.995313 0.827083 0.995313 0.802083 0.993750 0.785417 0.993750 0.758333 0.996875 0.739583
