0 0.728125 0.442708 0.121875 0.077083
0 0.290625 0.376042 0.106250 0.077083
0 0.161719 0.382292 0.101562 0.068750
0 0.462500 0.250000 0.062500 0.120833
0 0.489063 0.613542 0.068750 0.143750
0 0.470313 0.786458 0.081250 0.160417
7 0.305469 0.941667 0.145313 0.120833
7 0.211719 0.672917 0.179688 0.254167
7 0.414844 0.560417 0.042188 0.112500
7 0.692969 0.495833 0.076563 0.070833
7 0.356250 0.289583 0.068750 0.045833
7 0.400000 0.270833 0.046875 0.087500
3 0.633594 0.263542 0.026562 0.093750
3 0.504687 0.189583 0.028125 0.095833
3 0.442969 0.261458 0.029687 0.106250
