7 0.172656 0.501042 0.079687 0.077083
7 0.208594 0.194792 0.092188 0.064583
7 0.282813 0.186458 0.018750 0.081250
7 0.604688 0.515625 0.103125 0.118750
3 0.394531 0.065625 0.032813 0.114583
3 0.284375 0.105208 0.040625 0.106250
3 0.576562 0.114583 0.565625 0.108333 0.557813 0.108333 0.548438 0.112500 0.543750 0.125000 0.543750 0.139583 0.543750 0.150000 0.540625 0.162500 0.535937 0.175000 0.531250 0.189583 0.531250 0.202083 0.531250 0.210417 0.540625 0.212500 0.548438 0.212500 0.556250 0.202083 0.562500 0.179167 0.567187 0.160417 0.567187 0.145833 0.570312 0.135417 0.573438 0.125000 0.573438 0.114583
0 0.814844 0.528125 0.126562 0.114583
0 0.656250 0.468750 0.121875 0.108333
0 0.458594 0.760417 0.123438 0.233333
0 0.073438 0.268750 0.131250 0.104167
0 0.459375 0.214583 0.056250 0.141667
0 0.235156 0.678125 0.095312 0.214583
