0 0.859375 0.468750 0.162500 0.129167
0 0.705469 0.440625 0.126562 0.118750
0 0.298438 0.290625 0.134375 0.110417
0 0.167969 0.279167 0.135937 0.083333
0 0.412500 0.606250 0.078125 0.179167
0 0.399219 0.802083 0.114062 0.162500
7 0.155469 0.625000 0.198437 0.262500
7 0.222656 0.917708 0.114062 0.147917
7 0.332031 0.188542 0.085938 0.056250
7 0.392188 0.140625 0.062500 0.081250
3 0.478906 0.121875 0.045312 0.110417
3 0.403906 0.225000 0.060937 0.137500
3 0.607812 0.246875 0.034375 0.147917
3 0.488281 0.326042 0.039062 0.118750
7 0.648438 0.483333 0.106250 0.091667
7 0.373437 0.507292 0.053125 0.102083
