2 0.512500 0.640625 0.028125 0.043750
2 0.511719 0.732292 0.023438 0.043750
2 0.514844 0.831250 0.017188 0.050000
2 0.350000 0.422917 0.043750 0.037500
2 0.287500 0.419792 0.028125 0.022917
2 0.224219 0.418750 0.032813 0.025000
2 0.162500 0.419792 0.028125 0.022917
2 0.139063 0.418750 0.028125 0.025000
2 0.085938 0.416667 0.028125 0.029167
2 0.524219 0.075000 0.020313 0.025000
2 0.524219 0.146875 0.020313 0.031250
2 0.526563 0.193750 0.525000 0.193750 0.523438 0.193750 0.521875 0.197917 0.521875 0.197917 0.518750 0.200000 0.518750 0.200000 0.518750 0.200000 0.518750 0.206250 0.518750 0.206250 0.518750 0.210417 0.518750 0.212500 0.518750 0.212500 0.518750 0.216667 0.518750 0.218750 0.518750 0.218750 0.518750 0.222917 0.518750 0.225000 0.518750 0.225000 0.521875 0.229167 0.521875 0.231250 0.518750 0.231250 0.518750 0.231250 0.517188 0.231250 0.515625 0.231250
2 0.667969 0.432292 0.042188 0.022917
2 0.737500 0.429167 0.034375 0.029167
2 0.800000 0.432292 0.025000 0.022917
2 0.846094 0.435417 0.023438 0.025000
2 0.939063 0.438542 0.031250 0.035417
2 0.890625 0.437500 0.025000 0.025000
2 0.509375 0.935417 0.021875 0.054167
3 0.475000 0.212500 0.487500 0.218750 0.493750 0.225000 0.503125 0.225000 0.509375 0.218750 0.512500 0.206250 0.518750 0.197917 0.521875 0.187500 0.526563 0.181250 0.531250 0.172917 0.534375 0.166667 0.534375 0.156250 0.537500 0.143750 0.532813 0.141667 0.523438 0.143750 0.517188 0.162500 0.512500 0.168750 0.506250 0.179167 0.500000 0.187500 0.492188 0.197917 0.485938 0.206250 0.481250 0.212500
3 0.443750 0.543750 0.453125 0.543750 0.468750 0.547917 0.481250 0.547917 0.487500 0.550000 0.493750 0.550000 0.503125 0.550000 0.506250 0.543750 0.506250 0.535417 0.506250 0.525000 0.506250 0.518750 0.503125 0.516667 0.492188 0.516667 0.485938 0.516667 0.478125 0.516667 0.471875 0.512500 0.465625 0.510417 0.457813 0.510417 0.440625 0.510417 0.439063 0.518750 0.440625 0.531250
3 0.470313 0.416667 0.470313 0.431250 0.468750 0.443750 0.473438 0.443750 0.475000 0.443750 0.481250 0.447917 0.487500 0.450000 0.492188 0.450000 0.496875 0.454167 0.506250 0.454167 0.512500 0.454167 0.517188 0.454167 0.518750 0.443750 0.517188 0.437500 0.512500 0.437500 0.506250 0.435417 0.503125 0.431250 0.493750 0.429167 0.489063 0.425000 0.485938 0.418750 0.481250 0.416667 0.475000 0.416667 0.470313 0.412500
3 0.474219 0.497917 0.023438 0.041667
4 0.948438 0.104167 0.043750 0.054167
4 0.097656 0.084375 0.032813 0.039583
4 0.000000 0.852083 0.003125 0.847917 0.007812 0.847917 0.012500 0.845833 0.014063 0.837500 0.014063 0.831250 0.014063 0.818750 0.014063 0.812500 0.014063 0.804167 0.014063 0.795833 0.010937 0.791667 0.006250 0.795833 0.004687 0.800000 0.001563 0.804167 0.000000 0.808333 0.000000 0.818750 0.001563 0.825000 0.001563 0.831250 0.001563 0.839583 0.001563 0.847917 0.001563 0.852083
4 0.409375 0.825000 0.392188 0.822917 0.379688 0.820833 0.364063 0.816667 0.351562 0.812500 0.339062 0.812500 0.328125 0.814583 0.321875 0.825000 0.318750 0.843750 0.317188 0.862500 0.321875 0.875000 0.331250 0.883333 0.340625 0.887500 0.354687 0.887500 0.367188 0.889583 0.381250 0.891667 0.392188 0.895833 0.401562 0.889583 0.407813 0.877083 0.406250 0.860417 0.406250 0.843750 0.404687 0.825000
4 0.364063 0.660417 0.340625 0.660417 0.321875 0.660417 0.304688 0.662500 0.287500 0.662500 0.268750 0.664583 0.259375 0.675000 0.257812 0.693750 0.257812 0.714583 0.259375 0.735417 0.262500 0.758333 0.275000 0.764583 0.292187 0.764583 0.312500 0.766667 0.331250 0.768750 0.346875 0.764583 0.362500 0.760417 0.370312 0.745833 0.373437 0.722917 0.370312 0.697917 0.364063 0.675000
4 0.364063 0.650000 0.364063 0.614583 0.364063 0.585417 0.360938 0.554167 0.343750 0.550000 0.325000 0.552083 0.304688 0.554167 0.285938 0.560417 0.262500 0.564583 0.242188 0.570833 0.229687 0.581250 0.221875 0.600000 0.225000 0.622917 0.231250 0.641667 0.237500 0.664583 0.256250 0.666667 0.275000 0.666667 0.293750 0.662500 0.312500 0.658333 0.335938 0.656250 0.356250 0.656250
4 0.397656 0.317708 0.064062 0.039583
4 0.450000 0.235417 0.442188 0.235417 0.434375 0.235417 0.428125 0.239583 0.423438 0.247917 0.426563 0.258333 0.428125 0.268750 0.431250 0.275000 0.434375 0.285417 0.437500 0.295833 0.440625 0.308333 0.446875 0.310417 0.454688 0.310417 0.460938 0.308333 0.464062 0.297917 0.464062 0.287500 0.462500 0.275000 0.460938 0.268750 0.457813 0.260417 0.456250 0.252083 0.454688 0.241667
4 0.446875 0.539583 0.443750 0.531250 0.439063 0.522917 0.431250 0.525000 0.426563 0.529167 0.421875 0.537500 0.418750 0.545833 0.417187 0.554167 0.412500 0.564583 0.410938 0.572917 0.410938 0.583333 0.412500 0.591667 0.418750 0.597917 0.423438 0.602083 0.431250 0.602083 0.434375 0.595833 0.437500 0.587500 0.440625 0.579167 0.440625 0.568750 0.440625 0.554167 0.443750 0.543750 0.445312 0.537500
6 0.802344 0.435417 0.373437 0.037500
6 0.510938 0.765625 0.028125 0.406250
6 0.225781 0.423958 0.364063 0.022917
6 0.522656 0.143750 0.020313 0.220833
