3 0.620313 0.345833 0.046875 0.145833
3 0.556250 0.383333 0.050000 0.158333
3 0.771875 0.354167 0.781250 0.335417 0.784375 0.322917 0.784375 0.308333 0.785937 0.291667 0.785937 0.279167 0.778125 0.275000 0.771875 0.283333 0.767188 0.295833 0.764062 0.308333 0.764062 0.318750 0.759375 0.337500 0.757812 0.352083 0.754687 0.375000 0.754687 0.391667 0.757812 0.400000 0.765625 0.395833 0.770312 0.375000 0.771875 0.352083 0.775000 0.335417 0.776563 0.320833
3 0.792188 0.335417 0.784375 0.347917 0.776563 0.364583 0.771875 0.381250 0.765625 0.402083 0.760938 0.416667 0.754687 0.429167 0.751563 0.443750 0.748437 0.456250 0.750000 0.464583 0.759375 0.460417 0.768750 0.452083 0.776563 0.439583 0.784375 0.416667 0.790625 0.391667 0.793750 0.375000 0.800000 0.354167 0.803125 0.341667 0.801562 0.329167 0.795312 0.331250 0.789062 0.339583
7 0.232031 0.469792 0.226562 0.097917
7 0.357031 0.531250 0.101562 0.112500
7 0.567969 0.793750 0.098437 0.166667
7 0.668750 0.501042 0.071875 0.110417
7 0.734375 0.513542 0.068750 0.089583
0 0.939844 0.592708 0.139063 0.064583
0 0.828125 0.598958 0.115625 0.072917
0 0.082031 0.598958 0.176563 0.097917
0 0.297656 0.588542 0.185938 0.110417
7 0.028906 0.520833 0.067187 0.150000
