4 0.559375 0.091667 0.539062 0.102083 0.525000 0.112500 0.514062 0.122917 0.506250 0.129167 0.503125 0.141667 0.514062 0.154167 0.521875 0.164583 0.528125 0.175000 0.537500 0.195833 0.543750 0.204167 0.556250 0.191667 0.571875 0.181250 0.582812 0.172917 0.590625 0.166667 0.596875 0.156250 0.596875 0.143750 0.587500 0.129167 0.576562 0.116667 0.568750 0.102083 0.560937 0.091667
4 0.737500 0.091667 0.721875 0.102083 0.710938 0.108333 0.704688 0.114583 0.696875 0.122917 0.695312 0.139583 0.703125 0.147917 0.714063 0.156250 0.723437 0.164583 0.731250 0.172917 0.742188 0.183333 0.751563 0.185417 0.764062 0.172917 0.771875 0.164583 0.779687 0.154167 0.787500 0.143750 0.781250 0.129167 0.768750 0.112500 0.756250 0.106250 0.746875 0.097917 0.735938 0.091667
4 0.670312 0.314583 0.654687 0.331250 0.657813 0.339583 0.668750 0.352083 0.681250 0.360417 0.695312 0.370833 0.707812 0.383333 0.718750 0.389583 0.728125 0.379167 0.737500 0.368750 0.751563 0.360417 0.756250 0.345833 0.753125 0.329167 0.743750 0.318750 0.729688 0.312500 0.717187 0.300000 0.706250 0.291667 0.695312 0.287500 0.682813 0.297917 0.671875 0.308333 0.662500 0.318750
4 0.482812 0.295833 0.487500 0.310417 0.490625 0.325000 0.500000 0.331250 0.507812 0.341667 0.515625 0.347917 0.528125 0.341667 0.539062 0.333333 0.548438 0.318750 0.554688 0.310417 0.565625 0.304167 0.576562 0.300000 0.570312 0.287500 0.560937 0.275000 0.551562 0.264583 0.548438 0.252083 0.540625 0.241667 0.529687 0.245833 0.520312 0.254167 0.503125 0.270833 0.489063 0.281250 0.482812 0.291667
3 0.745313 0.185417 0.737500 0.181250 0.731250 0.177083 0.720313 0.175000 0.718750 0.185417 0.717187 0.197917 0.715625 0.208333 0.715625 0.220833 0.717187 0.233333 0.717187 0.245833 0.717187 0.258333 0.720313 0.270833 0.728125 0.275000 0.731250 0.264583 0.735938 0.254167 0.745313 0.252083 0.748437 0.243750 0.743750 0.233333 0.739062 0.227083 0.742188 0.208333 0.745313 0.193750
3 0.575000 0.179167 0.568750 0.183333 0.560937 0.187500 0.556250 0.193750 0.556250 0.204167 0.560937 0.212500 0.556250 0.220833 0.550000 0.227083 0.548438 0.239583 0.553125 0.245833 0.560937 0.245833 0.564063 0.256250 0.568750 0.260417 0.576562 0.254167 0.578125 0.245833 0.579688 0.231250 0.582812 0.220833 0.584375 0.214583 0.579688 0.206250 0.576562 0.197917 0.573438 0.189583 0.571875 0.179167
3 0.562500 0.314583 0.557813 0.318750 0.554688 0.320833 0.551562 0.325000 0.548438 0.329167 0.546875 0.333333 0.546875 0.341667 0.546875 0.347917 0.548438 0.354167 0.548438 0.362500 0.550000 0.368750 0.553125 0.368750 0.557813 0.366667 0.560937 0.362500 0.562500 0.356250 0.564063 0.350000 0.560937 0.343750 0.560937 0.335417 0.559375 0.331250 0.556250 0.325000 0.554688 0.318750
3 0.696875 0.379167 0.690625 0.379167 0.682813 0.379167 0.681250 0.385417 0.682813 0.395833 0.687500 0.402083 0.692187 0.408333 0.695312 0.414583 0.695312 0.422917 0.695312 0.433333 0.693750 0.443750 0.690625 0.450000 0.692187 0.456250 0.698438 0.454167 0.701562 0.445833 0.701562 0.437500 0.701562 0.427083 0.701562 0.416667 0.701562 0.406250 0.701562 0.395833 0.701562 0.387500
8 0.860938 0.247917 0.842187 0.258333 0.832812 0.270833 0.821875 0.281250 0.809375 0.291667 0.796875 0.300000 0.787500 0.314583 0.781250 0.331250 0.785937 0.345833 0.792188 0.358333 0.804688 0.362500 0.818750 0.360417 0.829688 0.352083 0.840625 0.341667 0.851562 0.331250 0.865625 0.322917 0.878125 0.314583 0.889062 0.304167 0.895312 0.287500 0.885938 0.270833 0.873437 0.256250 0.862500 0.247917
8 0.451562 0.172917 0.437500 0.177083 0.426563 0.189583 0.417187 0.206250 0.421875 0.220833 0.429688 0.237500 0.443750 0.250000 0.453125 0.264583 0.462500 0.281250 0.470313 0.293750 0.479687 0.304167 0.489063 0.291667 0.496875 0.279167 0.510938 0.270833 0.517188 0.260417 0.510938 0.245833 0.503125 0.235417 0.493750 0.220833 0.482812 0.208333 0.470313 0.197917 0.454688 0.179167
7 0.878125 0.335417 0.862500 0.335417 0.850000 0.335417 0.842187 0.341667 0.828125 0.352083 0.818750 0.364583 0.812500 0.375000 0.809375 0.389583 0.810937 0.402083 0.814063 0.412500 0.820312 0.420833 0.832812 0.420833 0.842187 0.420833 0.851562 0.422917 0.854688 0.410417 0.859375 0.395833 0.865625 0.385417 0.875000 0.379167 0.882812 0.370833 0.885938 0.356250 0.882812 0.341667
7 0.654687 0.587500 0.642188 0.595833 0.629687 0.595833 0.625000 0.610417 0.629687 0.633333 0.637500 0.660417 0.648438 0.672917 0.656250 0.689583 0.660937 0.704167 0.668750 0.710417 0.676562 0.697917 0.687500 0.691667 0.695312 0.679167 0.692187 0.662500 0.681250 0.658333 0.665625 0.656250 0.657813 0.650000 0.657813 0.631250 0.665625 0.622917 0.665625 0.606250 0.657813 0.589583
7 0.559375 0.760417 0.525000 0.756250 0.500000 0.779167 0.482812 0.818750 0.467187 0.860417 0.454688 0.889583 0.437500 0.922917 0.421875 0.950000 0.417187 0.983333 0.443750 0.993750 0.471875 1.000000 0.496875 1.016667 0.520312 1.010417 0.546875 0.987500 0.557813 0.950000 0.573438 0.908333 0.593750 0.860417 0.610938 0.825000 0.600000 0.802083 0.567187 0.787500 0.540625 0.764583
7 0.643750 0.835417 0.621875 0.841667 0.596875 0.866667 0.581250 0.922917 0.576562 0.952083 0.571875 0.987500 0.576562 1.004167 0.614062 1.012500 0.643750 1.022917 0.675000 1.022917 0.692187 1.012500 0.701562 0.987500 0.710938 0.956250 0.718750 0.929167 0.723437 0.904167 0.718750 0.881250 0.706250 0.868750 0.684375 0.862500 0.656250 0.858333 0.629687 0.852083
7 0.798438 0.968750 0.792188 0.977083 0.784375 0.987500 0.781250 0.993750 0.771875 1.000000 0.764062 1.004167 0.756250 1.006250 0.764062 1.006250 0.775000 1.006250 0.784375 1.008333 0.795312 1.010417 0.804688 1.014583 0.814063 1.016667 0.821875 1.016667 0.818750 1.008333 0.814063 1.000000 0.806250 0.995833 0.801562 0.989583 0.796875 0.985417 0.793750 0.979167 0.792188 0.970833
7 0.462500 0.302083 0.453125 0.297917 0.442188 0.297917 0.435937 0.293750 0.437500 0.281250 0.443750 0.258333 0.434375 0.258333 0.421875 0.258333 0.414062 0.258333 0.406250 0.268750 0.403125 0.281250 0.409375 0.289583 0.417187 0.295833 0.426563 0.306250 0.434375 0.314583 0.440625 0.327083 0.446875 0.339583 0.454688 0.345833 0.462500 0.341667 0.468750 0.333333 0.470313 0.318750 0.470313 0.304167
7 0.437500 0.329167 0.421875 0.343750 0.412500 0.350000 0.400000 0.356250 0.389062 0.360417 0.378125 0.366667 0.368750 0.377083 0.365625 0.389583 0.368750 0.402083 0.376563 0.410417 0.384375 0.416667 0.396875 0.420833 0.406250 0.412500 0.409375 0.402083 0.418750 0.395833 0.429688 0.395833 0.440625 0.389583 0.446875 0.381250 0.453125 0.372917 0.450000 0.360417 0.442188 0.343750
