1 0.085156 0.087500 0.064062 0.029167
1 0.046094 0.285417 0.057813 0.033333
1 0.048438 0.503125 0.050000 0.039583
1 0.190625 0.073958 0.050000 0.027083
1 0.155469 0.276042 0.048438 0.027083
1 0.267969 0.271875 0.064062 0.035417
1 0.380469 0.268750 0.054688 0.033333
1 0.482031 0.267708 0.048438 0.035417
1 0.604688 0.276042 0.068750 0.043750
1 0.750000 0.276042 0.093750 0.043750
1 0.420312 0.044792 0.059375 0.031250
1 0.302344 0.054167 0.079687 0.033333
1 0.552344 0.040625 0.092188 0.043750
1 0.700000 0.044792 0.059375 0.035417
1 0.827344 0.051042 0.067187 0.027083
1 0.154688 0.512500 0.059375 0.045833
1 0.271094 0.521875 0.076563 0.035417
1 0.413281 0.538542 0.064062 0.043750
1 0.554688 0.552083 0.071875 0.037500
1 0.689063 0.554167 0.075000 0.041667
1 0.839844 0.554167 0.051562 0.033333
2 0.102344 0.276042 0.057813 0.027083
2 0.206250 0.273958 0.056250 0.031250
2 0.325000 0.272917 0.050000 0.037500
2 0.435937 0.266667 0.046875 0.037500
2 0.539062 0.270833 0.059375 0.045833
2 0.668750 0.275000 0.062500 0.041667
2 0.817187 0.278125 0.040625 0.039583
2 0.137500 0.080208 0.046875 0.022917
2 0.233594 0.062500 0.042188 0.033333
2 0.321875 0.029167 0.321875 0.029167 0.325000 0.029167 0.325000 0.029167 0.328125 0.029167 0.331250 0.029167 0.331250 0.029167
2 0.334375 0.029167 0.335938 0.029167 0.337500 0.029167 0.339062 0.029167 0.339062 0.029167
2 0.364063 0.048958 0.046875 0.039583
2 0.095312 0.506250 0.043750 0.025000
2 0.204687 0.516667 0.043750 0.033333
2 0.336719 0.532292 0.057813 0.043750
2 0.479687 0.542708 0.065625 0.035417
2 0.623437 0.551042 0.056250 0.035417
2 0.768750 0.551042 0.075000 0.035417
2 0.735938 0.027083 0.739062 0.027083 0.740625 0.031250 0.745313 0.035417 0.748437 0.039583 0.750000 0.041667 0.751563 0.043750 0.754687 0.045833 0.759375 0.050000 0.764062 0.050000 0.765625 0.050000 0.767188 0.050000 0.770312 0.050000 0.770312 0.050000 0.771875 0.050000 0.773438 0.050000 0.776563 0.050000 0.779687 0.050000 0.781250 0.050000 0.784375 0.050000 0.784375 0.052083 0.787500 0.054167 0.789062 0.054167 0.790625 0.058333 0.792188 0.060417 0.792188 0.060417
2 0.634375 0.045833 0.068750 0.033333
2 0.485156 0.042708 0.048438 0.027083
6 0.009375 0.258333 0.009375 0.285417 0.010937 0.308333 0.054688 0.308333 0.114062 0.308333 0.189062 0.308333 0.240625 0.308333 0.298438 0.302083 0.360938 0.302083 0.421875 0.300000 0.482812 0.300000 0.523438 0.300000 0.560937 0.300000 0.610938 0.300000 0.681250 0.304167 0.721875 0.306250 0.754687 0.306250 0.784375 0.306250 0.817187 0.306250 0.843750 0.302083 0.842187 0.275000
6 0.050000 0.070833 0.046875 0.102083 0.070312 0.108333 0.101562 0.106250 0.137500 0.097917 0.178125 0.087500 0.210938 0.081250 0.250000 0.077083 0.298438 0.075000 0.340625 0.072917 0.412500 0.068750 0.467187 0.068750 0.523438 0.062500 0.589063 0.058333 0.671875 0.058333 0.732812 0.058333 0.773438 0.058333 0.812500 0.058333 0.848437 0.062500 0.867188 0.050000 0.867188 0.020833
6 0.018750 0.485417 0.079687 0.522917 0.190625 0.537500 0.317188 0.541667 0.434375 0.547917 0.531250 0.558333 0.612500 0.566667 0.729688 0.575000 0.859375 0.583333 0.871875 0.543750 0.814063 0.525000 0.718750 0.520833 0.646875 0.516667 0.550000 0.504167 0.476562 0.502083 0.379688 0.493750 0.270313 0.485417 0.151562 0.472917 0.065625 0.470833 0.010937 0.481250 0.026562 0.520833
