0 0.878125 0.487500 0.193750 0.087500
0 0.762500 0.218750 0.756250 0.235417 0.751563 0.250000 0.737500 0.262500 0.729688 0.268750 0.721875 0.279167 0.712500 0.287500 0.710938 0.300000 0.721875 0.306250 0.734375 0.306250 0.746875 0.306250 0.756250 0.306250 0.767188 0.300000 0.773438 0.287500 0.778125 0.275000 0.787500 0.260417 0.793750 0.243750 0.803125 0.231250 0.800000 0.222917 0.776563 0.218750 0.762500 0.218750
0 0.262500 0.481250 0.259375 0.493750 0.275000 0.500000 0.290625 0.500000 0.309375 0.493750 0.325000 0.491667 0.334375 0.506250 0.353125 0.510417 0.365625 0.506250 0.371875 0.493750 0.381250 0.479167 0.387500 0.462500 0.376563 0.456250 0.356250 0.456250 0.345313 0.456250 0.334375 0.462500 0.318750 0.456250 0.306250 0.450000 0.293750 0.450000 0.278125 0.454167 0.267188 0.468750
0 0.331250 0.606250 0.317188 0.631250 0.298438 0.650000 0.275000 0.662500 0.251563 0.672917 0.231250 0.687500 0.225000 0.712500 0.240625 0.731250 0.228125 0.754167 0.250000 0.762500 0.268750 0.772917 0.293750 0.762500 0.312500 0.741667 0.337500 0.718750 0.364063 0.700000 0.387500 0.681250 0.400000 0.656250 0.400000 0.625000 0.387500 0.600000 0.353125 0.600000 0.331250 0.604167
7 0.640625 0.868750 0.409375 0.212500
3 0.593750 0.112500 0.585938 0.112500 0.581250 0.112500 0.581250 0.122917 0.587500 0.137500 0.590625 0.147917 0.590625 0.156250 0.595313 0.162500 0.595313 0.168750 0.596875 0.175000 0.600000 0.181250 0.600000 0.185417 0.600000 0.191667 0.603125 0.193750 0.606250 0.206250 0.610938 0.216667 0.612500 0.225000 0.615625 0.231250 0.615625 0.235417 0.618750 0.243750 0.621875 0.243750 0.626563 0.243750 0.631250 0.243750 0.637500 0.237500
3 0.573438 0.056250 0.565625 0.060417 0.564063 0.062500 0.554688 0.068750 0.548438 0.072917 0.548438 0.081250 0.553125 0.093750 0.557813 0.106250 0.557813 0.116667 0.559375 0.122917 0.559375 0.129167 0.564063 0.135417 0.565625 0.143750 0.568750 0.147917 0.571875 0.150000 0.573438 0.156250 0.575000 0.162500 0.578125 0.166667 0.584375 0.162500 0.590625 0.156250 0.595313 0.156250 0.600000 0.150000
3 0.384375 0.131250 0.371875 0.137500 0.350000 0.150000 0.353125 0.162500 0.360938 0.168750 0.364063 0.179167 0.367188 0.187500 0.368750 0.200000 0.371875 0.206250 0.376563 0.216667 0.381250 0.222917 0.393750 0.218750 0.403125 0.210417 0.409375 0.206250 0.409375 0.187500 0.400000 0.168750 0.396875 0.160417 0.395313 0.150000 0.392188 0.143750 0.387500 0.131250 0.381250 0.131250
3 0.392188 0.185417 0.400000 0.218750 0.406250 0.231250 0.412500 0.247917 0.418750 0.266667 0.425000 0.281250 0.431250 0.300000 0.434375 0.312500 0.439063 0.325000 0.446875 0.331250 0.454688 0.318750 0.450000 0.300000 0.443750 0.287500 0.439063 0.275000 0.431250 0.254167 0.425000 0.237500 0.418750 0.222917 0.410938 0.210417 0.403125 0.197917 0.398438 0.185417 0.390625 0.187500
7 0.225000 0.575000 0.215625 0.610417 0.218750 0.625000 0.228125 0.631250 0.240625 0.631250 0.256250 0.629167 0.271875 0.618750 0.287500 0.606250 0.301563 0.593750 0.318750 0.575000 0.325000 0.562500 0.331250 0.547917 0.329688 0.531250 0.321875 0.525000 0.303125 0.522917 0.285938 0.525000 0.273438 0.537500 0.259375 0.543750 0.232813 0.556250 0.225000 0.568750 0.218750 0.585417
1 0.117188 0.885417 0.128125 0.868750 0.134375 0.862500 0.137500 0.856250 0.143750 0.850000 0.150000 0.843750 0.156250 0.837500 0.159375 0.831250 0.160938 0.825000 0.156250 0.818750 0.150000 0.822917 0.137500 0.835417 0.128125 0.843750 0.123438 0.850000 0.115625 0.856250 0.109375 0.862500 0.104688 0.868750 0.100000 0.875000 0.100000 0.881250 0.112500 0.881250 0.123438 0.881250
1 0.025000 0.962500 0.025000 0.968750 0.021875 0.972917 0.017188 0.975000 0.017188 0.981250 0.015625 0.981250 0.014063 0.981250 0.014063 0.987500 0.012500 0.987500 0.012500 0.991667 0.009375 0.993750 0.012500 0.993750 0.014063 0.993750 0.015625 0.993750 0.017188 0.993750 0.020313 0.993750 0.023438 0.993750 0.025000 0.991667 0.025000 0.987500 0.025000 0.987500 0.025000 0.985417 0.028125 0.981250 0.028125 0.979167 0.028125 0.975000 0.031250 0.975000 0.031250 0.968750 0.028125 0.968750 0.025000 0.972917 0.025000 0.972917
1 0.184375 0.947917 0.179688 0.956250 0.171875 0.966667 0.165625 0.972917 0.165625 0.975000 0.162500 0.981250 0.159375 0.991667 0.159375 1.000000 0.159375 1.006250 0.165625 1.006250 0.168750 1.006250 0.176563 1.004167 0.179688 1.000000 0.185938 0.985417 0.193750 0.972917 0.196875 0.960417 0.203125 0.950000 0.206250 0.943750 0.207813 0.931250 0.206250 0.929167 0.196875 0.931250 0.193750 0.937500 0.187500 0.943750 0.185938 0.947917
1 0.309375 0.781250 0.298438 0.800000 0.285938 0.818750 0.273438 0.835417 0.262500 0.847917 0.256250 0.854167 0.250000 0.862500 0.250000 0.875000 0.259375 0.879167 0.267188 0.879167 0.275000 0.875000 0.282813 0.866667 0.290625 0.856250 0.300000 0.843750 0.306250 0.835417 0.315625 0.825000 0.318750 0.812500 0.321875 0.804167 0.321875 0.791667 0.321875 0.781250 0.315625 0.779167 0.309375 0.779167
1 0.450000 0.616667 0.437500 0.629167 0.428125 0.637500 0.421875 0.643750 0.415625 0.650000 0.409375 0.656250 0.403125 0.666667 0.398438 0.672917 0.395313 0.679167 0.393750 0.687500 0.396875 0.693750 0.406250 0.693750 0.409375 0.687500 0.418750 0.679167 0.426563 0.668750 0.434375 0.662500 0.442188 0.654167 0.450000 0.643750 0.456250 0.637500 0.459375 0.629167 0.460938 0.618750 0.456250 0.612500 0.450000 0.612500
1 0.543750 0.354167 0.548438 0.354167 0.550000 0.350000 0.554688 0.347917 0.557813 0.343750 0.559375 0.337500 0.564063 0.335417 0.565625 0.331250 0.568750 0.325000 0.571875 0.325000 0.575000 0.318750 0.575000 0.312500 0.568750 0.312500 0.565625 0.316667 0.562500 0.318750 0.559375 0.325000 0.554688 0.331250 0.550000 0.335417 0.548438 0.337500 0.543750 0.341667 0.543750 0.347917 0.543750 0.350000 0.543750 0.350000 0.548438 0.350000
1 0.751563 0.137500 0.753125 0.137500 0.753125 0.137500 0.756250 0.131250 0.756250 0.129167 0.759375 0.129167 0.759375 0.125000 0.760938 0.122917 0.759375 0.122917 0.756250 0.122917 0.753125 0.122917 0.750000 0.125000 0.746875 0.125000 0.746875 0.129167 0.746875 0.129167 0.745313 0.131250 0.745313 0.131250 0.745313 0.137500 0.745313 0.137500 0.746875 0.137500 0.746875 0.137500
1 0.729688 0.154167 0.729688 0.150000 0.728125 0.150000 0.725000 0.150000 0.721875 0.150000 0.718750 0.150000 0.715625 0.150000 0.715625 0.150000 0.715625 0.154167 0.712500 0.156250 0.712500 0.156250 0.712500 0.162500 0.712500 0.162500 0.712500 0.166667 0.715625 0.166667 0.715625 0.166667 0.718750 0.166667 0.721875 0.166667 0.725000 0.166667 0.728125 0.166667 0.729688 0.166667 0.731250 0.162500 0.734375 0.162500 0.734375 0.160417 0.734375 0.156250 0.734375 0.154167
1 0.704688 0.187500 0.703125 0.181250 0.700000 0.181250 0.700000 0.181250 0.696875 0.181250 0.696875 0.181250 0.693750 0.181250 0.690625 0.181250 0.689063 0.181250 0.687500 0.187500 0.684375 0.187500 0.682813 0.191667 0.682813 0.193750 0.682813 0.193750 0.682813 0.200000 0.684375 0.200000 0.687500 0.200000 0.690625 0.200000 0.690625 0.200000 0.693750 0.197917 0.696875 0.193750 0.696875 0.193750 0.700000 0.191667 0.700000 0.187500
1 0.609375 0.287500 0.610938 0.287500 0.612500 0.287500 0.612500 0.285417 0.615625 0.281250 0.617188 0.279167 0.618750 0.275000 0.620313 0.272917 0.620313 0.268750 0.620313 0.268750 0.620313 0.266667 0.620313 0.262500 0.620313 0.262500 0.618750 0.266667 0.615625 0.268750 0.615625 0.268750 0.612500 0.268750 0.612500 0.275000 0.612500 0.275000 0.609375 0.279167 0.609375 0.279167 0.606250 0.281250 0.606250 0.281250
1 0.475000 0.362500 0.478125 0.362500 0.481250 0.362500 0.484375 0.356250 0.485938 0.356250 0.487500 0.350000 0.485938 0.350000 0.481250 0.347917 0.481250 0.347917 0.475000 0.347917 0.475000 0.347917 0.471875 0.347917 0.468750 0.347917 0.465625 0.350000 0.465625 0.356250 0.468750 0.356250 0.470313 0.360417 0.473438 0.362500 0.475000 0.362500 0.478125 0.362500
1 0.376563 0.381250 0.379688 0.379167 0.384375 0.379167 0.387500 0.379167 0.392188 0.375000 0.395313 0.375000 0.396875 0.375000 0.400000 0.375000 0.403125 0.375000 0.406250 0.375000 0.409375 0.372917 0.412500 0.368750 0.412500 0.362500 0.412500 0.360417 0.409375 0.360417 0.407813 0.360417 0.403125 0.360417 0.400000 0.360417 0.398438 0.362500 0.396875 0.362500 0.392188 0.366667 0.387500 0.368750 0.384375 0.368750 0.381250 0.375000 0.379688 0.379167
1 0.321875 0.387500 0.325000 0.387500 0.328125 0.381250 0.329688 0.381250 0.331250 0.381250 0.332813 0.381250 0.334375 0.381250 0.335938 0.381250 0.337500 0.381250 0.340625 0.381250 0.340625 0.381250 0.343750 0.379167 0.346875 0.375000 0.346875 0.375000 0.350000 0.375000 0.350000 0.372917 0.348438 0.372917 0.346875 0.372917 0.343750 0.372917 0.340625 0.372917 0.337500 0.372917 0.337500 0.372917 0.334375 0.375000 0.334375 0.375000 0.332813 0.375000 0.329688 0.379167 0.329688 0.379167
1 0.278125 0.393750 0.281250 0.393750 0.287500 0.393750 0.287500 0.393750 0.290625 0.393750 0.293750 0.393750 0.293750 0.391667 0.293750 0.387500 0.290625 0.385417 0.290625 0.381250 0.287500 0.381250 0.282813 0.381250 0.275000 0.387500 0.270313 0.387500 0.267188 0.387500 0.265625 0.391667 0.265625 0.393750 0.270313 0.393750 0.278125 0.393750 0.281250 0.393750 0.282813 0.393750
1 0.181250 0.475000 0.181250 0.475000 0.185938 0.475000 0.185938 0.475000 0.187500 0.479167 0.190625 0.479167 0.192188 0.479167 0.193750 0.481250 0.193750 0.481250 0.196875 0.479167 0.196875 0.475000 0.200000 0.475000 0.201563 0.468750 0.201563 0.468750 0.201563 0.468750 0.196875 0.468750 0.196875 0.468750 0.193750 0.468750 0.193750 0.468750 0.190625 0.468750 0.187500 0.468750 0.187500 0.468750 0.185938 0.468750 0.184375 0.468750 0.181250 0.472917 0.181250 0.475000
1 0.196875 0.575000 0.203125 0.575000 0.207813 0.575000 0.210938 0.575000 0.212500 0.579167 0.217188 0.579167 0.218750 0.575000 0.225000 0.575000 0.225000 0.575000 0.228125 0.572917 0.228125 0.568750 0.228125 0.562500 0.225000 0.560417 0.225000 0.556250 0.221875 0.554167 0.218750 0.554167 0.212500 0.554167 0.210938 0.554167 0.207813 0.554167 0.203125 0.554167 0.203125 0.554167 0.201563 0.556250 0.200000 0.560417 0.196875 0.562500 0.196875 0.566667 0.196875 0.568750
1 0.150000 0.566667 0.150000 0.566667 0.153125 0.566667 0.154688 0.568750 0.156250 0.568750 0.156250 0.568750 0.160938 0.568750 0.162500 0.568750 0.165625 0.566667 0.165625 0.562500 0.168750 0.562500 0.168750 0.562500 0.168750 0.560417 0.168750 0.556250 0.168750 0.554167 0.165625 0.554167 0.165625 0.554167 0.160938 0.554167 0.159375 0.554167 0.156250 0.554167 0.154688 0.554167 0.153125 0.554167 0.150000 0.554167 0.148438 0.554167 0.146875 0.556250 0.143750 0.556250 0.143750 0.560417 0.140625 0.562500 0.140625 0.562500
1 0.093750 0.556250 0.096875 0.556250 0.100000 0.556250 0.104688 0.556250 0.107813 0.560417 0.109375 0.560417 0.112500 0.560417 0.117188 0.560417 0.117188 0.554167 0.117188 0.550000 0.117188 0.550000 0.115625 0.547917 0.112500 0.547917 0.109375 0.543750 0.107813 0.543750 0.106250 0.543750 0.103125 0.543750 0.100000 0.543750 0.096875 0.550000 0.096875 0.550000 0.096875 0.554167
1 0.228125 0.475000 0.232813 0.475000 0.237500 0.475000 0.239063 0.475000 0.243750 0.475000 0.246875 0.475000 0.250000 0.475000 0.251563 0.475000 0.253125 0.468750 0.256250 0.468750 0.256250 0.462500 0.256250 0.460417 0.251563 0.460417 0.246875 0.460417 0.243750 0.460417 0.240625 0.462500 0.237500 0.462500 0.234375 0.466667 0.231250 0.466667 0.228125 0.468750 0.228125 0.472917 0.225000 0.475000
1 0.153125 0.825000 0.146875 0.825000 0.140625 0.831250 0.139063 0.835417 0.134375 0.835417 0.128125 0.837500 0.125000 0.843750 0.120313 0.847917 0.112500 0.850000 0.112500 0.856250 0.112500 0.862500 0.118750 0.862500 0.125000 0.862500 0.131250 0.860417 0.140625 0.860417 0.143750 0.856250 0.146875 0.854167 0.150000 0.850000 0.153125 0.843750 0.156250 0.841667 0.159375 0.835417 0.162500 0.825000 0.159375 0.825000
1 0.223438 0.722917 0.221875 0.725000 0.218750 0.729167 0.218750 0.731250 0.218750 0.737500 0.218750 0.737500 0.218750 0.743750 0.218750 0.743750 0.218750 0.743750 0.221875 0.743750 0.225000 0.743750 0.228125 0.743750 0.228125 0.743750 0.231250 0.743750 0.232813 0.741667 0.232813 0.737500 0.234375 0.737500 0.237500 0.735417 0.237500 0.735417 0.239063 0.731250 0.240625 0.729167 0.240625 0.725000 0.240625 0.722917 0.240625 0.718750 0.240625 0.718750 0.237500 0.718750 0.234375 0.718750 0.232813 0.718750 0.231250 0.718750 0.228125 0.718750
1 0.020313 0.960417 0.017188 0.962500 0.015625 0.968750 0.012500 0.975000 0.009375 0.981250 0.009375 0.985417 0.009375 0.987500 0.014063 0.987500 0.015625 0.987500 0.017188 0.987500 0.021875 0.987500 0.025000 0.985417 0.025000 0.981250 0.028125 0.975000 0.031250 0.968750 0.031250 0.968750 0.031250 0.962500 0.025000 0.960417 0.025000 0.960417 0.018750 0.962500 0.017188 0.972917
1 0.946875 0.593750 0.939063 0.597917 0.932813 0.606250 0.931250 0.610417 0.929688 0.618750 0.931250 0.625000 0.934375 0.625000 0.948438 0.629167 0.971875 0.629167 0.987500 0.629167 0.995313 0.625000 1.003125 0.622917 1.003125 0.616667 1.006250 0.606250 1.006250 0.600000 0.995313 0.593750 0.990625 0.593750 0.978125 0.593750 0.968750 0.597917 0.960938 0.597917 0.956250 0.597917 0.950000 0.597917
1 0.984375 0.422917 0.979688 0.422917 0.975000 0.425000 0.965625 0.429167 0.954688 0.435417 0.948438 0.443750 0.946875 0.443750 0.946875 0.450000 0.946875 0.456250 0.950000 0.456250 0.970313 0.456250 0.992188 0.450000 1.006250 0.450000 1.010938 0.447917 1.010938 0.443750 1.010938 0.435417 1.006250 0.431250 1.000000 0.425000 0.995313 0.425000 0.990625 0.425000 0.987500 0.425000
1 0.893750 0.306250 0.890625 0.312500 0.887500 0.318750 0.887500 0.322917 0.887500 0.325000 0.890625 0.331250 0.893750 0.331250 0.903125 0.331250 0.915625 0.331250 0.932813 0.331250 0.950000 0.331250 0.956250 0.325000 0.956250 0.325000 0.954688 0.318750 0.950000 0.312500 0.948438 0.312500 0.946875 0.312500 0.940625 0.312500 0.929688 0.312500 0.915625 0.312500 0.903125 0.318750 0.898438 0.322917 0.893750 0.322917
1 0.946875 0.087500 0.948438 0.087500 0.943750 0.100000 0.940625 0.106250 0.940625 0.112500 0.940625 0.112500 0.940625 0.116667 0.940625 0.118750 0.940625 0.118750 0.943750 0.118750 0.943750 0.118750 0.946875 0.116667 0.948438 0.110417 0.948438 0.106250 0.950000 0.106250 0.950000 0.100000 0.950000 0.100000 0.953125 0.097917 0.953125 0.093750 0.953125 0.093750
1 0.923438 0.137500 0.923438 0.137500 0.918750 0.143750 0.918750 0.143750 0.918750 0.150000 0.918750 0.150000 0.921875 0.150000 0.923438 0.154167 0.925000 0.154167 0.928125 0.154167 0.929688 0.150000 0.931250 0.150000 0.934375 0.147917 0.934375 0.143750 0.937500 0.141667 0.939063 0.137500 0.939063 0.137500 0.939063 0.131250 0.939063 0.131250 0.934375 0.131250 0.932813 0.131250 0.931250 0.131250 0.928125 0.135417 0.925000 0.135417 0.923438 0.137500 0.923438 0.137500
1 0.903125 0.187500 0.903125 0.187500 0.900000 0.187500 0.896875 0.187500 0.893750 0.187500 0.893750 0.187500 0.893750 0.193750 0.893750 0.197917 0.893750 0.200000 0.893750 0.200000 0.893750 0.204167 0.896875 0.206250 0.898438 0.206250 0.901563 0.206250 0.903125 0.200000 0.906250 0.197917 0.909375 0.193750 0.912500 0.193750 0.912500 0.193750 0.912500 0.187500 0.912500 0.185417 0.912500 0.181250 0.912500 0.179167 0.909375 0.179167 0.906250 0.179167 0.903125 0.179167
1 0.884375 0.210417 0.884375 0.212500 0.881250 0.218750 0.878125 0.218750 0.878125 0.222917 0.878125 0.225000 0.876563 0.229167 0.876563 0.231250 0.876563 0.235417 0.878125 0.235417 0.878125 0.235417 0.881250 0.235417 0.884375 0.235417 0.885938 0.235417 0.887500 0.235417 0.887500 0.235417 0.890625 0.231250 0.890625 0.229167 0.890625 0.222917 0.890625 0.218750 0.890625 0.218750 0.890625 0.212500 0.890625 0.212500 0.885938 0.212500 0.881250 0.212500 0.871875 0.222917 0.868750 0.225000
1 0.856250 0.266667 0.854688 0.266667 0.853125 0.268750 0.850000 0.268750 0.850000 0.272917 0.846875 0.275000 0.846875 0.275000 0.846875 0.279167 0.845313 0.285417 0.845313 0.287500 0.845313 0.291667 0.846875 0.291667 0.846875 0.291667 0.850000 0.291667 0.854688 0.287500 0.854688 0.285417 0.856250 0.281250 0.856250 0.279167 0.856250 0.275000 0.856250 0.275000 0.854688 0.272917 0.850000 0.268750 0.850000 0.268750 0.850000 0.268750 0.846875 0.268750 0.845313 0.268750
2 0.296875 0.381250 0.296875 0.387500 0.298438 0.391667 0.300000 0.393750 0.301563 0.393750 0.304688 0.397917 0.306250 0.397917 0.309375 0.397917 0.312500 0.400000 0.315625 0.400000 0.318750 0.400000 0.321875 0.400000 0.321875 0.393750 0.325000 0.391667 0.325000 0.387500 0.325000 0.381250 0.325000 0.379167 0.321875 0.379167 0.317188 0.379167 0.314063 0.379167
2 0.767188 0.106250 0.762500 0.106250 0.762500 0.110417 0.760938 0.112500 0.760938 0.112500 0.759375 0.118750 0.759375 0.118750 0.756250 0.122917 0.756250 0.125000 0.756250 0.129167 0.756250 0.131250 0.759375 0.135417 0.762500 0.131250 0.765625 0.131250 0.768750 0.129167 0.771875 0.125000 0.773438 0.116667 0.775000 0.112500 0.775000 0.112500 0.773438 0.106250 0.771875 0.100000 0.768750 0.100000 0.768750 0.100000
2 0.737500 0.141667 0.735938 0.141667 0.734375 0.143750 0.734375 0.150000 0.731250 0.154167 0.731250 0.156250 0.731250 0.156250 0.731250 0.156250 0.731250 0.156250 0.731250 0.160417 0.731250 0.162500 0.734375 0.162500 0.737500 0.162500 0.742188 0.162500 0.742188 0.162500 0.743750 0.162500 0.745313 0.162500 0.745313 0.162500 0.745313 0.160417 0.746875 0.160417 0.746875 0.156250 0.746875 0.156250 0.746875 0.156250 0.746875 0.154167 0.746875 0.154167 0.746875 0.150000 0.746875 0.150000 0.746875 0.150000 0.746875 0.150000 0.746875 0.143750 0.746875 0.143750 0.746875 0.143750 0.746875 0.143750 0.745313 0.143750 0.745313 0.141667 0.745313 0.141667 0.737500 0.143750 0.737500 0.143750
2 0.714063 0.166667 0.712500 0.166667 0.710938 0.166667 0.709375 0.166667 0.706250 0.168750 0.706250 0.172917 0.706250 0.175000 0.706250 0.175000 0.706250 0.179167 0.709375 0.179167 0.709375 0.179167 0.712500 0.179167 0.714063 0.179167 0.715625 0.175000 0.715625 0.175000 0.715625 0.172917 0.715625 0.168750 0.715625 0.166667 0.715625 0.166667 0.714063 0.166667 0.709375 0.166667 0.704688 0.166667
2 0.679688 0.206250 0.679688 0.206250 0.673438 0.206250 0.668750 0.206250 0.667188 0.206250 0.665625 0.210417 0.662500 0.212500 0.662500 0.218750 0.662500 0.218750 0.662500 0.222917 0.662500 0.222917 0.667188 0.225000 0.667188 0.225000 0.668750 0.225000 0.671875 0.222917 0.675000 0.218750 0.678125 0.216667 0.679688 0.212500 0.679688 0.212500 0.682813 0.210417 0.682813 0.206250 0.682813 0.206250 0.681250 0.206250 0.678125 0.206250 0.667188 0.212500
2 0.603125 0.291667 0.596875 0.291667 0.590625 0.291667 0.584375 0.293750 0.575000 0.300000 0.568750 0.304167 0.564063 0.306250 0.559375 0.306250 0.557813 0.312500 0.557813 0.312500 0.559375 0.318750 0.568750 0.318750 0.573438 0.318750 0.578125 0.316667 0.581250 0.312500 0.585938 0.312500 0.587500 0.306250 0.589063 0.304167 0.589063 0.300000 0.590625 0.293750 0.590625 0.291667 0.587500 0.291667
2 0.934375 0.125000 0.932813 0.125000 0.932813 0.125000 0.929688 0.129167 0.929688 0.129167 0.928125 0.131250 0.928125 0.131250 0.925000 0.131250 0.925000 0.131250 0.925000 0.135417 0.925000 0.137500 0.925000 0.137500 0.925000 0.137500 0.925000 0.141667 0.925000 0.143750 0.925000 0.143750 0.925000 0.143750 0.928125 0.143750 0.928125 0.141667 0.931250 0.137500 0.932813 0.137500 0.934375 0.137500 0.934375 0.135417 0.934375 0.131250 0.934375 0.131250 0.937500 0.131250 0.937500 0.129167 0.939063 0.129167 0.939063 0.129167 0.939063 0.125000 0.939063 0.122917 0.937500 0.122917 0.937500 0.122917
2 0.918750 0.154167 0.918750 0.150000 0.918750 0.150000 0.918750 0.150000 0.918750 0.154167 0.917188 0.154167 0.917188 0.156250 0.917188 0.156250 0.917188 0.156250 0.917188 0.160417 0.917188 0.162500 0.917188 0.162500 0.917188 0.162500 0.917188 0.166667 0.918750 0.166667 0.921875 0.162500 0.923438 0.162500 0.923438 0.162500 0.923438 0.162500 0.923438 0.160417 0.923438 0.156250 0.923438 0.156250 0.923438 0.156250 0.923438 0.154167 0.923438 0.154167 0.921875 0.154167 0.918750 0.150000 0.918750 0.150000 0.918750 0.150000
2 0.890625 0.200000 0.890625 0.200000 0.890625 0.200000 0.890625 0.200000 0.890625 0.200000 0.890625 0.204167 0.890625 0.206250 0.890625 0.210417 0.890625 0.210417 0.890625 0.212500 0.893750 0.212500 0.893750 0.216667 0.893750 0.216667 0.893750 0.216667 0.896875 0.216667 0.896875 0.216667 0.898438 0.216667 0.898438 0.212500 0.898438 0.212500 0.898438 0.212500 0.898438 0.210417 0.898438 0.206250 0.898438 0.206250 0.898438 0.206250 0.896875 0.206250 0.896875 0.204167 0.893750 0.200000 0.893750 0.200000 0.893750 0.200000 0.890625 0.200000 0.890625 0.200000 0.887500 0.200000 0.887500 0.200000 0.885938 0.206250 0.885938 0.206250
2 0.862500 0.243750 0.860938 0.243750 0.859375 0.243750 0.856250 0.250000 0.854688 0.254167 0.850000 0.254167 0.850000 0.256250 0.850000 0.260417 0.850000 0.262500 0.850000 0.266667 0.850000 0.268750 0.850000 0.272917 0.853125 0.272917 0.854688 0.275000 0.862500 0.275000 0.867188 0.275000 0.868750 0.272917 0.875000 0.268750 0.875000 0.268750 0.875000 0.262500 0.871875 0.256250 0.870313 0.254167 0.868750 0.250000 0.867188 0.243750 0.862500 0.243750 0.860938 0.243750 0.860938 0.243750
2 0.971875 0.300000 0.970313 0.306250 0.968750 0.310417 0.968750 0.312500 0.968750 0.318750 0.968750 0.325000 0.970313 0.329167 0.971875 0.331250 0.978125 0.331250 0.984375 0.331250 0.990625 0.331250 0.992188 0.331250 0.995313 0.329167 0.996875 0.325000 0.996875 0.322917 0.996875 0.312500 0.996875 0.306250 0.996875 0.306250 0.987500 0.304167 0.975000 0.304167 0.960938 0.306250 0.948438 0.312500
2 0.876563 0.318750 0.870313 0.318750 0.862500 0.318750 0.856250 0.318750 0.856250 0.322917 0.853125 0.322917 0.850000 0.325000 0.845313 0.325000 0.839063 0.325000 0.835938 0.331250 0.831250 0.331250 0.831250 0.335417 0.835938 0.337500 0.840625 0.343750 0.846875 0.343750 0.859375 0.343750 0.862500 0.341667 0.868750 0.337500 0.871875 0.337500 0.875000 0.335417 0.875000 0.329167 0.875000 0.322917 0.875000 0.318750 0.875000 0.312500 0.871875 0.312500 0.868750 0.312500
2 0.918750 0.610417 0.917188 0.600000 0.912500 0.593750 0.906250 0.587500 0.903125 0.587500 0.893750 0.587500 0.887500 0.587500 0.878125 0.591667 0.870313 0.593750 0.862500 0.593750 0.856250 0.597917 0.850000 0.597917 0.845313 0.600000 0.845313 0.604167 0.846875 0.606250 0.854688 0.610417 0.862500 0.612500 0.876563 0.612500 0.885938 0.612500 0.893750 0.612500 0.900000 0.612500 0.906250 0.612500 0.912500 0.612500
2 0.381250 0.700000 0.376563 0.712500 0.368750 0.716667 0.364063 0.722917 0.359375 0.725000 0.353125 0.731250 0.350000 0.735417 0.346875 0.743750 0.343750 0.750000 0.340625 0.756250 0.340625 0.766667 0.343750 0.772917 0.350000 0.772917 0.356250 0.772917 0.368750 0.766667 0.376563 0.756250 0.379688 0.754167 0.387500 0.743750 0.392188 0.735417 0.393750 0.725000 0.393750 0.718750 0.393750 0.712500 0.392188 0.706250
2 0.253125 0.868750 0.246875 0.875000 0.240625 0.879167 0.237500 0.885417 0.232813 0.887500 0.228125 0.893750 0.210938 0.906250 0.190625 0.925000 0.187500 0.931250 0.190625 0.937500 0.193750 0.937500 0.203125 0.937500 0.215625 0.937500 0.221875 0.937500 0.228125 0.931250 0.234375 0.922917 0.243750 0.912500 0.254688 0.900000 0.262500 0.887500 0.262500 0.881250 0.262500 0.875000
2 0.107813 0.879167 0.100000 0.881250 0.093750 0.887500 0.089063 0.891667 0.081250 0.897917 0.076563 0.904167 0.071875 0.910417 0.068750 0.916667 0.062500 0.925000 0.057813 0.931250 0.056250 0.937500 0.053125 0.950000 0.054688 0.960417 0.059375 0.960417 0.068750 0.960417 0.078125 0.947917 0.085938 0.937500 0.090625 0.925000 0.096875 0.912500 0.104688 0.900000 0.109375 0.891667 0.107813 0.881250
2 0.207813 0.756250 0.201563 0.762500 0.190625 0.768750 0.184375 0.779167 0.178125 0.785417 0.171875 0.791667 0.168750 0.793750 0.165625 0.800000 0.162500 0.804167 0.165625 0.806250 0.168750 0.806250 0.176563 0.806250 0.181250 0.806250 0.187500 0.804167 0.193750 0.793750 0.196875 0.787500 0.203125 0.781250 0.209375 0.775000 0.210938 0.768750 0.212500 0.762500 0.212500 0.756250 0.210938 0.750000 0.203125 0.756250 0.201563 0.762500
2 0.237500 0.556250 0.237500 0.556250 0.234375 0.556250 0.232813 0.560417 0.232813 0.562500 0.231250 0.562500 0.231250 0.566667 0.231250 0.568750 0.231250 0.568750 0.231250 0.572917 0.231250 0.572917 0.232813 0.572917 0.232813 0.572917 0.234375 0.572917 0.234375 0.572917 0.237500 0.572917 0.237500 0.572917 0.239063 0.572917 0.240625 0.572917 0.240625 0.572917 0.242188 0.572917 0.243750 0.572917 0.243750 0.572917 0.243750 0.572917 0.246875 0.572917 0.248438 0.568750 0.250000 0.568750 0.250000 0.568750 0.250000 0.566667 0.250000 0.566667 0.250000 0.562500 0.250000 0.556250 0.250000 0.556250 0.246875 0.554167 0.246875 0.554167 0.246875 0.554167
2 0.185938 0.554167 0.185938 0.554167 0.181250 0.554167 0.179688 0.556250 0.178125 0.556250 0.176563 0.560417 0.175000 0.562500 0.171875 0.562500 0.171875 0.566667 0.171875 0.572917 0.171875 0.575000 0.176563 0.575000 0.179688 0.575000 0.181250 0.575000 0.184375 0.575000 0.187500 0.575000 0.190625 0.572917 0.192188 0.572917 0.193750 0.568750 0.193750 0.566667 0.193750 0.562500 0.193750 0.560417 0.193750 0.556250 0.193750 0.554167 0.193750 0.550000 0.190625 0.550000
2 0.134375 0.554167 0.134375 0.554167 0.125000 0.554167 0.125000 0.554167 0.123438 0.556250 0.120313 0.556250 0.118750 0.562500 0.118750 0.566667 0.118750 0.568750 0.123438 0.568750 0.128125 0.568750 0.134375 0.568750 0.137500 0.568750 0.139063 0.566667 0.140625 0.566667 0.140625 0.562500 0.140625 0.556250 0.140625 0.554167 0.140625 0.550000 0.140625 0.550000 0.140625 0.550000 0.137500 0.550000 0.134375 0.550000
2 0.203125 0.462500 0.203125 0.462500 0.196875 0.468750 0.196875 0.472917 0.196875 0.475000 0.196875 0.475000 0.196875 0.481250 0.201563 0.481250 0.203125 0.481250 0.209375 0.481250 0.212500 0.481250 0.217188 0.481250 0.218750 0.479167 0.221875 0.475000 0.225000 0.475000 0.225000 0.472917 0.225000 0.468750 0.225000 0.468750 0.221875 0.462500 0.218750 0.462500
2 0.275000 0.460417 0.271875 0.460417 0.270313 0.460417 0.270313 0.462500 0.270313 0.468750 0.270313 0.475000 0.273438 0.479167 0.275000 0.481250 0.278125 0.481250 0.278125 0.481250 0.281250 0.481250 0.282813 0.481250 0.285938 0.481250 0.287500 0.475000 0.287500 0.472917 0.287500 0.468750 0.287500 0.462500 0.287500 0.462500 0.287500 0.460417 0.287500 0.456250 0.285938 0.456250 0.282813 0.450000 0.281250 0.450000 0.278125 0.450000
2 0.318750 0.456250 0.321875 0.460417 0.321875 0.466667 0.325000 0.472917 0.325000 0.472917 0.328125 0.475000 0.329688 0.475000 0.331250 0.479167 0.334375 0.479167 0.334375 0.479167 0.337500 0.479167 0.337500 0.479167 0.340625 0.475000 0.340625 0.475000 0.340625 0.475000 0.343750 0.472917 0.343750 0.468750 0.343750 0.462500 0.343750 0.462500 0.340625 0.460417 0.340625 0.456250 0.337500 0.454167 0.337500 0.454167 0.334375 0.450000 0.332813 0.450000 0.331250 0.450000
2 0.837500 0.318750 0.828125 0.318750 0.825000 0.325000 0.828125 0.335417 0.834375 0.341667 0.840625 0.343750 0.850000 0.343750 0.856250 0.343750 0.868750 0.337500 0.876563 0.335417 0.881250 0.335417 0.885938 0.331250 0.887500 0.325000 0.887500 0.322917 0.887500 0.312500 0.881250 0.310417 0.876563 0.306250 0.870313 0.306250 0.862500 0.306250 0.850000 0.312500 0.846875 0.312500 0.840625 0.312500 0.839063 0.316667
6 0.825000 0.337500 0.893750 0.337500 0.915625 0.335417 0.932813 0.331250 0.950000 0.331250 0.971875 0.325000 0.987500 0.325000 1.000000 0.325000 1.006250 0.318750 1.010938 0.306250 1.003125 0.300000 0.978125 0.300000 0.943750 0.300000 0.915625 0.300000 0.900000 0.300000 0.884375 0.304167 0.867188 0.304167 0.856250 0.306250 0.846875 0.306250 0.840625 0.310417 0.831250 0.318750 0.825000 0.325000
6 0.831250 0.306250 0.860938 0.287500 0.878125 0.268750 0.890625 0.250000 0.901563 0.229167 0.909375 0.200000 0.918750 0.181250 0.925000 0.162500 0.937500 0.143750 0.946875 0.125000 0.953125 0.106250 0.939063 0.106250 0.928125 0.118750 0.917188 0.137500 0.900000 0.162500 0.878125 0.206250 0.868750 0.222917 0.854688 0.250000 0.845313 0.268750 0.834375 0.285417 0.825000 0.300000
6 0.679688 0.225000 0.696875 0.210417 0.709375 0.197917 0.721875 0.187500 0.737500 0.175000 0.746875 0.160417 0.759375 0.143750 0.767188 0.131250 0.773438 0.116667 0.781250 0.093750 0.762500 0.104167 0.745313 0.112500 0.725000 0.129167 0.704688 0.143750 0.690625 0.156250 0.675000 0.168750 0.667188 0.181250 0.657813 0.200000 0.657813 0.222917 0.668750 0.225000 0.679688 0.222917
6 0.190625 0.997917 0.212500 0.968750 0.237500 0.929167 0.267188 0.893750 0.306250 0.847917 0.350000 0.793750 0.418750 0.718750 0.443750 0.668750 0.459375 0.625000 0.428125 0.631250 0.393750 0.662500 0.368750 0.693750 0.343750 0.731250 0.315625 0.768750 0.278125 0.812500 0.234375 0.856250 0.207813 0.893750 0.179688 0.941667 0.143750 0.993750 0.165625 1.006250 0.193750 0.991667
6 0.020313 0.993750 0.100000 0.906250 0.159375 0.850000 0.268750 0.735417 0.315625 0.650000 0.345313 0.610417 0.381250 0.554167 0.298438 0.550000 0.200000 0.550000 0.107813 0.547917 0.131250 0.560417 0.210938 0.556250 0.270313 0.556250 0.328125 0.579167 0.306250 0.618750 0.259375 0.672917 0.215625 0.731250 0.150000 0.806250 0.078125 0.885417 0.006250 0.993750 0.043750 0.962500
6 0.275000 0.393750 0.282813 0.397917 0.300000 0.397917 0.318750 0.400000 0.337500 0.400000 0.371875 0.400000 0.392188 0.400000 0.403125 0.400000 0.412500 0.400000 0.421875 0.393750 0.431250 0.387500 0.431250 0.379167 0.407813 0.368750 0.396875 0.368750 0.376563 0.368750 0.348438 0.372917 0.329688 0.375000 0.312500 0.375000 0.293750 0.379167 0.281250 0.381250 0.271875 0.387500
6 0.192188 0.475000 0.234375 0.468750 0.248438 0.466667 0.259375 0.472917 0.270313 0.475000 0.290625 0.472917 0.304688 0.462500 0.318750 0.460417 0.337500 0.460417 0.364063 0.460417 0.381250 0.460417 0.398438 0.456250 0.400000 0.443750 0.368750 0.443750 0.331250 0.443750 0.312500 0.443750 0.282813 0.443750 0.254688 0.443750 0.225000 0.443750 0.193750 0.450000 0.184375 0.462500 0.193750 0.468750
6 0.809375 0.422917 0.803125 0.429167 0.796875 0.437500 0.800000 0.447917 0.815625 0.450000 0.831250 0.450000 0.845313 0.450000 0.870313 0.447917 0.890625 0.443750 0.903125 0.443750 0.939063 0.437500 0.965625 0.431250 0.992188 0.431250 1.003125 0.431250 1.006250 0.429167 0.987500 0.425000 0.925000 0.425000 0.878125 0.429167 0.837500 0.431250 0.809375 0.431250 0.800000 0.431250 0.793750 0.431250
6 0.875000 0.618750 0.896875 0.618750 0.925000 0.618750 0.950000 0.618750 0.960938 0.618750 0.970313 0.618750 0.984375 0.622917 0.990625 0.618750 0.995313 0.612500 0.995313 0.600000 0.987500 0.593750 0.968750 0.593750 0.954688 0.593750 0.932813 0.593750 0.868750 0.593750 0.845313 0.597917 0.835938 0.600000 0.839063 0.606250 0.854688 0.610417 0.862500 0.610417 0.881250 0.610417
7 0.759375 0.460417 0.735938 0.468750 0.718750 0.470833 0.696875 0.477083 0.684375 0.481250 0.670312 0.491667 0.654687 0.506250 0.645312 0.512500 0.648438 0.533333 0.660937 0.562500 0.667188 0.589583 0.671875 0.597917 0.687500 0.587500 0.707812 0.577083 0.734375 0.568750 0.770312 0.554167 0.785937 0.550000 0.781250 0.533333 0.773438 0.504167 0.767188 0.481250 0.760938 0.464583
