3 0.603906 0.417708 0.020313 0.114583
3 0.492969 0.335417 0.045312 0.091667
3 0.428125 0.415625 0.031250 0.093750
7 0.396875 0.683333 0.040625 0.087500
7 0.204687 0.801042 0.178125 0.243750
7 0.301563 0.997917 0.134375 0.062500
7 0.356250 0.436458 0.062500 0.047917
7 0.403906 0.418750 0.032813 0.083333
7 0.653125 0.631250 0.071875 0.066667
0 0.300781 0.504167 0.101562 0.062500
0 0.178125 0.502083 0.075000 0.050000
0 0.071875 0.518750 0.090625 0.054167
0 0.466406 0.728125 0.070312 0.097917
0 0.460156 0.875000 0.095312 0.133333
0 0.696094 0.573958 0.107813 0.060417
