8 0.434375 0.077083 0.417187 0.081250 0.401562 0.085417 0.389062 0.093750 0.384375 0.108333 0.387500 0.129167 0.389062 0.156250 0.392188 0.179167 0.398438 0.206250 0.404687 0.227083 0.410938 0.243750 0.426563 0.245833 0.443750 0.245833 0.460938 0.241667 0.462500 0.220833 0.456250 0.202083 0.451562 0.179167 0.448437 0.158333 0.443750 0.139583 0.439063 0.112500 0.437500 0.091667
8 0.503125 0.729167 0.532813 0.727083 0.551562 0.720833 0.543750 0.704167 0.539062 0.679167 0.532813 0.656250 0.528125 0.631250 0.521875 0.608333 0.515625 0.585417 0.506250 0.564583 0.489063 0.572917 0.473438 0.585417 0.475000 0.608333 0.478125 0.635417 0.479687 0.662500 0.482812 0.689583 0.487500 0.714583 0.495312 0.739583 0.510938 0.733333 0.531250 0.733333 0.548438 0.727083
4 0.695312 0.252083 0.682813 0.258333 0.670312 0.264583 0.657813 0.270833 0.643750 0.277083 0.635938 0.287500 0.639062 0.304167 0.645312 0.322917 0.653125 0.339583 0.660937 0.356250 0.665625 0.375000 0.678125 0.366667 0.690625 0.360417 0.701562 0.352083 0.715625 0.341667 0.723437 0.335417 0.717187 0.320833 0.710938 0.306250 0.706250 0.287500 0.700000 0.272917 0.695312 0.258333
4 0.525000 0.172917 0.510938 0.175000 0.500000 0.179167 0.485938 0.183333 0.471875 0.187500 0.462500 0.191667 0.462500 0.204167 0.462500 0.220833 0.462500 0.239583 0.465625 0.258333 0.467187 0.277083 0.475000 0.283333 0.489063 0.281250 0.501563 0.277083 0.520312 0.264583 0.534375 0.258333 0.543750 0.254167 0.543750 0.235417 0.539062 0.216667 0.534375 0.204167 0.531250 0.185417 0.528125 0.168750
4 0.559375 0.443750 0.540625 0.450000 0.523438 0.450000 0.525000 0.464583 0.528125 0.485417 0.531250 0.506250 0.535937 0.525000 0.540625 0.541667 0.548438 0.554167 0.560937 0.547917 0.576562 0.545833 0.593750 0.537500 0.607812 0.533333 0.617188 0.520833 0.610938 0.502083 0.606250 0.477083 0.601562 0.456250 0.593750 0.439583 0.581250 0.437500 0.565625 0.439583 0.554688 0.445833
4 0.454688 0.308333 0.435937 0.308333 0.423438 0.310417 0.409375 0.312500 0.396875 0.316667 0.392188 0.331250 0.389062 0.347917 0.390625 0.368750 0.392188 0.387500 0.393750 0.404167 0.401562 0.414583 0.414062 0.416667 0.426563 0.414583 0.439063 0.412500 0.456250 0.408333 0.467187 0.406250 0.473438 0.395833 0.468750 0.377083 0.465625 0.360417 0.460938 0.335417 0.457813 0.318750
7 0.367188 0.152083 0.356250 0.162500 0.346875 0.156250 0.343750 0.168750 0.346875 0.189583 0.350000 0.210417 0.356250 0.225000 0.359375 0.241667 0.364063 0.264583 0.373437 0.277083 0.375000 0.258333 0.384375 0.252083 0.390625 0.237500 0.389062 0.216667 0.376563 0.210417 0.364063 0.218750 0.362500 0.204167 0.371875 0.195833 0.378125 0.183333 0.375000 0.166667 0.368750 0.152083
7 0.310937 0.258333 0.295312 0.258333 0.282813 0.260417 0.275000 0.268750 0.281250 0.279167 0.282813 0.297917 0.290625 0.306250 0.304688 0.306250 0.309375 0.291667 0.310937 0.277083 0.323437 0.277083 0.331250 0.293750 0.343750 0.297917 0.354687 0.291667 0.356250 0.272917 0.362500 0.262500 0.357812 0.250000 0.343750 0.250000 0.328125 0.250000 0.315625 0.252083 0.303125 0.258333
7 0.743750 0.495833 0.735938 0.487500 0.732812 0.475000 0.723437 0.477083 0.715625 0.483333 0.715625 0.493750 0.704688 0.497917 0.703125 0.485417 0.693750 0.479167 0.682813 0.477083 0.673438 0.483333 0.670312 0.500000 0.664062 0.510417 0.664062 0.520833 0.671875 0.531250 0.682813 0.535417 0.695312 0.535417 0.707812 0.535417 0.718750 0.531250 0.728125 0.525000 0.737500 0.516667 0.742188 0.504167
7 0.457813 0.600000 0.442188 0.602083 0.434375 0.591667 0.425000 0.597917 0.421875 0.616667 0.421875 0.637500 0.425000 0.656250 0.428125 0.675000 0.429688 0.693750 0.437500 0.704167 0.446875 0.697917 0.457813 0.693750 0.473438 0.689583 0.475000 0.677083 0.462500 0.672917 0.450000 0.666667 0.448437 0.645833 0.456250 0.639583 0.467187 0.631250 0.467187 0.614583 0.459375 0.602083
7 0.251563 0.718750 0.221875 0.739583 0.190625 0.762500 0.181250 0.793750 0.176563 0.822917 0.193750 0.843750 0.209375 0.862500 0.223438 0.889583 0.250000 0.889583 0.271875 0.862500 0.296875 0.841667 0.323437 0.818750 0.351562 0.800000 0.368750 0.777083 0.360938 0.743750 0.345313 0.716667 0.328125 0.685417 0.309375 0.668750 0.285938 0.687500 0.262500 0.704167 0.239063 0.720833
7 0.373437 0.777083 0.354687 0.800000 0.340625 0.818750 0.317188 0.841667 0.301563 0.868750 0.284375 0.891667 0.285938 0.912500 0.303125 0.927083 0.320312 0.943750 0.337500 0.958333 0.353125 0.972917 0.370312 0.956250 0.387500 0.935417 0.410938 0.914583 0.428125 0.900000 0.442188 0.875000 0.448437 0.852083 0.437500 0.827083 0.417187 0.812500 0.393750 0.791667 0.375000 0.779167
7 0.471875 0.943750 0.460938 0.954167 0.443750 0.960417 0.429688 0.962500 0.417187 0.962500 0.401562 0.966667 0.389062 0.968750 0.385937 0.983333 0.384375 1.000000 0.396875 1.004167 0.407813 1.006250 0.421875 1.010417 0.434375 1.010417 0.448437 1.014583 0.467187 1.016667 0.479687 1.016667 0.490625 1.010417 0.487500 0.993750 0.482812 0.981250 0.479687 0.966667 0.475000 0.952083
