0 0.306250 0.225000 0.312500 0.250000 0.317188 0.262500 0.321875 0.275000 0.325000 0.285417 0.325000 0.291667 0.350000 0.291667 0.368750 0.285417 0.381250 0.281250 0.395313 0.279167 0.406250 0.275000 0.415625 0.268750 0.426563 0.262500 0.437500 0.254167 0.443750 0.247917 0.443750 0.237500 0.446875 0.225000 0.450000 0.210417 0.446875 0.197917 0.443750 0.187500 0.440625 0.179167 0.439063 0.168750
0 0.634375 0.429167 0.651563 0.487500 0.659375 0.516667 0.662500 0.550000 0.667188 0.572917 0.668750 0.593750 0.675000 0.618750 0.687500 0.631250 0.729688 0.616667 0.751563 0.610417 0.746875 0.560417 0.737500 0.518750 0.729688 0.481250 0.725000 0.450000 0.715625 0.416667 0.714063 0.397917 0.700000 0.397917 0.679688 0.406250 0.653125 0.412500 0.637500 0.418750 0.642188 0.443750
0 0.689063 0.668750 0.700000 0.716667 0.706250 0.750000 0.712500 0.781250 0.720313 0.806250 0.728125 0.837500 0.735938 0.856250 0.737500 0.893750 0.784375 0.887500 0.807813 0.879167 0.829688 0.872917 0.846875 0.862500 0.846875 0.835417 0.843750 0.791667 0.837500 0.750000 0.821875 0.712500 0.796875 0.666667 0.781250 0.637500 0.756250 0.631250 0.721875 0.650000 0.700000 0.660417 0.690625 0.668750
1 0.768750 0.331250 0.753125 0.322917 0.746875 0.322917 0.742188 0.322917 0.737500 0.325000 0.737500 0.343750 0.745313 0.375000 0.751563 0.393750 0.753125 0.400000 0.756250 0.406250 0.759375 0.412500 0.762500 0.418750 0.771875 0.412500 0.778125 0.406250 0.784375 0.404167 0.787500 0.400000 0.784375 0.387500 0.781250 0.368750 0.773438 0.350000 0.771875 0.337500 0.768750 0.331250 0.767188 0.322917
1 0.825000 0.487500 0.815625 0.493750 0.807813 0.504167 0.807813 0.518750 0.809375 0.535417 0.812500 0.550000 0.815625 0.562500 0.815625 0.572917 0.818750 0.575000 0.821875 0.581250 0.828125 0.581250 0.834375 0.581250 0.840625 0.579167 0.845313 0.575000 0.850000 0.572917 0.850000 0.566667 0.850000 0.550000 0.846875 0.537500 0.845313 0.525000 0.840625 0.516667 0.835938 0.504167 0.831250 0.493750 0.828125 0.487500
1 0.885938 0.660417 0.871875 0.662500 0.862500 0.666667 0.868750 0.681250 0.876563 0.706250 0.881250 0.716667 0.887500 0.735417 0.890625 0.743750 0.893750 0.754167 0.901563 0.760417 0.915625 0.756250 0.923438 0.756250 0.925000 0.750000 0.925000 0.735417 0.917188 0.718750 0.909375 0.706250 0.906250 0.697917 0.901563 0.687500 0.893750 0.679167 0.885938 0.668750 0.881250 0.662500 0.881250 0.654167
1 0.950000 0.829167 0.940625 0.843750 0.937500 0.850000 0.934375 0.856250 0.939063 0.866667 0.943750 0.875000 0.948438 0.881250 0.956250 0.893750 0.960938 0.904167 0.964063 0.906250 0.965625 0.912500 0.971875 0.906250 0.981250 0.900000 0.985938 0.897917 0.981250 0.887500 0.978125 0.868750 0.975000 0.860417 0.971875 0.850000 0.970313 0.843750 0.968750 0.835417 0.964063 0.831250 0.960938 0.825000 0.956250 0.825000
1 0.306250 0.360417 0.306250 0.375000 0.309375 0.381250 0.314063 0.381250 0.317188 0.387500 0.321875 0.387500 0.329688 0.385417 0.337500 0.379167 0.345313 0.375000 0.350000 0.375000 0.356250 0.372917 0.360938 0.368750 0.364063 0.368750 0.365625 0.360417 0.364063 0.350000 0.364063 0.341667 0.360938 0.335417 0.356250 0.335417 0.350000 0.335417 0.335938 0.341667 0.331250 0.341667 0.321875 0.347917 0.309375 0.350000
1 0.415625 0.285417 0.418750 0.300000 0.421875 0.306250 0.431250 0.306250 0.439063 0.297917 0.456250 0.291667 0.460938 0.287500 0.470313 0.285417 0.475000 0.281250 0.481250 0.279167 0.485938 0.268750 0.489063 0.266667 0.485938 0.262500 0.475000 0.262500 0.468750 0.262500 0.454688 0.262500 0.446875 0.262500 0.431250 0.268750 0.425000 0.268750 0.421875 0.275000 0.418750 0.281250 0.421875 0.291667
1 0.893750 0.012500 0.906250 0.018750 0.912500 0.029167 0.918750 0.031250 0.923438 0.041667 0.932813 0.037500 0.939063 0.029167 0.943750 0.018750 0.953125 0.016667 0.953125 0.012500 0.950000 0.004167 0.943750 0.004167 0.940625 0.000000 0.934375 0.004167 0.932813 0.004167 0.928125 0.006250 0.923438 0.010417 0.915625 0.012500 0.912500 0.016667 0.906250 0.016667 0.903125 0.018750
2 0.806250 0.381250 0.784375 0.393750 0.778125 0.400000 0.773438 0.406250 0.781250 0.422917 0.787500 0.435417 0.790625 0.443750 0.793750 0.456250 0.798438 0.468750 0.800000 0.481250 0.800000 0.493750 0.806250 0.500000 0.821875 0.500000 0.831250 0.487500 0.831250 0.485417 0.825000 0.460417 0.818750 0.443750 0.815625 0.425000 0.812500 0.412500 0.809375 0.400000 0.803125 0.391667
2 0.856250 0.562500 0.850000 0.572917 0.845313 0.575000 0.839063 0.581250 0.839063 0.587500 0.845313 0.610417 0.846875 0.622917 0.853125 0.631250 0.856250 0.643750 0.859375 0.650000 0.862500 0.656250 0.871875 0.654167 0.878125 0.650000 0.884375 0.643750 0.884375 0.631250 0.881250 0.612500 0.878125 0.604167 0.871875 0.593750 0.868750 0.587500 0.862500 0.581250 0.859375 0.572917 0.853125 0.566667
2 0.923438 0.750000 0.903125 0.760417 0.900000 0.766667 0.906250 0.781250 0.909375 0.793750 0.915625 0.812500 0.918750 0.822917 0.918750 0.831250 0.923438 0.837500 0.925000 0.847917 0.932813 0.843750 0.940625 0.835417 0.943750 0.831250 0.950000 0.825000 0.954688 0.818750 0.946875 0.804167 0.934375 0.787500 0.929688 0.775000 0.925000 0.762500 0.923438 0.756250 0.918750 0.747917
2 0.981250 0.912500 0.968750 0.916667 0.959375 0.918750 0.950000 0.925000 0.954688 0.935417 0.960938 0.943750 0.965625 0.956250 0.968750 0.962500 0.971875 0.968750 0.975000 0.975000 0.978125 0.979167 0.981250 0.987500 0.992188 0.975000 0.995313 0.968750 1.000000 0.962500 1.003125 0.962500 1.003125 0.947917 0.995313 0.918750 0.990625 0.904167 0.987500 0.897917 0.981250 0.893750 0.971875 0.904167 0.965625 0.906250
2 0.364063 0.322917 0.368750 0.331250 0.375000 0.347917 0.376563 0.356250 0.379688 0.362500 0.384375 0.356250 0.403125 0.343750 0.412500 0.337500 0.418750 0.335417 0.421875 0.331250 0.428125 0.331250 0.431250 0.318750 0.431250 0.306250 0.426563 0.306250 0.421875 0.300000 0.418750 0.293750 0.415625 0.291667 0.412500 0.287500 0.398438 0.300000 0.387500 0.306250 0.381250 0.312500 0.376563 0.312500 0.364063 0.318750
2 0.853125 0.025000 0.856250 0.031250 0.856250 0.037500 0.860938 0.043750 0.860938 0.050000 0.860938 0.056250 0.862500 0.062500 0.875000 0.056250 0.881250 0.054167 0.887500 0.054167 0.892188 0.050000 0.900000 0.050000 0.903125 0.043750 0.903125 0.037500 0.903125 0.031250 0.903125 0.025000 0.900000 0.018750 0.898438 0.016667 0.893750 0.016667 0.887500 0.016667 0.878125 0.025000 0.865625 0.029167 0.862500 0.031250 0.859375 0.031250
2 0.950000 0.000000 0.956250 0.010417 0.960938 0.016667 0.968750 0.018750 0.978125 0.016667 0.984375 0.012500 0.987500 0.012500 0.987500 0.010417 0.995313 0.010417 1.000000 0.006250 1.000000 0.004167 0.996875 0.000000 0.993750 0.000000 0.984375 0.000000 0.971875 0.000000 0.965625 0.000000 0.962500 0.000000 0.959375 0.004167 0.956250 0.004167 0.953125 0.006250
2 0.240625 0.412500 0.246875 0.429167 0.250000 0.435417 0.253125 0.437500 0.267188 0.431250 0.278125 0.418750 0.282813 0.418750 0.290625 0.416667 0.293750 0.412500 0.300000 0.406250 0.306250 0.404167 0.309375 0.397917 0.309375 0.387500 0.304688 0.375000 0.304688 0.368750 0.298438 0.372917 0.282813 0.381250 0.275000 0.387500 0.267188 0.393750 0.254688 0.400000
3 0.337500 0.079167 0.340625 0.087500 0.343750 0.093750 0.346875 0.100000 0.368750 0.100000 0.393750 0.097917 0.400000 0.093750 0.409375 0.093750 0.415625 0.093750 0.418750 0.093750 0.421875 0.087500 0.421875 0.072917 0.421875 0.062500 0.412500 0.062500 0.400000 0.062500 0.393750 0.062500 0.376563 0.060417 0.365625 0.060417 0.353125 0.060417 0.346875 0.060417 0.346875 0.068750 0.346875 0.081250 0.346875 0.087500
3 0.506250 0.137500 0.506250 0.156250 0.506250 0.172917 0.506250 0.185417 0.506250 0.200000 0.509375 0.206250 0.512500 0.212500 0.518750 0.212500 0.532813 0.212500 0.540625 0.212500 0.543750 0.210417 0.543750 0.185417 0.543750 0.162500 0.542188 0.150000 0.540625 0.137500 0.537500 0.131250 0.531250 0.131250 0.518750 0.131250 0.515625 0.129167 0.509375 0.131250 0.506250 0.137500 0.503125 0.143750
3 0.700000 0.018750 0.703125 0.031250 0.706250 0.037500 0.709375 0.050000 0.712500 0.054167 0.725000 0.054167 0.742188 0.050000 0.760938 0.043750 0.773438 0.037500 0.781250 0.031250 0.790625 0.025000 0.796875 0.022917 0.800000 0.012500 0.800000 0.000000 0.803125 -0.010417 0.790625 -0.006250 0.753125 0.000000 0.742188 0.000000 0.729688 0.004167 0.718750 0.004167 0.700000 0.004167 0.698438 0.012500
7 0.185938 0.177083 0.162500 0.179167 0.150000 0.183333 0.140625 0.191667 0.131250 0.202083 0.125000 0.212500 0.120313 0.227083 0.123438 0.250000 0.126562 0.275000 0.128125 0.291667 0.131250 0.308333 0.134375 0.318750 0.142187 0.325000 0.159375 0.312500 0.176563 0.302083 0.195312 0.287500 0.198437 0.275000 0.190625 0.243750 0.190625 0.206250 0.185938 0.183333 0.179688 0.179167
7 0.282813 0.039583 0.250000 0.054167 0.237500 0.064583 0.221875 0.075000 0.212500 0.083333 0.210938 0.100000 0.215625 0.116667 0.225000 0.129167 0.231250 0.141667 0.234375 0.154167 0.237500 0.166667 0.243750 0.177083 0.262500 0.172917 0.275000 0.162500 0.312500 0.137500 0.331250 0.120833 0.329688 0.110417 0.321875 0.083333 0.312500 0.068750 0.295312 0.047917 0.289062 0.041667
7 0.290625 0.000000 0.273438 0.004167 0.273438 0.012500 0.270313 0.029167 0.279687 0.047917 0.287500 0.060417 0.303125 0.093750 0.307812 0.102083 0.317188 0.106250 0.323437 0.116667 0.328125 0.112500 0.337500 0.093750 0.340625 0.081250 0.343750 0.068750 0.354687 0.060417 0.376563 0.054167 0.384375 0.047917 0.382812 0.037500 0.378125 0.020833 0.364063 0.010417 0.351562 0.000000 0.343750 -0.004167
7 0.603125 0.347917 0.585938 0.347917 0.573438 0.352083 0.562500 0.352083 0.557813 0.360417 0.562500 0.391667 0.578125 0.433333 0.584375 0.458333 0.585938 0.477083 0.585938 0.489583 0.590625 0.500000 0.601562 0.497917 0.612500 0.489583 0.617188 0.485417 0.620313 0.462500 0.615625 0.439583 0.609375 0.412500 0.606250 0.391667 0.603125 0.368750 0.600000 0.358333 0.598437 0.345833
6 0.757812 0.314583 0.746875 0.387500 0.781250 0.479167 0.809375 0.552083 0.834375 0.606250 0.860938 0.666667 0.885938 0.729167 0.910937 0.793750 0.937500 0.872917 0.960938 0.931250 0.981250 0.983333 0.998437 0.958333 0.978125 0.881250 0.957812 0.820833 0.928125 0.760417 0.906250 0.695833 0.875000 0.616667 0.845313 0.537500 0.818750 0.456250 0.789062 0.381250 0.751563 0.314583
6 0.857812 0.037500 0.856250 0.060417 0.864062 0.060417 0.878125 0.062500 0.890625 0.058333 0.903125 0.047917 0.915625 0.041667 0.935937 0.033333 0.960938 0.018750 0.975000 0.016667 0.985938 0.014583 0.990625 0.004167 0.976562 0.000000 0.964063 0.000000 0.951562 -0.004167 0.935937 -0.002083 0.923438 0.000000 0.910937 0.004167 0.900000 0.010417 0.887500 0.018750 0.875000 0.027083 0.864062 0.033333
6 0.495312 0.247917 0.445312 0.262500 0.420312 0.270833 0.398438 0.283333 0.384375 0.297917 0.367188 0.312500 0.350000 0.322917 0.331250 0.331250 0.315625 0.343750 0.307812 0.364583 0.310937 0.383333 0.328125 0.381250 0.346875 0.372917 0.373437 0.347917 0.389062 0.335417 0.409375 0.327083 0.434375 0.316667 0.450000 0.308333 0.464062 0.295833 0.481250 0.281250 0.492188 0.266667 0.490625 0.250000
7 0.470313 0.085417 0.457813 0.087500 0.440625 0.087500 0.409375 0.089583 0.395313 0.091667 0.379688 0.097917 0.370312 0.106250 0.370312 0.116667 0.371875 0.129167 0.376563 0.143750 0.382812 0.150000 0.409375 0.150000 0.431250 0.143750 0.443750 0.137500 0.460938 0.135417 0.467187 0.129167 0.473438 0.122917 0.475000 0.114583 0.473438 0.097917 0.470313 0.089583 0.470313 0.081250
