0 0.464844 0.485417 0.085938 0.170833
0 0.503906 0.688542 0.110937 0.197917
0 0.525000 0.912500 0.153125 0.212500
0 0.180469 0.228125 0.142187 0.089583
0 0.509375 0.132292 0.040625 0.097917
3 0.650781 0.086458 0.026562 0.131250
3 0.485156 0.019792 0.023438 0.039583
3 0.431250 0.000000 0.431250 0.000000 0.428125 0.000000 0.428125 0.000000 0.426563 0.000000 0.426563 0.000000 0.425000 0.000000 0.423438 0.000000 0.421875 0.000000 0.421875 0.000000 0.418750 0.000000 0.418750 0.000000 0.417187 0.000000 0.415625 0.000000 0.415625 0.000000 0.414062 0.000000 0.414062 0.000000 0.412500 0.000000 0.412500 0.000000 0.410938 0.000000 0.409375 0.000000 0.409375 0.000000 0.409375 0.000000 0.407813 0.000000 0.406250 0.000000 0.406250 0.000000 0.406250 0.000000 0.404687 0.000000 0.403125 0.000000 0.401562 0.000000 0.401562 0.000000 0.401562 0.000000 0.400000 0.000000 0.398438 0.000000 0.398438 0.000000
3 0.411719 0.046875 0.026562 0.093750
7 0.713281 0.356250 0.092188 0.108333
7 0.227344 0.890625 0.192188 0.152083
7 0.286719 0.138542 0.082812 0.072917
7 0.351562 0.111458 0.046875 0.093750
7 0.126562 0.536458 0.250000 0.297917
7 0.369531 0.410417 0.060937 0.137500
