4 0.473438 0.108333 0.454688 0.108333 0.434375 0.108333 0.410938 0.108333 0.384375 0.110417 0.384375 0.118750 0.384375 0.139583 0.387500 0.164583 0.389062 0.185417 0.390625 0.206250 0.393750 0.225000 0.406250 0.227083 0.418750 0.220833 0.432812 0.218750 0.450000 0.216667 0.467187 0.212500 0.479687 0.210417 0.479687 0.189583 0.478125 0.166667 0.475000 0.141667 0.475000 0.112500
4 0.664062 0.233333 0.646875 0.237500 0.634375 0.245833 0.621875 0.254167 0.606250 0.260417 0.593750 0.270833 0.589063 0.281250 0.596875 0.300000 0.604688 0.314583 0.610938 0.331250 0.617188 0.347917 0.625000 0.362500 0.646875 0.356250 0.662500 0.350000 0.678125 0.343750 0.690625 0.339583 0.687500 0.318750 0.682813 0.300000 0.673438 0.279167 0.665625 0.252083 0.662500 0.231250
4 0.459375 0.441667 0.442188 0.450000 0.446875 0.472917 0.451562 0.491667 0.454688 0.510417 0.457813 0.537500 0.462500 0.558333 0.475000 0.564583 0.490625 0.558333 0.507812 0.550000 0.526563 0.543750 0.543750 0.541667 0.543750 0.520833 0.539062 0.500000 0.535937 0.479167 0.532813 0.456250 0.525000 0.439583 0.509375 0.433333 0.490625 0.435417 0.475000 0.439583 0.457813 0.443750
4 0.376563 0.260417 0.359375 0.262500 0.343750 0.264583 0.326562 0.264583 0.309375 0.266667 0.295312 0.270833 0.290625 0.287500 0.290625 0.308333 0.290625 0.329167 0.292187 0.350000 0.295312 0.368750 0.303125 0.379167 0.318750 0.379167 0.335938 0.379167 0.356250 0.375000 0.371875 0.372917 0.389062 0.366667 0.384375 0.345833 0.381250 0.325000 0.381250 0.295833 0.381250 0.270833 0.375000 0.260417
7 0.687500 0.568750 0.693750 0.554167 0.696875 0.539583 0.690625 0.529167 0.682813 0.520833 0.665625 0.516667 0.660937 0.525000 0.654687 0.537500 0.648438 0.527083 0.637500 0.514583 0.623437 0.510417 0.612500 0.520833 0.610938 0.539583 0.604688 0.558333 0.610938 0.568750 0.625000 0.575000 0.629687 0.589583 0.643750 0.589583 0.651563 0.581250 0.660937 0.570833 0.675000 0.568750
7 0.359375 0.629167 0.342187 0.625000 0.335938 0.612500 0.323437 0.620833 0.320312 0.639583 0.318750 0.662500 0.317188 0.679167 0.317188 0.704167 0.317188 0.725000 0.323437 0.739583 0.332813 0.752083 0.342187 0.743750 0.357812 0.741667 0.367188 0.729167 0.367188 0.708333 0.356250 0.700000 0.343750 0.693750 0.348438 0.677083 0.362500 0.672917 0.367188 0.656250 0.365625 0.635417
7 0.290625 0.100000 0.270313 0.106250 0.260937 0.100000 0.259375 0.116667 0.262500 0.135417 0.262500 0.156250 0.257812 0.172917 0.259375 0.193750 0.267188 0.204167 0.279687 0.214583 0.285938 0.220833 0.300000 0.214583 0.307812 0.200000 0.307812 0.179167 0.298438 0.166667 0.285938 0.172917 0.285938 0.152083 0.300000 0.150000 0.300000 0.129167 0.295312 0.112500 0.290625 0.097917
7 0.260937 0.204167 0.243750 0.210417 0.229687 0.210417 0.214062 0.206250 0.201563 0.204167 0.185938 0.204167 0.173437 0.210417 0.173437 0.220833 0.176563 0.241667 0.181250 0.256250 0.190625 0.264583 0.206250 0.264583 0.217188 0.260417 0.218750 0.243750 0.226562 0.247917 0.234375 0.260417 0.245312 0.260417 0.259375 0.258333 0.267188 0.247917 0.268750 0.231250 0.270313 0.212500
7 0.245312 0.812500 0.221875 0.762500 0.206250 0.720833 0.181250 0.700000 0.153125 0.710417 0.121875 0.727083 0.104688 0.747917 0.082812 0.760417 0.054688 0.777083 0.029687 0.795833 0.018750 0.831250 0.028125 0.864583 0.043750 0.889583 0.060937 0.925000 0.084375 0.937500 0.115625 0.918750 0.140625 0.895833 0.167187 0.879167 0.206250 0.860417 0.237500 0.835417 0.242188 0.812500
7 0.264062 0.827083 0.231250 0.841667 0.209375 0.860417 0.181250 0.885417 0.153125 0.912500 0.135937 0.935417 0.132812 0.968750 0.145313 0.989583 0.164062 1.000000 0.187500 1.010417 0.206250 1.022917 0.231250 1.020833 0.256250 1.008333 0.279687 0.993750 0.296875 0.970833 0.312500 0.952083 0.326562 0.931250 0.321875 0.902083 0.304688 0.879167 0.285938 0.860417 0.268750 0.835417
8 0.720313 0.420833 0.695312 0.420833 0.675000 0.427083 0.656250 0.429167 0.635938 0.433333 0.617188 0.437500 0.601562 0.439583 0.596875 0.462500 0.596875 0.487500 0.598437 0.508333 0.614062 0.512500 0.631250 0.514583 0.650000 0.514583 0.670312 0.512500 0.689063 0.512500 0.706250 0.516667 0.721875 0.508333 0.729688 0.493750 0.731250 0.470833 0.731250 0.447917 0.723437 0.425000
8 0.137500 0.302083 0.135937 0.333333 0.135937 0.362500 0.145313 0.379167 0.156250 0.391667 0.173437 0.400000 0.189062 0.389583 0.209375 0.387500 0.232813 0.389583 0.254688 0.389583 0.275000 0.389583 0.281250 0.362500 0.281250 0.335417 0.279687 0.308333 0.262500 0.297917 0.240625 0.293750 0.217188 0.300000 0.189062 0.302083 0.168750 0.300000 0.148438 0.300000 0.134375 0.308333
3 0.600000 0.312500 0.593750 0.318750 0.589063 0.322917 0.584375 0.327083 0.581250 0.333333 0.578125 0.341667 0.578125 0.352083 0.578125 0.360417 0.578125 0.370833 0.579688 0.379167 0.584375 0.381250 0.592187 0.381250 0.596875 0.379167 0.601562 0.372917 0.604688 0.366667 0.606250 0.358333 0.606250 0.347917 0.606250 0.339583 0.606250 0.331250 0.606250 0.318750 0.604688 0.314583
