8 0.176563 0.389583 0.157812 0.389583 0.143750 0.393750 0.135937 0.406250 0.132812 0.427083 0.131250 0.447917 0.145313 0.450000 0.159375 0.454167 0.173437 0.456250 0.190625 0.456250 0.206250 0.456250 0.223438 0.456250 0.239063 0.456250 0.242188 0.439583 0.242188 0.416667 0.239063 0.402083 0.229687 0.391667 0.217188 0.387500 0.200000 0.389583 0.185938 0.389583 0.168750 0.389583
4 0.350000 0.301042 0.065625 0.093750
4 0.526563 0.366667 0.512500 0.366667 0.500000 0.372917 0.487500 0.379167 0.473438 0.381250 0.462500 0.387500 0.464062 0.406250 0.467187 0.420833 0.473438 0.435417 0.478125 0.452083 0.479687 0.468750 0.493750 0.466667 0.506250 0.460417 0.515625 0.456250 0.531250 0.452083 0.540625 0.443750 0.535937 0.427083 0.531250 0.406250 0.528125 0.389583 0.525000 0.372917
4 0.262500 0.362500 0.250000 0.362500 0.242188 0.368750 0.242188 0.385417 0.242188 0.402083 0.242188 0.425000 0.242188 0.443750 0.253125 0.443750 0.265625 0.443750 0.276562 0.445833 0.290625 0.445833 0.303125 0.445833 0.309375 0.439583 0.309375 0.418750 0.309375 0.402083 0.309375 0.385417 0.309375 0.366667 0.300000 0.360417 0.287500 0.360417 0.275000 0.358333 0.262500 0.358333 0.250000 0.358333
4 0.378125 0.551042 0.068750 0.085417
7 0.276562 0.243750 0.256250 0.233333 0.248438 0.227083 0.246875 0.237500 0.246875 0.252083 0.246875 0.264583 0.246875 0.281250 0.246875 0.293750 0.248438 0.308333 0.251563 0.320833 0.254688 0.331250 0.265625 0.331250 0.275000 0.325000 0.279687 0.316667 0.279687 0.302083 0.271875 0.297917 0.262500 0.293750 0.262500 0.281250 0.270313 0.277083 0.276562 0.270833 0.279687 0.260417
7 0.240625 0.310417 0.225000 0.308333 0.212500 0.306250 0.198437 0.306250 0.187500 0.308333 0.176563 0.314583 0.176563 0.329167 0.176563 0.345833 0.181250 0.360417 0.193750 0.360417 0.204687 0.358333 0.209375 0.347917 0.217188 0.341667 0.221875 0.352083 0.231250 0.360417 0.242188 0.360417 0.250000 0.350000 0.254688 0.335417 0.253125 0.322917 0.245312 0.314583 0.235937 0.310417
7 0.560937 0.602083 0.553125 0.591667 0.543750 0.589583 0.535937 0.595833 0.526563 0.595833 0.525000 0.583333 0.514062 0.581250 0.503125 0.581250 0.490625 0.581250 0.490625 0.595833 0.489063 0.610417 0.489063 0.625000 0.498437 0.635417 0.509375 0.639583 0.520312 0.645833 0.529687 0.643750 0.543750 0.635417 0.554688 0.635417 0.560937 0.625000 0.565625 0.612500 0.564063 0.602083
7 0.300000 0.647917 0.289062 0.639583 0.281250 0.635417 0.271875 0.639583 0.267188 0.652083 0.264062 0.668750 0.262500 0.683333 0.259375 0.700000 0.259375 0.714583 0.260937 0.727083 0.270313 0.731250 0.279687 0.733333 0.290625 0.731250 0.293750 0.720833 0.293750 0.706250 0.289062 0.695833 0.281250 0.691667 0.285938 0.683333 0.295312 0.679167 0.300000 0.670833 0.303125 0.658333 0.301563 0.645833
7 0.164062 0.672917 0.132812 0.689583 0.103125 0.700000 0.079687 0.710417 0.062500 0.722917 0.040625 0.737500 0.034375 0.760417 0.029687 0.783333 0.040625 0.808333 0.050000 0.835417 0.062500 0.852083 0.084375 0.845833 0.112500 0.831250 0.140625 0.818750 0.164062 0.802083 0.185938 0.787500 0.204687 0.777083 0.196875 0.750000 0.185938 0.722917 0.175000 0.697917 0.162500 0.672917
7 0.209375 0.779167 0.164062 0.793750 0.148438 0.808333 0.135937 0.829167 0.115625 0.847917 0.107813 0.868750 0.112500 0.895833 0.120313 0.916667 0.132812 0.935417 0.145313 0.950000 0.164062 0.956250 0.181250 0.945833 0.196875 0.929167 0.215625 0.912500 0.234375 0.900000 0.243750 0.883333 0.253125 0.862500 0.242188 0.841667 0.231250 0.822917 0.212500 0.791667
7 0.267188 0.968750 0.254688 0.968750 0.240625 0.968750 0.221875 0.966667 0.209375 0.962500 0.198437 0.962500 0.187500 0.966667 0.185938 0.977083 0.182812 0.989583 0.184375 1.004167 0.193750 1.004167 0.204687 1.004167 0.215625 1.006250 0.226562 1.010417 0.235937 1.012500 0.250000 1.014583 0.262500 1.016667 0.271875 1.014583 0.276562 1.002083 0.278125 0.987500 0.276562 0.975000 0.270313 0.968750
8 0.351562 0.681250 0.334375 0.681250 0.318750 0.683333 0.307812 0.689583 0.307812 0.712500 0.303125 0.733333 0.303125 0.758333 0.307812 0.777083 0.307812 0.797917 0.307812 0.818750 0.314063 0.835417 0.326562 0.841667 0.343750 0.841667 0.356250 0.835417 0.368750 0.818750 0.367188 0.795833 0.364063 0.777083 0.362500 0.754167 0.362500 0.733333 0.362500 0.710417 0.360938 0.689583 0.350000 0.679167
