2 0.296875 0.518750 0.296875 0.537500 0.296875 0.554167 0.298438 0.562500 0.306250 0.568750 0.317188 0.572917 0.325000 0.572917 0.340625 0.572917 0.350000 0.568750 0.362500 0.568750 0.371875 0.562500 0.379688 0.556250 0.381250 0.543750 0.384375 0.531250 0.381250 0.518750 0.378125 0.510417 0.367188 0.510417 0.353125 0.516667 0.337500 0.518750 0.321875 0.525000 0.309375 0.529167 0.300000 0.529167
2 0.485938 0.506250 0.471875 0.506250 0.462500 0.506250 0.457813 0.506250 0.450000 0.510417 0.446875 0.510417 0.443750 0.518750 0.443750 0.529167 0.446875 0.537500 0.450000 0.541667 0.454688 0.547917 0.462500 0.550000 0.470313 0.550000 0.475000 0.550000 0.485938 0.543750 0.493750 0.541667 0.496875 0.537500 0.500000 0.525000 0.493750 0.518750 0.490625 0.510417 0.485938 0.510417
2 0.581250 0.487500 0.564063 0.493750 0.557813 0.493750 0.550000 0.493750 0.548438 0.500000 0.550000 0.506250 0.550000 0.510417 0.553125 0.516667 0.553125 0.525000 0.553125 0.531250 0.554688 0.535417 0.559375 0.537500 0.565625 0.531250 0.573438 0.531250 0.578125 0.531250 0.581250 0.531250 0.589063 0.531250 0.590625 0.525000 0.590625 0.516667 0.590625 0.506250 0.587500 0.500000 0.585938 0.497917
2 0.628125 0.506250 0.037500 0.037500
2 0.690625 0.481250 0.682813 0.485417 0.678125 0.485417 0.673438 0.487500 0.668750 0.487500 0.662500 0.487500 0.659375 0.493750 0.659375 0.500000 0.662500 0.506250 0.665625 0.510417 0.668750 0.510417 0.671875 0.516667 0.675000 0.518750 0.679688 0.518750 0.687500 0.518750 0.690625 0.516667 0.693750 0.510417 0.693750 0.504167 0.693750 0.493750 0.690625 0.487500 0.690625 0.481250 0.689063 0.475000
2 0.737500 0.475000 0.728125 0.475000 0.721875 0.475000 0.720313 0.479167 0.715625 0.481250 0.715625 0.487500 0.715625 0.491667 0.718750 0.493750 0.718750 0.500000 0.721875 0.504167 0.721875 0.510417 0.725000 0.510417 0.731250 0.510417 0.735938 0.510417 0.740625 0.510417 0.742188 0.510417 0.742188 0.504167 0.742188 0.500000 0.742188 0.493750 0.740625 0.485417 0.737500 0.481250 0.737500 0.475000
1 0.293750 0.525000 0.270313 0.529167 0.262500 0.531250 0.256250 0.531250 0.253125 0.531250 0.253125 0.543750 0.253125 0.554167 0.253125 0.566667 0.253125 0.575000 0.254688 0.581250 0.262500 0.581250 0.270313 0.581250 0.275000 0.575000 0.287500 0.572917 0.293750 0.568750 0.300000 0.566667 0.304688 0.562500 0.303125 0.550000 0.300000 0.537500 0.300000 0.529167 0.293750 0.516667
1 0.439063 0.506250 0.423438 0.510417 0.418750 0.510417 0.409375 0.510417 0.400000 0.516667 0.393750 0.518750 0.387500 0.518750 0.379688 0.518750 0.379688 0.529167 0.384375 0.537500 0.387500 0.543750 0.390625 0.550000 0.393750 0.556250 0.398438 0.562500 0.407813 0.560417 0.418750 0.550000 0.431250 0.547917 0.437500 0.543750 0.440625 0.537500 0.440625 0.522917 0.439063 0.510417 0.437500 0.504167
1 0.548438 0.491667 0.528125 0.500000 0.518750 0.500000 0.512500 0.500000 0.503125 0.500000 0.500000 0.506250 0.500000 0.516667 0.500000 0.525000 0.503125 0.531250 0.506250 0.541667 0.510938 0.550000 0.518750 0.550000 0.528125 0.550000 0.534375 0.543750 0.540625 0.541667 0.546875 0.535417 0.550000 0.531250 0.548438 0.516667 0.543750 0.504167 0.542188 0.493750 0.534375 0.487500 0.528125 0.491667
1 0.612500 0.493750 0.600000 0.493750 0.596875 0.493750 0.590625 0.493750 0.587500 0.497917 0.585938 0.500000 0.585938 0.506250 0.587500 0.510417 0.589063 0.516667 0.590625 0.518750 0.590625 0.525000 0.595313 0.525000 0.600000 0.525000 0.603125 0.525000 0.606250 0.525000 0.610938 0.522917 0.612500 0.516667 0.610938 0.510417 0.610938 0.506250 0.609375 0.500000 0.606250 0.493750 0.606250 0.487500
1 0.659375 0.487500 0.653125 0.491667 0.650000 0.493750 0.646875 0.493750 0.643750 0.497917 0.643750 0.500000 0.643750 0.506250 0.643750 0.510417 0.643750 0.516667 0.648438 0.518750 0.653125 0.518750 0.657813 0.518750 0.659375 0.518750 0.662500 0.516667 0.667188 0.516667 0.667188 0.510417 0.667188 0.504167 0.667188 0.500000 0.665625 0.493750 0.662500 0.487500 0.662500 0.485417
1 0.712500 0.485417 0.704688 0.485417 0.700000 0.485417 0.696875 0.485417 0.690625 0.487500 0.690625 0.491667 0.690625 0.500000 0.690625 0.504167 0.690625 0.506250 0.693750 0.510417 0.696875 0.510417 0.700000 0.516667 0.706250 0.516667 0.709375 0.516667 0.714063 0.510417 0.715625 0.510417 0.720313 0.506250 0.720313 0.500000 0.720313 0.491667 0.718750 0.485417 0.715625 0.485417
1 0.773438 0.472917 0.767188 0.475000 0.762500 0.475000 0.756250 0.475000 0.753125 0.479167 0.751563 0.481250 0.746875 0.481250 0.745313 0.485417 0.743750 0.487500 0.743750 0.493750 0.745313 0.500000 0.746875 0.504167 0.746875 0.506250 0.751563 0.510417 0.756250 0.510417 0.759375 0.506250 0.762500 0.506250 0.767188 0.504167 0.768750 0.497917 0.771875 0.493750 0.773438 0.487500 0.773438 0.481250 0.771875 0.481250 0.768750 0.475000
3 0.262500 0.454167 0.284375 0.460417 0.300000 0.450000 0.301563 0.406250 0.290625 0.362500 0.287500 0.318750 0.278125 0.279167 0.275000 0.250000 0.271875 0.218750 0.243750 0.212500 0.212500 0.218750 0.190625 0.225000 0.196875 0.266667 0.193750 0.304167 0.187500 0.350000 0.193750 0.387500 0.200000 0.412500 0.207813 0.437500 0.212500 0.462500 0.239063 0.460417 0.259375 0.460417
6 0.770312 0.481250 0.712500 0.477083 0.660937 0.481250 0.612500 0.493750 0.570312 0.491667 0.517188 0.491667 0.462500 0.504167 0.404687 0.508333 0.343750 0.518750 0.289062 0.531250 0.253125 0.556250 0.289062 0.568750 0.342187 0.564583 0.406250 0.556250 0.465625 0.554167 0.543750 0.545833 0.606250 0.533333 0.678125 0.522917 0.729688 0.510417 0.781250 0.495833 0.765625 0.477083
7 0.414062 0.914583 0.406250 0.893750 0.398438 0.875000 0.392188 0.854167 0.378125 0.841667 0.353125 0.837500 0.334375 0.841667 0.317188 0.847917 0.296875 0.852083 0.275000 0.860417 0.257812 0.868750 0.257812 0.891667 0.257812 0.920833 0.270313 0.964583 0.282813 0.975000 0.301563 0.962500 0.323437 0.952083 0.342187 0.941667 0.362500 0.933333 0.389062 0.925000 0.407813 0.918750
3 0.001563 0.987500 0.014063 0.987500 0.025000 0.987500 0.034375 0.983333 0.040625 0.970833 0.035937 0.954167 0.032813 0.939583 0.031250 0.920833 0.026562 0.904167 0.020313 0.887500 0.014063 0.879167 0.003125 0.875000 0.001563 0.881250 0.004687 0.893750 0.003125 0.908333 0.001563 0.922917 0.001563 0.939583 0.001563 0.952083 0.001563 0.966667 0.001563 0.981250 0.004687 0.993750
