0 0.500000 0.377083 0.490625 0.414583 0.468750 0.439583 0.426563 0.458333 0.398438 0.466667 0.385937 0.493750 0.400000 0.514583 0.387500 0.537500 0.393750 0.566667 0.446875 0.589583 0.509375 0.620833 0.500000 0.591667 0.543750 0.558333 0.548438 0.520833 0.559375 0.487500 0.585938 0.464583 0.604688 0.431250 0.585938 0.408333 0.551562 0.387500 0.515625 0.375000 0.501563 0.389583
0 0.321875 0.431250 0.342187 0.400000 0.371875 0.383333 0.398438 0.364583 0.421875 0.345833 0.434375 0.320833 0.404687 0.308333 0.370312 0.304167 0.346875 0.285417 0.321875 0.289583 0.303125 0.325000 0.279687 0.341667 0.243750 0.354167 0.207813 0.370833 0.231250 0.383333 0.225000 0.414583 0.203125 0.439583 0.250000 0.443750 0.262500 0.468750 0.298438 0.475000 0.309375 0.443750
0 0.328125 0.716667 0.285938 0.710417 0.253125 0.689583 0.228125 0.727083 0.210938 0.770833 0.201563 0.833333 0.156250 0.843750 0.114062 0.868750 0.089063 0.902083 0.073438 0.939583 0.114062 1.002083 0.165625 1.018750 0.232813 1.020833 0.276562 0.993750 0.293750 0.929167 0.306250 0.877083 0.345313 0.856250 0.360938 0.795833 0.392188 0.770833 0.362500 0.735417 0.318750 0.706250
0 0.342187 0.110417 0.165625 0.058333
0 0.376563 0.063542 0.131250 0.064583
0 0.733594 0.087500 0.067187 0.112500
7 0.837500 0.745833 0.265625 0.491667
7 0.239844 0.165625 0.114062 0.047917
7 0.218750 0.197917 0.181250 0.218750 0.171875 0.235417 0.181250 0.260417 0.190625 0.283333 0.195312 0.295833 0.203125 0.308333 0.217188 0.297917 0.228125 0.291667 0.243750 0.281250 0.278125 0.268750 0.285938 0.254167 0.292187 0.235417 0.295312 0.216667 0.298438 0.197917 0.300000 0.168750 0.279687 0.164583 0.262500 0.164583 0.232813 0.175000 0.210938 0.183333 0.206250 0.200000
7 0.783594 0.102083 0.054688 0.066667
