0 0.382031 0.158333 0.070312 0.116667
0 0.217969 0.371875 0.145313 0.047917
0 0.741406 0.382292 0.132812 0.043750
0 0.480469 0.714583 0.107813 0.179167
7 0.131250 0.759375 0.181250 0.156250
7 0.274219 0.240625 0.117188 0.056250
7 0.317188 0.190625 0.031250 0.110417
7 0.731250 0.482292 0.087500 0.043750
1 0.307812 0.058333 0.018750 0.033333
1 0.313281 0.125000 0.026562 0.029167
1 0.006250 0.384375 0.018750 0.035417
1 0.179688 0.439583 0.179688 0.441667 0.176563 0.443750 0.173437 0.443750 0.171875 0.443750 0.170313 0.443750 0.168750 0.445833 0.168750 0.445833 0.167187 0.447917 0.165625 0.447917 0.165625 0.447917 0.165625 0.447917 0.162500 0.447917 0.162500 0.447917 0.160938 0.447917 0.159375 0.450000 0.156250 0.450000 0.156250 0.452083 0.156250 0.452083 0.154688 0.452083 0.153125 0.452083 0.153125 0.452083 0.151562 0.452083 0.150000 0.452083 0.148438 0.452083 0.146875 0.452083 0.143750 0.452083 0.143750 0.452083 0.140625 0.452083 0.140625 0.452083 0.140625 0.454167 0.140625 0.456250 0.140625 0.458333 0.142187 0.460417 0.142187 0.460417 0.143750 0.464583 0.143750 0.464583 0.143750 0.464583
1 0.073438 0.470833 0.065625 0.470833 0.059375 0.470833 0.056250 0.470833 0.050000 0.470833 0.045312 0.472917 0.040625 0.475000 0.039062 0.481250 0.039062 0.489583 0.037500 0.493750 0.037500 0.500000 0.042188 0.504167 0.053125 0.504167 0.059375 0.504167 0.062500 0.500000 0.067187 0.497917 0.071875 0.491667 0.076563 0.483333 0.079687 0.477083 0.079687 0.470833 0.075000 0.468750
1 0.995313 0.264583 0.993750 0.264583 0.990625 0.264583 0.990625 0.266667 0.989062 0.268750 0.989062 0.270833 0.989062 0.275000 0.989062 0.279167 0.989062 0.279167 0.989062 0.283333 0.990625 0.283333 0.992188 0.283333 0.993750 0.283333 0.995313 0.283333 0.996875 0.279167 1.000000 0.279167 1.000000 0.275000 1.000000 0.275000 1.000000 0.270833 1.000000 0.266667 1.000000 0.266667 0.996875 0.262500 0.993750 0.262500
1 0.964063 0.152083 0.960938 0.154167 0.959375 0.156250 0.957812 0.158333 0.953125 0.160417 0.951562 0.162500 0.950000 0.166667 0.950000 0.168750 0.951562 0.172917 0.957812 0.175000 0.960938 0.175000 0.967187 0.175000 0.970313 0.175000 0.975000 0.175000 0.976562 0.175000 0.979688 0.168750 0.981250 0.162500 0.982812 0.158333 0.981250 0.154167 0.975000 0.154167 0.967187 0.154167 0.964063 0.154167 0.960938 0.154167
1 0.945312 0.429167 0.935937 0.429167 0.932813 0.429167 0.928125 0.433333 0.923438 0.441667 0.920312 0.447917 0.920312 0.454167 0.923438 0.460417 0.932813 0.460417 0.945312 0.460417 0.950000 0.460417 0.954688 0.456250 0.959375 0.454167 0.962500 0.447917 0.970313 0.443750 0.971875 0.439583 0.971875 0.433333 0.970313 0.429167 0.960938 0.427083 0.953125 0.427083 0.946875 0.427083 0.939063 0.427083
1 0.906250 0.162500 0.904687 0.162500 0.900000 0.162500 0.896875 0.162500 0.893750 0.160417 0.890625 0.160417 0.887500 0.160417 0.885938 0.162500 0.884375 0.166667 0.884375 0.170833 0.884375 0.172917 0.885938 0.179167 0.887500 0.179167 0.890625 0.179167 0.893750 0.179167 0.896875 0.179167 0.900000 0.179167 0.901563 0.179167 0.903125 0.175000 0.903125 0.170833 0.903125 0.166667 0.900000 0.162500 0.898438 0.158333
1 0.945312 0.268750 0.940625 0.268750 0.932813 0.275000 0.928125 0.279167 0.923438 0.283333 0.923438 0.287500 0.923438 0.291667 0.923438 0.295833 0.928125 0.295833 0.932813 0.295833 0.939063 0.295833 0.942187 0.295833 0.945312 0.295833 0.948438 0.291667 0.953125 0.287500 0.954688 0.285417 0.954688 0.279167 0.954688 0.275000 0.950000 0.268750 0.943750 0.266667 0.939063 0.264583 0.934375 0.264583
1 0.878125 0.443750 0.871875 0.443750 0.865625 0.443750 0.860938 0.443750 0.856250 0.447917 0.853125 0.452083 0.851562 0.454167 0.848437 0.460417 0.848437 0.462500 0.848437 0.466667 0.850000 0.470833 0.856250 0.472917 0.864062 0.472917 0.867188 0.472917 0.871875 0.475000 0.876563 0.475000 0.881250 0.475000 0.881250 0.468750 0.884375 0.460417 0.884375 0.456250 0.884375 0.452083 0.884375 0.447917 0.884375 0.443750 0.881250 0.437500
1 0.881250 0.281250 0.879687 0.279167 0.871875 0.279167 0.870313 0.283333 0.864062 0.287500 0.860938 0.289583 0.857812 0.291667 0.853125 0.295833 0.851562 0.300000 0.857812 0.306250 0.865625 0.308333 0.871875 0.314583 0.879687 0.314583 0.884375 0.314583 0.889062 0.314583 0.893750 0.310417 0.895312 0.308333 0.896875 0.300000 0.896875 0.293750 0.896875 0.289583 0.893750 0.285417 0.889062 0.279167 0.884375 0.279167 0.881250 0.279167 0.879687 0.279167
1 0.826562 0.172917 0.821875 0.172917 0.818750 0.170833 0.809375 0.170833 0.804688 0.170833 0.800000 0.170833 0.796875 0.172917 0.796875 0.179167 0.796875 0.183333 0.801562 0.185417 0.809375 0.189583 0.812500 0.189583 0.817187 0.189583 0.820312 0.189583 0.823438 0.189583 0.828125 0.187500 0.831250 0.183333 0.835938 0.179167 0.835938 0.172917 0.829688 0.170833 0.818750 0.172917
1 0.739062 0.187500 0.739062 0.183333 0.732812 0.183333 0.728125 0.183333 0.725000 0.183333 0.720313 0.183333 0.718750 0.187500 0.718750 0.191667 0.720313 0.195833 0.723437 0.197917 0.726562 0.197917 0.731250 0.197917 0.739062 0.197917 0.742188 0.197917 0.745313 0.195833 0.748437 0.193750 0.754687 0.193750 0.757812 0.189583 0.757812 0.183333 0.754687 0.183333 0.750000 0.181250 0.745313 0.181250 0.742188 0.181250 0.739062 0.181250
1 0.787500 0.295833 0.784375 0.295833 0.778125 0.295833 0.770312 0.300000 0.767188 0.302083 0.764062 0.306250 0.760938 0.312500 0.760938 0.318750 0.760938 0.325000 0.765625 0.327083 0.771875 0.331250 0.781250 0.331250 0.785937 0.331250 0.792188 0.331250 0.795312 0.329167 0.800000 0.322917 0.803125 0.318750 0.804688 0.314583 0.806250 0.310417 0.806250 0.304167 0.803125 0.300000 0.800000 0.297917 0.793750 0.295833
1 0.770312 0.472917 0.760938 0.472917 0.751563 0.477083 0.746875 0.481250 0.742188 0.483333 0.735938 0.487500 0.734375 0.493750 0.732812 0.500000 0.735938 0.500000 0.742188 0.504167 0.750000 0.504167 0.757812 0.504167 0.764062 0.502083 0.767188 0.500000 0.771875 0.500000 0.775000 0.493750 0.778125 0.491667 0.781250 0.485417 0.781250 0.477083 0.773438 0.475000
1 0.650000 0.189583 0.645312 0.189583 0.640625 0.189583 0.637500 0.189583 0.631250 0.189583 0.628125 0.189583 0.621875 0.193750 0.618750 0.193750 0.615625 0.197917 0.612500 0.202083 0.612500 0.206250 0.615625 0.206250 0.621875 0.210417 0.628125 0.210417 0.634375 0.210417 0.640625 0.210417 0.645312 0.210417 0.651563 0.210417 0.654687 0.208333 0.657813 0.206250 0.662500 0.202083 0.664062 0.195833 0.662500 0.193750 0.657813 0.191667
1 0.679688 0.322917 0.675000 0.320833 0.662500 0.325000 0.654687 0.329167 0.650000 0.331250 0.645312 0.335417 0.642188 0.335417 0.642188 0.339583 0.645312 0.343750 0.654687 0.347917 0.665625 0.350000 0.676562 0.350000 0.687500 0.347917 0.690625 0.343750 0.693750 0.341667 0.696875 0.335417 0.700000 0.335417 0.703125 0.331250 0.703125 0.325000 0.696875 0.322917 0.687500 0.322917
1 0.548438 0.008333 0.548438 0.008333 0.546875 0.008333 0.545312 0.008333 0.542188 0.008333 0.540625 0.008333 0.540625 0.008333 0.540625 0.010417 0.540625 0.010417 0.540625 0.012500 0.540625 0.012500 0.540625 0.012500 0.540625 0.014583 0.543750 0.016667 0.543750 0.016667 0.543750 0.016667 0.545312 0.016667 0.546875 0.014583 0.548438 0.014583 0.548438 0.012500 0.548438 0.012500 0.548438 0.010417 0.548438 0.010417 0.548438 0.008333 0.548438 0.008333 0.548438 0.004167 0.548438 0.004167 0.548438 0.002083 0.548438 0.002083
1 0.560937 0.041667 0.557813 0.041667 0.550000 0.050000 0.546875 0.050000 0.545312 0.054167 0.545312 0.060417 0.548438 0.064583 0.548438 0.068750 0.551562 0.072917 0.556250 0.077083 0.559375 0.079167 0.562500 0.081250 0.565625 0.081250 0.570312 0.081250 0.573438 0.081250 0.573438 0.077083 0.573438 0.070833 0.573438 0.064583 0.573438 0.054167 0.571875 0.050000 0.568750 0.043750 0.565625 0.041667 0.557813 0.037500
1 0.582812 0.118750 0.581250 0.120833 0.579688 0.125000 0.579688 0.133333 0.579688 0.137500 0.579688 0.141667 0.582812 0.145833 0.585938 0.150000 0.589063 0.152083 0.593750 0.152083 0.596875 0.152083 0.600000 0.150000 0.601562 0.145833 0.603125 0.139583 0.603125 0.133333 0.603125 0.129167 0.600000 0.122917 0.596875 0.118750 0.592187 0.116667 0.587500 0.114583 0.585938 0.110417 0.582812 0.110417
1 0.723437 0.572917 0.718750 0.572917 0.712500 0.577083 0.709375 0.579167 0.709375 0.583333 0.709375 0.589583 0.709375 0.593750 0.709375 0.602083 0.712500 0.608333 0.712500 0.614583 0.712500 0.618750 0.715625 0.625000 0.718750 0.629167 0.721875 0.633333 0.725000 0.637500 0.728125 0.639583 0.731250 0.639583 0.735938 0.639583 0.739062 0.639583 0.742188 0.637500
1 0.770312 0.710417 0.764062 0.710417 0.754687 0.710417 0.746875 0.710417 0.743750 0.712500 0.742188 0.714583 0.742188 0.722917 0.745313 0.727083 0.746875 0.733333 0.750000 0.739583 0.754687 0.747917 0.754687 0.752083 0.759375 0.762500 0.764062 0.772917 0.767188 0.779167 0.767188 0.783333 0.770312 0.787500 0.771875 0.791667 0.773438 0.795833 0.776563 0.795833 0.781250 0.791667 0.784375 0.791667 0.787500 0.787500 0.790625 0.785417
1 0.814063 0.872917 0.806250 0.875000 0.803125 0.879167 0.803125 0.883333 0.803125 0.887500 0.803125 0.897917 0.806250 0.902083 0.806250 0.908333 0.809375 0.910417 0.809375 0.916667 0.812500 0.925000 0.815625 0.933333 0.815625 0.939583 0.818750 0.945833 0.820312 0.947917 0.823438 0.947917 0.826562 0.947917 0.831250 0.947917 0.834375 0.947917 0.837500 0.943750 0.839063 0.937500
1 0.632812 0.910417 0.625000 0.906250 0.615625 0.904167 0.612500 0.906250 0.612500 0.916667 0.612500 0.925000 0.612500 0.933333 0.612500 0.943750 0.612500 0.956250 0.614062 0.964583 0.615625 0.972917 0.617188 0.981250 0.618750 0.993750 0.621875 1.000000 0.626563 1.006250 0.631250 1.006250 0.637500 1.004167 0.643750 1.002083 0.648438 1.002083 0.651563 1.002083 0.654687 1.000000
1 0.590625 0.745833 0.585938 0.745833 0.582812 0.745833 0.578125 0.745833 0.573438 0.747917 0.568750 0.750000 0.567187 0.754167 0.567187 0.766667 0.570312 0.779167 0.571875 0.787500 0.573438 0.791667 0.573438 0.795833 0.575000 0.802083 0.576562 0.808333 0.578125 0.814583 0.578125 0.818750 0.579688 0.822917 0.582812 0.827083 0.585938 0.829167 0.590625 0.829167 0.600000 0.827083 0.603125 0.827083 0.607812 0.825000
1 0.548438 0.575000 0.543750 0.572917 0.540625 0.577083 0.534375 0.579167 0.528125 0.581250 0.528125 0.587500 0.528125 0.600000 0.529687 0.610417 0.531250 0.614583 0.531250 0.620833 0.531250 0.627083 0.532813 0.633333 0.534375 0.637500 0.535937 0.643750 0.537500 0.650000 0.540625 0.652083 0.543750 0.652083 0.548438 0.652083 0.553125 0.652083 0.556250 0.652083 0.560937 0.652083 0.564063 0.652083 0.565625 0.652083
1 0.392188 0.662500 0.389062 0.662500 0.387500 0.664583 0.379688 0.666667 0.375000 0.668750 0.370312 0.672917 0.370312 0.677083 0.367188 0.681250 0.367188 0.689583 0.367188 0.693750 0.367188 0.697917 0.367188 0.702083 0.367188 0.706250 0.370312 0.708333 0.371875 0.712500 0.373437 0.714583 0.376563 0.714583 0.379688 0.714583 0.384375 0.714583 0.389062 0.714583 0.392188 0.714583 0.393750 0.714583 0.396875 0.714583 0.400000 0.712500
1 0.420312 0.804167 0.415625 0.804167 0.409375 0.804167 0.406250 0.806250 0.401562 0.808333 0.398438 0.810417 0.398438 0.818750 0.398438 0.822917 0.401562 0.831250 0.403125 0.835417 0.404687 0.841667 0.406250 0.847917 0.406250 0.854167 0.407813 0.860417 0.409375 0.868750 0.409375 0.875000 0.410938 0.881250 0.410938 0.889583 0.412500 0.895833 0.412500 0.904167 0.415625 0.908333 0.420312 0.908333 0.425000 0.908333 0.429688 0.908333
1 0.442188 0.983333 0.439063 0.981250 0.437500 0.981250 0.435937 0.981250 0.434375 0.983333 0.431250 0.985417 0.431250 0.987500 0.428125 0.991667 0.428125 0.993750 0.428125 0.995833 0.428125 1.000000 0.431250 1.000000 0.432812 1.000000 0.434375 1.000000 0.435937 1.000000 0.437500 1.000000 0.439063 1.000000 0.440625 1.000000 0.443750 1.000000 0.443750 0.997917 0.446875 0.995833 0.446875 0.993750 0.450000 0.989583 0.450000 0.987500 0.450000 0.985417 0.450000 0.981250 0.450000 0.977083 0.446875 0.975000 0.446875 0.972917
1 0.342187 0.558333 0.331250 0.558333 0.320312 0.562500 0.312500 0.566667 0.304688 0.570833 0.298438 0.577083 0.298438 0.585417 0.298438 0.593750 0.307812 0.597917 0.317188 0.600000 0.325000 0.600000 0.342187 0.595833 0.348438 0.593750 0.356250 0.591667 0.365625 0.585417 0.371875 0.579167 0.376563 0.570833 0.373437 0.562500 0.364063 0.558333 0.356250 0.556250 0.346875 0.554167
1 0.225000 0.585417 0.210938 0.589583 0.192188 0.589583 0.187500 0.593750 0.184375 0.595833 0.181250 0.597917 0.179688 0.602083 0.179688 0.610417 0.182812 0.612500 0.187500 0.616667 0.195312 0.618750 0.203125 0.618750 0.209375 0.618750 0.215625 0.618750 0.221875 0.618750 0.225000 0.618750 0.228125 0.616667 0.231250 0.608333 0.232813 0.606250 0.232813 0.600000 0.232813 0.591667 0.228125 0.589583 0.218750 0.589583
1 0.110937 0.610417 0.101562 0.610417 0.095312 0.610417 0.089063 0.612500 0.081250 0.616667 0.076563 0.618750 0.071875 0.627083 0.067187 0.631250 0.064062 0.637500 0.064062 0.643750 0.064062 0.650000 0.071875 0.652083 0.082812 0.652083 0.089063 0.652083 0.098437 0.652083 0.101562 0.650000 0.107813 0.645833 0.114062 0.641667 0.117188 0.637500 0.120313 0.629167 0.120313 0.622917 0.118750 0.614583 0.110937 0.606250
1 0.087500 0.339583 0.085938 0.343750 0.082812 0.345833 0.079687 0.352083 0.079687 0.358333 0.079687 0.362500 0.079687 0.366667 0.082812 0.368750 0.092188 0.368750 0.098437 0.368750 0.103125 0.368750 0.107813 0.368750 0.110937 0.368750 0.114062 0.368750 0.117188 0.364583 0.118750 0.360417 0.120313 0.358333 0.120313 0.354167 0.120313 0.347917 0.120313 0.341667 0.120313 0.339583 0.114062 0.339583 0.109375 0.339583 0.104688 0.339583 0.098437 0.339583 0.096875 0.339583 0.095312 0.339583
1 0.207813 0.306250 0.203125 0.310417 0.198437 0.314583 0.195312 0.314583 0.192188 0.318750 0.189062 0.322917 0.185938 0.325000 0.184375 0.331250 0.184375 0.335417 0.192188 0.341667 0.200000 0.343750 0.207813 0.343750 0.210938 0.343750 0.215625 0.341667 0.220312 0.337500 0.221875 0.331250 0.225000 0.325000 0.226562 0.320833 0.228125 0.314583 0.228125 0.308333 0.225000 0.304167 0.220312 0.302083
1 0.304688 0.279167 0.301563 0.279167 0.298438 0.279167 0.292187 0.283333 0.285938 0.287500 0.282813 0.293750 0.281250 0.300000 0.281250 0.308333 0.287500 0.314583 0.295312 0.314583 0.300000 0.314583 0.307812 0.314583 0.315625 0.312500 0.321875 0.308333 0.328125 0.304167 0.331250 0.300000 0.334375 0.295833 0.337500 0.291667 0.337500 0.285417 0.337500 0.281250 0.334375 0.277083 0.326562 0.275000 0.317188 0.270833
2 0.307812 0.016667 0.304688 0.016667 0.301563 0.018750 0.300000 0.020833 0.298438 0.025000 0.295312 0.029167 0.295312 0.033333 0.295312 0.037500 0.295312 0.041667 0.300000 0.043750 0.301563 0.045833 0.304688 0.045833 0.309375 0.047917 0.312500 0.047917 0.315625 0.047917 0.317188 0.043750 0.317188 0.039583 0.317188 0.033333 0.317188 0.031250 0.317188 0.027083 0.314063 0.020833 0.312500 0.020833 0.310937 0.020833
2 0.321875 0.077083 0.318750 0.077083 0.315625 0.077083 0.312500 0.079167 0.304688 0.083333 0.304688 0.085417 0.301563 0.089583 0.300000 0.091667 0.298438 0.093750 0.298438 0.097917 0.300000 0.102083 0.304688 0.104167 0.309375 0.106250 0.315625 0.106250 0.320312 0.106250 0.323437 0.106250 0.325000 0.106250 0.329688 0.102083 0.331250 0.097917 0.332813 0.093750 0.332813 0.089583 0.332813 0.085417 0.331250 0.079167 0.328125 0.075000
2 0.551562 0.010417 0.548438 0.010417 0.546875 0.012500 0.543750 0.016667 0.542188 0.018750 0.540625 0.020833 0.540625 0.025000 0.540625 0.027083 0.540625 0.029167 0.540625 0.031250 0.540625 0.033333 0.540625 0.033333 0.543750 0.035417 0.548438 0.035417 0.548438 0.035417 0.551562 0.035417 0.554688 0.035417 0.556250 0.033333 0.557813 0.029167 0.557813 0.027083 0.557813 0.020833 0.557813 0.016667 0.557813 0.012500 0.557813 0.008333 0.557813 0.004167
2 0.582812 0.077083 0.578125 0.081250 0.576562 0.083333 0.573438 0.087500 0.571875 0.089583 0.570312 0.093750 0.570312 0.097917 0.570312 0.100000 0.570312 0.102083 0.570312 0.106250 0.570312 0.110417 0.570312 0.112500 0.570312 0.114583 0.570312 0.116667 0.570312 0.118750 0.571875 0.118750 0.573438 0.118750 0.576562 0.118750 0.578125 0.116667 0.579688 0.116667 0.582812 0.114583 0.582812 0.110417 0.582812 0.106250 0.584375 0.102083 0.584375 0.100000 0.584375 0.093750 0.584375 0.089583 0.582812 0.085417 0.582812 0.085417
2 0.598437 0.147917 0.595313 0.147917 0.593750 0.150000 0.590625 0.160417 0.587500 0.166667 0.587500 0.168750 0.587500 0.172917 0.590625 0.179167 0.593750 0.179167 0.595313 0.181250 0.600000 0.183333 0.601562 0.183333 0.603125 0.183333 0.606250 0.183333 0.609375 0.183333 0.612500 0.183333 0.615625 0.181250 0.617188 0.175000 0.618750 0.170833 0.618750 0.162500 0.615625 0.158333 0.610938 0.154167 0.600000 0.145833 0.596875 0.143750
2 0.696875 0.175000 0.695312 0.175000 0.690625 0.179167 0.682813 0.183333 0.676562 0.189583 0.673438 0.195833 0.670312 0.197917 0.670312 0.202083 0.670312 0.206250 0.670312 0.212500 0.675000 0.214583 0.681250 0.214583 0.687500 0.214583 0.693750 0.214583 0.696875 0.212500 0.696875 0.210417 0.700000 0.206250 0.703125 0.202083 0.704688 0.202083 0.706250 0.197917 0.706250 0.193750 0.706250 0.189583 0.701562 0.179167 0.696875 0.175000
2 0.784375 0.164583 0.781250 0.164583 0.776563 0.166667 0.773438 0.166667 0.770312 0.175000 0.767188 0.179167 0.765625 0.183333 0.765625 0.187500 0.765625 0.189583 0.767188 0.195833 0.770312 0.195833 0.776563 0.195833 0.781250 0.193750 0.784375 0.191667 0.787500 0.189583 0.789062 0.189583 0.790625 0.185417 0.792188 0.183333 0.793750 0.179167 0.793750 0.175000 0.790625 0.170833 0.787500 0.168750
2 0.845313 0.158333 0.840625 0.160417 0.835938 0.166667 0.832812 0.168750 0.832812 0.172917 0.831250 0.177083 0.831250 0.181250 0.831250 0.183333 0.832812 0.189583 0.835938 0.189583 0.840625 0.189583 0.845313 0.189583 0.848437 0.189583 0.851562 0.189583 0.851562 0.187500 0.853125 0.183333 0.854688 0.179167 0.854688 0.172917 0.853125 0.170833 0.851562 0.168750 0.845313 0.162500
2 0.940625 0.150000 0.935937 0.150000 0.934375 0.150000 0.932813 0.154167 0.931250 0.158333 0.931250 0.162500 0.931250 0.168750 0.931250 0.172917 0.931250 0.175000 0.932813 0.179167 0.935937 0.179167 0.939063 0.179167 0.942187 0.179167 0.945312 0.179167 0.950000 0.177083 0.951562 0.172917 0.953125 0.166667 0.953125 0.162500 0.953125 0.156250 0.951562 0.150000
2 0.973437 0.266667 0.970313 0.266667 0.968750 0.268750 0.965625 0.272917 0.964063 0.275000 0.960938 0.279167 0.960938 0.283333 0.959375 0.291667 0.959375 0.293750 0.959375 0.297917 0.960938 0.300000 0.964063 0.300000 0.965625 0.295833 0.968750 0.293750 0.970313 0.291667 0.971875 0.287500 0.975000 0.283333 0.976562 0.279167 0.978125 0.275000 0.978125 0.268750
2 0.906250 0.279167 0.906250 0.279167 0.903125 0.279167 0.903125 0.281250 0.900000 0.283333 0.900000 0.285417 0.900000 0.287500 0.900000 0.289583 0.900000 0.291667 0.900000 0.297917 0.901563 0.304167 0.904687 0.308333 0.906250 0.310417 0.909375 0.310417 0.910937 0.310417 0.912500 0.310417 0.915625 0.308333 0.917188 0.302083 0.918750 0.300000 0.918750 0.295833 0.918750 0.291667 0.918750 0.291667 0.918750 0.287500 0.918750 0.283333 0.915625 0.283333 0.912500 0.283333 0.904687 0.283333
2 0.835938 0.287500 0.832812 0.287500 0.829688 0.289583 0.826562 0.291667 0.823438 0.295833 0.820312 0.297917 0.817187 0.302083 0.815625 0.308333 0.815625 0.312500 0.815625 0.316667 0.815625 0.318750 0.818750 0.322917 0.826562 0.322917 0.831250 0.322917 0.835938 0.320833 0.839063 0.318750 0.842187 0.314583 0.843750 0.310417 0.845313 0.308333 0.848437 0.302083 0.848437 0.297917 0.848437 0.295833 0.843750 0.291667
2 0.754687 0.314583 0.751563 0.314583 0.746875 0.314583 0.740625 0.314583 0.735938 0.314583 0.731250 0.314583 0.725000 0.314583 0.718750 0.314583 0.712500 0.318750 0.704688 0.320833 0.703125 0.325000 0.701562 0.329167 0.701562 0.335417 0.703125 0.339583 0.709375 0.341667 0.712500 0.343750 0.721875 0.343750 0.728125 0.343750 0.734375 0.341667 0.739062 0.335417 0.743750 0.333333 0.746875 0.331250 0.748437 0.327083 0.748437 0.325000 0.748437 0.318750 0.748437 0.316667
2 0.981250 0.418750 0.981250 0.418750 0.981250 0.420833 0.981250 0.420833 0.981250 0.425000 0.979688 0.429167 0.979688 0.431250 0.979688 0.433333 0.979688 0.435417 0.979688 0.437500 0.979688 0.437500 0.979688 0.439583 0.981250 0.439583 0.982812 0.439583 0.982812 0.439583 0.984375 0.437500 0.984375 0.437500 0.984375 0.437500 0.985938 0.437500 0.987500 0.435417 0.987500 0.433333 0.987500 0.433333 0.987500 0.433333 0.989062 0.433333 0.989062 0.431250 0.990625 0.431250 0.990625 0.429167 0.990625 0.429167 0.990625 0.427083 0.990625 0.425000 0.990625 0.425000 0.990625 0.425000 0.990625 0.422917 0.990625 0.420833 0.990625 0.420833 0.990625 0.420833 0.985938 0.420833 0.979688 0.420833 0.979688 0.420833
2 0.910937 0.433333 0.906250 0.433333 0.903125 0.433333 0.900000 0.437500 0.898438 0.441667 0.898438 0.447917 0.898438 0.452083 0.898438 0.456250 0.898438 0.460417 0.900000 0.464583 0.903125 0.468750 0.906250 0.468750 0.909375 0.468750 0.912500 0.468750 0.915625 0.468750 0.918750 0.464583 0.920312 0.460417 0.923438 0.456250 0.923438 0.452083 0.923438 0.447917 0.923438 0.439583 0.923438 0.433333 0.923438 0.431250 0.923438 0.425000 0.917188 0.425000
2 0.839063 0.456250 0.831250 0.460417 0.825000 0.464583 0.817187 0.468750 0.806250 0.472917 0.800000 0.477083 0.796875 0.479167 0.795312 0.481250 0.795312 0.489583 0.800000 0.493750 0.807813 0.493750 0.818750 0.493750 0.826562 0.493750 0.834375 0.493750 0.840625 0.493750 0.848437 0.489583 0.853125 0.485417 0.854688 0.481250 0.854688 0.472917 0.854688 0.468750 0.848437 0.466667 0.843750 0.464583 0.837500 0.464583 0.832812 0.464583
2 0.712500 0.520833 0.709375 0.520833 0.707812 0.520833 0.704688 0.527083 0.701562 0.533333 0.700000 0.537500 0.700000 0.541667 0.696875 0.545833 0.696875 0.550000 0.696875 0.554167 0.696875 0.558333 0.700000 0.560417 0.703125 0.560417 0.709375 0.560417 0.715625 0.554167 0.718750 0.550000 0.720313 0.547917 0.720313 0.541667 0.720313 0.537500 0.720313 0.531250 0.718750 0.520833 0.717187 0.516667 0.712500 0.510417 0.710938 0.510417
2 0.735938 0.641667 0.739062 0.645833 0.739062 0.650000 0.739062 0.658333 0.739062 0.664583 0.740625 0.672917 0.743750 0.683333 0.746875 0.697917 0.748437 0.708333 0.751563 0.714583 0.757812 0.716667 0.762500 0.718750 0.767188 0.716667 0.770312 0.710417 0.770312 0.704167 0.770312 0.695833 0.767188 0.687500 0.764062 0.677083 0.760938 0.666667 0.757812 0.660417 0.754687 0.656250 0.750000 0.652083 0.745313 0.647917
2 0.790625 0.797917 0.789062 0.802083 0.789062 0.808333 0.789062 0.818750 0.789062 0.829167 0.789062 0.835417 0.789062 0.845833 0.789062 0.852083 0.793750 0.862500 0.796875 0.868750 0.800000 0.875000 0.804688 0.877083 0.809375 0.879167 0.814063 0.875000 0.814063 0.864583 0.814063 0.858333 0.812500 0.852083 0.809375 0.843750 0.804688 0.833333 0.801562 0.829167 0.796875 0.825000 0.793750 0.818750 0.790625 0.812500 0.789062 0.806250
2 0.835938 0.943750 0.832812 0.950000 0.829688 0.958333 0.826562 0.964583 0.825000 0.975000 0.825000 0.985417 0.825000 0.991667 0.825000 1.000000 0.829688 1.002083 0.834375 1.002083 0.839063 1.002083 0.845313 1.000000 0.848437 0.993750 0.848437 0.985417 0.848437 0.979167 0.848437 0.970833 0.846875 0.960417 0.842187 0.956250 0.839063 0.952083 0.835938 0.947917 0.831250 0.947917
2 0.604688 0.818750 0.600000 0.825000 0.595313 0.835417 0.590625 0.845833 0.585938 0.856250 0.585938 0.864583 0.585938 0.879167 0.589063 0.887500 0.592187 0.895833 0.596875 0.897917 0.603125 0.902083 0.609375 0.904167 0.615625 0.904167 0.618750 0.900000 0.621875 0.887500 0.623437 0.883333 0.623437 0.875000 0.623437 0.868750 0.621875 0.860417 0.617188 0.854167 0.614062 0.847917 0.609375 0.843750 0.604688 0.839583 0.601562 0.835417
2 0.560937 0.662500 0.554688 0.662500 0.548438 0.668750 0.545312 0.677083 0.543750 0.691667 0.543750 0.702083 0.548438 0.714583 0.556250 0.722917 0.564063 0.731250 0.573438 0.735417 0.579688 0.735417 0.585938 0.735417 0.590625 0.735417 0.593750 0.727083 0.593750 0.716667 0.590625 0.704167 0.584375 0.693750 0.579688 0.689583 0.575000 0.683333 0.570312 0.679167
2 0.396875 0.718750 0.392188 0.722917 0.387500 0.722917 0.384375 0.731250 0.382812 0.745833 0.382812 0.754167 0.382812 0.762500 0.384375 0.770833 0.389062 0.781250 0.392188 0.785417 0.398438 0.787500 0.404687 0.787500 0.409375 0.787500 0.414062 0.789583 0.418750 0.783333 0.420312 0.772917 0.421875 0.760417 0.421875 0.750000 0.418750 0.743750 0.415625 0.735417 0.409375 0.729167 0.404687 0.722917
2 0.431250 0.912500 0.428125 0.912500 0.425000 0.912500 0.420312 0.914583 0.418750 0.920833 0.418750 0.931250 0.418750 0.939583 0.418750 0.947917 0.421875 0.956250 0.425000 0.964583 0.428125 0.968750 0.431250 0.970833 0.434375 0.970833 0.437500 0.968750 0.437500 0.962500 0.439063 0.956250 0.439063 0.952083 0.439063 0.945833 0.439063 0.939583 0.439063 0.931250 0.435937 0.922917 0.429688 0.912500 0.421875 0.910417
2 0.059375 0.627083 0.053125 0.625000 0.043750 0.625000 0.035937 0.625000 0.031250 0.625000 0.025000 0.627083 0.020313 0.629167 0.015625 0.633333 0.012500 0.637500 0.009375 0.641667 0.007812 0.645833 0.010937 0.654167 0.018750 0.658333 0.025000 0.658333 0.031250 0.658333 0.037500 0.658333 0.043750 0.654167 0.048438 0.650000 0.053125 0.647917 0.056250 0.645833 0.062500 0.639583 0.064062 0.633333 0.064062 0.625000 0.059375 0.620833
2 0.143750 0.597917 0.139063 0.602083 0.135937 0.606250 0.131250 0.610417 0.131250 0.616667 0.131250 0.622917 0.134375 0.627083 0.139063 0.627083 0.143750 0.629167 0.148438 0.629167 0.154688 0.631250 0.159375 0.633333 0.162500 0.633333 0.168750 0.633333 0.173437 0.633333 0.176563 0.629167 0.178125 0.622917 0.178125 0.616667 0.178125 0.612500 0.173437 0.610417 0.165625 0.610417 0.153125 0.608333 0.146875 0.606250
2 0.021875 0.479167 0.020313 0.475000 0.017188 0.475000 0.010937 0.475000 0.007812 0.475000 0.001563 0.477083 -0.001563 0.481250 -0.004687 0.485417 -0.006250 0.489583 -0.006250 0.493750 -0.004687 0.500000 -0.001563 0.504167 0.000000 0.508333 0.004687 0.508333 0.007812 0.508333 0.014063 0.510417 0.020313 0.510417 0.028125 0.508333 0.032813 0.504167 0.034375 0.497917 0.034375 0.491667 0.031250 0.487500 0.026562 0.481250 0.023438 0.479167
2 0.045312 0.352083 0.039062 0.352083 0.034375 0.356250 0.029687 0.358333 0.026562 0.360417 0.021875 0.364583 0.014063 0.370833 0.010937 0.375000 0.010937 0.381250 0.010937 0.387500 0.014063 0.391667 0.021875 0.391667 0.028125 0.391667 0.035937 0.391667 0.046875 0.391667 0.051562 0.391667 0.056250 0.387500 0.059375 0.385417 0.062500 0.381250 0.067187 0.375000 0.071875 0.368750 0.071875 0.364583 0.071875 0.358333 0.068750 0.354167 0.065625 0.352083
2 0.150000 0.329167 0.146875 0.329167 0.143750 0.329167 0.140625 0.331250 0.137500 0.335417 0.134375 0.339583 0.132812 0.347917 0.132812 0.356250 0.134375 0.364583 0.139063 0.364583 0.143750 0.364583 0.150000 0.364583 0.157812 0.362500 0.162500 0.360417 0.165625 0.358333 0.168750 0.354167 0.173437 0.347917 0.176563 0.343750 0.176563 0.339583 0.176563 0.335417 0.173437 0.329167 0.168750 0.329167
6 0.687500 0.529167 0.700000 0.562500 0.709375 0.610417 0.723437 0.670833 0.739062 0.735417 0.760938 0.802083 0.784375 0.858333 0.803125 0.918750 0.818750 0.964583 0.832812 1.000000 0.851562 0.993750 0.843750 0.947917 0.832812 0.908333 0.814063 0.852083 0.798438 0.797917 0.782813 0.731250 0.770312 0.685417 0.754687 0.650000 0.742188 0.612500 0.723437 0.577083 0.700000 0.533333
6 0.750000 0.502083 0.803125 0.495833 0.848437 0.489583 0.890625 0.485417 0.926562 0.481250 0.948438 0.475000 0.971875 0.468750 0.990625 0.458333 1.003125 0.450000 1.015625 0.437500 1.010938 0.420833 0.990625 0.416667 0.960938 0.418750 0.923438 0.431250 0.885938 0.443750 0.857812 0.452083 0.832812 0.454167 0.812500 0.456250 0.776563 0.468750 0.756250 0.485417 0.754687 0.506250
6 0.656250 0.314583 0.639062 0.335417 0.670312 0.347917 0.706250 0.345833 0.735938 0.341667 0.767188 0.333333 0.807813 0.325000 0.854688 0.322917 0.893750 0.308333 0.935937 0.302083 0.971875 0.293750 1.001562 0.287500 1.017187 0.264583 0.995313 0.250000 0.948438 0.266667 0.806250 0.285417 0.771875 0.289583 0.734375 0.295833 0.707812 0.306250 0.676562 0.318750 0.651563 0.322917
6 0.531250 0.004167 0.557813 0.068750 0.582812 0.122917 0.603125 0.179167 0.648438 0.202083 0.706250 0.191667 0.770312 0.183333 0.839063 0.183333 0.975000 0.175000 0.993750 0.154167 0.951562 0.141667 0.881250 0.152083 0.815625 0.156250 0.754687 0.156250 0.693750 0.162500 0.645312 0.170833 0.620313 0.150000 0.609375 0.095833 0.590625 0.050000 0.564063 0.012500 0.537500 -0.004167
6 0.000000 0.391667 0.050000 0.375000 0.085938 0.368750 0.118750 0.362500 0.159375 0.352083 0.195312 0.343750 0.229687 0.337500 0.267188 0.325000 0.289062 0.318750 0.318750 0.314583 0.335938 0.295833 0.328125 0.275000 0.293750 0.285417 0.253125 0.302083 0.214062 0.310417 0.156250 0.325000 0.112500 0.331250 0.068750 0.345833 0.037500 0.350000 -0.012500 0.366667 -0.001563 0.387500
6 0.003125 0.508333 0.043750 0.493750 0.073438 0.489583 0.106250 0.483333 0.142187 0.479167 0.182812 0.470833 0.218750 0.462500 0.259375 0.454167 0.292187 0.443750 0.315625 0.429167 0.317188 0.408333 0.282813 0.410417 0.250000 0.420833 0.221875 0.427083 0.189062 0.433333 0.143750 0.447917 0.109375 0.456250 0.078125 0.460417 0.046875 0.466667 0.000000 0.477083 -0.009375 0.493750
6 0.026562 0.618750 -0.012500 0.633333 0.004687 0.660417 0.039062 0.660417 0.079687 0.662500 0.115625 0.662500 0.151562 0.656250 0.182812 0.647917 0.225000 0.629167 0.268750 0.614583 0.315625 0.606250 0.356250 0.597917 0.378125 0.572917 0.337500 0.566667 0.290625 0.577083 0.242188 0.589583 0.195312 0.600000 0.135937 0.616667 0.089063 0.629167 0.054688 0.633333 0.028125 0.629167
6 0.367188 0.672917 0.367188 0.706250 0.370312 0.743750 0.378125 0.791667 0.385937 0.850000 0.392188 0.897917 0.401562 0.939583 0.417187 0.981250 0.431250 1.000000 0.451562 0.989583 0.450000 0.956250 0.443750 0.925000 0.431250 0.891667 0.425000 0.852083 0.409375 0.791667 0.407813 0.758333 0.407813 0.718750 0.401562 0.683333 0.389062 0.664583 0.367188 0.664583 0.362500 0.689583
6 0.521875 0.589583 0.540625 0.641667 0.554688 0.697917 0.565625 0.768750 0.576562 0.814583 0.582812 0.860417 0.593750 0.900000 0.607812 0.954167 0.618750 0.989583 0.640625 1.008333 0.653125 0.981250 0.643750 0.939583 0.634375 0.906250 0.621875 0.858333 0.609375 0.797917 0.585938 0.735417 0.573438 0.683333 0.560937 0.631250 0.556250 0.589583 0.531250 0.572917 0.521875 0.600000
