0 0.868750 0.300000 0.825000 0.322917 0.776563 0.339583 0.750000 0.366667 0.764062 0.420833 0.778125 0.452083 0.793750 0.500000 0.806250 0.533333 0.812500 0.625000 0.840625 0.633333 0.881250 0.625000 0.912500 0.610417 0.939063 0.595833 0.943750 0.566667 0.915625 0.550000 0.904687 0.512500 0.895312 0.472917 0.887500 0.429167 0.881250 0.383333 0.875000 0.339583 0.865625 0.295833
0 0.443750 0.993750 0.432812 0.968750 0.403125 0.975000 0.379688 0.979167 0.353125 0.966667 0.326562 0.960417 0.295312 0.952083 0.262500 0.933333 0.225000 0.922917 0.207813 0.941667 0.198437 0.977083 0.204687 0.997917 0.229687 0.997917 0.262500 0.997917 0.296875 0.997917 0.325000 0.997917 0.353125 1.000000 0.384375 1.004167 0.423438 1.004167 0.446875 1.002083
7 0.460938 0.747917 0.423438 0.758333 0.390625 0.758333 0.350000 0.766667 0.328125 0.779167 0.310937 0.800000 0.312500 0.835417 0.321875 0.864583 0.340625 0.887500 0.364063 0.860417 0.376563 0.835417 0.385937 0.818750 0.400000 0.818750 0.400000 0.850000 0.410938 0.864583 0.439063 0.872917 0.464062 0.860417 0.473438 0.837500 0.476562 0.808333 0.467187 0.772917 0.457813 0.752083
7 1.000000 0.425000 0.945312 0.420833 0.935937 0.439583 0.942187 0.472917 0.945312 0.497917 0.953125 0.520833 0.973437 0.525000 0.981250 0.541667 0.975000 0.560417 0.954688 0.577083 0.948438 0.602083 0.953125 0.639583 0.970313 0.662500 0.990625 0.664583 1.007812 0.654167 1.007812 0.622917 1.007812 0.593750 1.007812 0.550000 1.006250 0.516667 1.001562 0.481250 0.993750 0.447917
3 0.789062 0.683333 0.754687 0.702083 0.715625 0.714583 0.690625 0.714583 0.671875 0.727083 0.662500 0.745833 0.670312 0.766667 0.682813 0.781250 0.700000 0.791667 0.706250 0.802083 0.712500 0.827083 0.717187 0.856250 0.721875 0.875000 0.746875 0.868750 0.767188 0.847917 0.793750 0.831250 0.793750 0.802083 0.792188 0.768750 0.790625 0.735417 0.790625 0.693750 0.789062 0.672917
6 0.843750 0.000000 0.806250 0.000000 0.809375 0.037500 0.828125 0.077083 0.842187 0.129167 0.857812 0.172917 0.867188 0.225000 0.884375 0.279167 0.893750 0.327083 0.903125 0.368750 0.915625 0.414583 0.929688 0.450000 0.960938 0.441667 0.964063 0.393750 0.953125 0.347917 0.935937 0.285417 0.918750 0.235417 0.893750 0.175000 0.868750 0.104167 0.842187 0.033333
6 0.631250 0.004167 0.603125 0.037500 0.609375 0.116667 0.621875 0.202083 0.640625 0.266667 0.637500 0.279167 0.650000 0.335417 0.667188 0.400000 0.676562 0.481250 0.689063 0.558333 0.700000 0.645833 0.725000 0.695833 0.751563 0.662500 0.742188 0.587500 0.725000 0.504167 0.710938 0.408333 0.695312 0.331250 0.684375 0.235417 0.662500 0.143750 0.651563 0.050000 0.631250 -0.006250
6 0.454688 0.072917 0.423438 0.089583 0.421875 0.160417 0.423438 0.237500 0.426563 0.314583 0.428125 0.381250 0.428125 0.439583 0.421875 0.497917 0.418750 0.577083 0.425000 0.654167 0.429688 0.722917 0.440625 0.772917 0.476562 0.754167 0.476562 0.679167 0.479687 0.593750 0.473438 0.497917 0.470313 0.387500 0.462500 0.295833 0.464062 0.225000 0.462500 0.160417 0.457813 0.077083
6 0.301563 0.808333 0.262500 0.810417 0.223438 0.816667 0.193750 0.818750 0.164062 0.818750 0.132812 0.822917 0.101562 0.827083 0.042188 0.831250 0.010937 0.831250 0.000000 0.856250 0.012500 0.881250 0.043750 0.883333 0.084375 0.883333 0.137500 0.881250 0.178125 0.879167 0.220312 0.875000 0.262500 0.868750 0.296875 0.864583 0.321875 0.843750 0.315625 0.808333 0.292187 0.802083
6 0.398438 0.802083 0.389062 0.804167 0.385937 0.804167 0.381250 0.808333 0.378125 0.812500 0.375000 0.818750 0.373437 0.825000 0.373437 0.831250 0.373437 0.839583 0.373437 0.845833 0.373437 0.852083 0.376563 0.856250 0.381250 0.858333 0.385937 0.858333 0.390625 0.856250 0.392188 0.852083 0.393750 0.845833 0.396875 0.839583 0.398438 0.833333 0.400000 0.827083 0.400000 0.820833 0.398438 0.814583 0.396875 0.808333
6 0.987500 0.525000 0.975000 0.525000 0.968750 0.520833 0.960938 0.520833 0.954688 0.516667 0.951562 0.520833 0.948438 0.527083 0.945312 0.533333 0.945312 0.541667 0.945312 0.550000 0.945312 0.554167 0.945312 0.562500 0.948438 0.568750 0.950000 0.572917 0.957812 0.572917 0.965625 0.568750 0.973437 0.566667 0.978125 0.564583 0.979688 0.560417 0.982812 0.550000 0.984375 0.541667 0.985938 0.533333 0.987500 0.529167
6 0.978125 0.662500 0.976562 0.672917 0.976562 0.679167 0.976562 0.687500 0.978125 0.693750 0.979688 0.697917 0.981250 0.702083 0.984375 0.708333 0.990625 0.710417 1.000000 0.710417 1.003125 0.708333 1.004687 0.702083 1.004687 0.695833 1.006250 0.689583 1.006250 0.679167 1.006250 0.670833 1.006250 0.664583 1.006250 0.658333 1.003125 0.654167 1.000000 0.654167 0.993750 0.656250 0.987500 0.658333
1 0.832812 0.002083 0.829688 0.004167 0.825000 0.004167 0.820312 0.004167 0.818750 0.004167 0.815625 0.008333 0.812500 0.008333 0.809375 0.010417 0.809375 0.016667 0.809375 0.020833 0.809375 0.027083 0.812500 0.029167 0.814063 0.031250 0.818750 0.029167 0.825000 0.027083 0.831250 0.025000 0.832812 0.020833 0.835938 0.020833 0.839063 0.018750 0.839063 0.016667 0.837500 0.006250 0.835938 0.000000 0.834375 -0.004167
1 0.871875 0.110417 0.862500 0.110417 0.856250 0.110417 0.848437 0.116667 0.845313 0.122917 0.845313 0.133333 0.845313 0.143750 0.845313 0.156250 0.846875 0.164583 0.851562 0.175000 0.856250 0.181250 0.860938 0.187500 0.868750 0.183333 0.878125 0.181250 0.885938 0.179167 0.890625 0.172917 0.885938 0.162500 0.879687 0.143750 0.878125 0.129167 0.875000 0.118750 0.873437 0.110417
1 0.912500 0.247917 0.903125 0.247917 0.895312 0.247917 0.890625 0.250000 0.884375 0.270833 0.885938 0.279167 0.890625 0.287500 0.893750 0.300000 0.898438 0.308333 0.903125 0.320833 0.907813 0.331250 0.910937 0.339583 0.912500 0.350000 0.918750 0.352083 0.932813 0.350000 0.940625 0.347917 0.943750 0.337500 0.935937 0.318750 0.929688 0.302083 0.923438 0.275000 0.918750 0.262500 0.915625 0.250000
1 0.978125 0.531250 0.975000 0.531250 0.970313 0.531250 0.965625 0.531250 0.960938 0.531250 0.957812 0.531250 0.956250 0.533333 0.954688 0.537500 0.953125 0.539583 0.951562 0.543750 0.951562 0.550000 0.953125 0.552083 0.954688 0.554167 0.957812 0.554167 0.960938 0.560417 0.965625 0.566667 0.968750 0.568750 0.971875 0.568750 0.975000 0.562500 0.976562 0.554167 0.978125 0.550000 0.978125 0.545833 0.978125 0.541667 0.978125 0.537500 0.978125 0.533333
1 0.734375 0.543750 0.723437 0.545833 0.709375 0.554167 0.698438 0.556250 0.693750 0.566667 0.696875 0.583333 0.700000 0.597917 0.703125 0.610417 0.704688 0.625000 0.709375 0.637500 0.712500 0.650000 0.715625 0.662500 0.721875 0.672917 0.731250 0.675000 0.739062 0.666667 0.746875 0.645833 0.748437 0.629167 0.742188 0.614583 0.739062 0.602083 0.732812 0.581250 0.728125 0.562500 0.726562 0.547917
1 0.692187 0.335417 0.678125 0.339583 0.670312 0.339583 0.665625 0.343750 0.665625 0.354167 0.665625 0.364583 0.667188 0.375000 0.668750 0.385417 0.671875 0.397917 0.673438 0.410417 0.676562 0.420833 0.679688 0.425000 0.690625 0.425000 0.696875 0.425000 0.703125 0.420833 0.706250 0.410417 0.706250 0.395833 0.703125 0.381250 0.700000 0.368750 0.700000 0.358333 0.698438 0.345833 0.696875 0.335417
2 0.835938 0.025000 0.825000 0.033333 0.818750 0.033333 0.817187 0.041667 0.818750 0.047917 0.821875 0.058333 0.826562 0.068750 0.831250 0.077083 0.832812 0.085417 0.834375 0.093750 0.835938 0.097917 0.837500 0.106250 0.842187 0.106250 0.848437 0.106250 0.856250 0.104167 0.860938 0.100000 0.860938 0.091667 0.856250 0.077083 0.850000 0.060417 0.845313 0.050000 0.843750 0.037500 0.839063 0.025000 0.837500 0.016667
2 0.893750 0.181250 0.878125 0.193750 0.873437 0.193750 0.867188 0.193750 0.867188 0.206250 0.867188 0.218750 0.868750 0.229167 0.870313 0.239583 0.873437 0.245833 0.876563 0.250000 0.881250 0.250000 0.890625 0.250000 0.896875 0.247917 0.901563 0.245833 0.906250 0.239583 0.907813 0.229167 0.906250 0.218750 0.900000 0.208333 0.895312 0.195833 0.890625 0.189583 0.887500 0.181250
2 0.946875 0.352083 0.939063 0.354167 0.931250 0.356250 0.923438 0.358333 0.918750 0.362500 0.917188 0.368750 0.918750 0.391667 0.921875 0.404167 0.923438 0.412500 0.926562 0.420833 0.928125 0.427083 0.932813 0.433333 0.935937 0.437500 0.943750 0.437500 0.948438 0.437500 0.953125 0.425000 0.954688 0.408333 0.954688 0.395833 0.954688 0.381250 0.948438 0.368750 0.945312 0.352083 0.942187 0.345833
2 0.996875 0.658333 0.987500 0.662500 0.984375 0.666667 0.982812 0.670833 0.982812 0.675000 0.982812 0.681250 0.982812 0.687500 0.982812 0.693750 0.984375 0.695833 0.987500 0.697917 0.990625 0.702083 0.993750 0.702083 0.996875 0.697917 0.998437 0.693750 0.998437 0.689583 0.996875 0.681250 0.995313 0.675000 0.995313 0.668750 0.993750 0.664583 0.993750 0.660417 0.993750 0.654167
2 0.304688 0.808333 0.275000 0.812500 0.267188 0.814583 0.259375 0.814583 0.250000 0.816667 0.240625 0.818750 0.234375 0.822917 0.231250 0.833333 0.231250 0.843750 0.228125 0.852083 0.231250 0.860417 0.239063 0.862500 0.250000 0.862500 0.262500 0.862500 0.273438 0.862500 0.281250 0.860417 0.289062 0.858333 0.295312 0.854167 0.303125 0.843750 0.304688 0.835417 0.307812 0.822917 0.310937 0.808333
2 0.148438 0.839583 0.143750 0.835417 0.137500 0.831250 0.131250 0.831250 0.123438 0.831250 0.114062 0.835417 0.110937 0.839583 0.106250 0.843750 0.103125 0.852083 0.101562 0.864583 0.101562 0.872917 0.110937 0.877083 0.118750 0.877083 0.125000 0.877083 0.131250 0.877083 0.139063 0.877083 0.143750 0.872917 0.150000 0.864583 0.153125 0.856250 0.156250 0.847917
2 0.034375 0.839583 0.028125 0.839583 0.023438 0.839583 0.020313 0.839583 0.014063 0.839583 0.010937 0.841667 0.009375 0.843750 0.007812 0.847917 0.006250 0.852083 0.004687 0.858333 0.006250 0.864583 0.009375 0.868750 0.010937 0.870833 0.017188 0.870833 0.021875 0.870833 0.026562 0.870833 0.031250 0.870833 0.034375 0.866667 0.034375 0.860417 0.034375 0.852083 0.035937 0.847917 0.037500 0.841667
2 0.712500 0.431250 0.700000 0.431250 0.689063 0.433333 0.679688 0.437500 0.679688 0.454167 0.679688 0.464583 0.679688 0.485417 0.679688 0.504167 0.679688 0.516667 0.679688 0.535417 0.682813 0.545833 0.692187 0.545833 0.703125 0.547917 0.712500 0.547917 0.718750 0.545833 0.720313 0.529167 0.721875 0.504167 0.721875 0.485417 0.718750 0.468750 0.712500 0.452083 0.712500 0.439583
2 0.670312 0.247917 0.662500 0.250000 0.656250 0.254167 0.653125 0.260417 0.653125 0.275000 0.653125 0.287500 0.653125 0.295833 0.653125 0.308333 0.654687 0.320833 0.656250 0.331250 0.660937 0.335417 0.668750 0.335417 0.676562 0.335417 0.682813 0.335417 0.687500 0.329167 0.687500 0.310417 0.687500 0.291667 0.684375 0.279167 0.682813 0.266667 0.675000 0.258333 0.670312 0.252083
2 0.648438 0.097917 0.639062 0.097917 0.631250 0.097917 0.625000 0.100000 0.621875 0.106250 0.621875 0.116667 0.621875 0.129167 0.625000 0.137500 0.628125 0.143750 0.629687 0.152083 0.631250 0.162500 0.634375 0.166667 0.640625 0.166667 0.651563 0.166667 0.657813 0.162500 0.662500 0.154167 0.662500 0.143750 0.659375 0.133333 0.657813 0.120833 0.654687 0.106250 0.651563 0.100000
2 0.632812 0.006250 0.629687 0.006250 0.626563 0.004167 0.623437 0.004167 0.620313 0.006250 0.618750 0.010417 0.617188 0.012500 0.615625 0.016667 0.615625 0.020833 0.615625 0.025000 0.618750 0.025000 0.621875 0.027083 0.625000 0.027083 0.628125 0.027083 0.631250 0.027083 0.637500 0.027083 0.640625 0.027083 0.640625 0.027083 0.637500 0.020833 0.635938 0.016667 0.634375 0.012500 0.634375 0.008333 0.634375 0.004167
1 0.642188 0.029167 0.632812 0.029167 0.625000 0.029167 0.618750 0.033333 0.615625 0.039583 0.612500 0.050000 0.612500 0.064583 0.612500 0.072917 0.612500 0.083333 0.612500 0.091667 0.618750 0.089583 0.625000 0.089583 0.635938 0.089583 0.642188 0.089583 0.645312 0.085417 0.646875 0.077083 0.646875 0.066667 0.646875 0.058333 0.646875 0.050000 0.646875 0.039583 0.646875 0.031250
1 0.657813 0.166667 0.648438 0.166667 0.642188 0.166667 0.637500 0.172917 0.632812 0.181250 0.632812 0.197917 0.634375 0.212500 0.634375 0.222917 0.637500 0.233333 0.637500 0.243750 0.642188 0.252083 0.646875 0.250000 0.657813 0.243750 0.664062 0.239583 0.667188 0.231250 0.667188 0.222917 0.667188 0.212500 0.665625 0.202083 0.662500 0.187500 0.659375 0.179167 0.659375 0.166667
1 0.392188 0.818750 0.389062 0.818750 0.385937 0.820833 0.384375 0.820833 0.382812 0.822917 0.379688 0.825000 0.376563 0.827083 0.376563 0.831250 0.376563 0.833333 0.376563 0.835417 0.376563 0.839583 0.376563 0.843750 0.376563 0.845833 0.376563 0.847917 0.379688 0.847917 0.382812 0.847917 0.384375 0.847917 0.385937 0.847917 0.389062 0.841667 0.390625 0.839583 0.392188 0.835417 0.392188 0.833333 0.392188 0.831250 0.392188 0.827083 0.392188 0.825000
1 0.221875 0.831250 0.203125 0.831250 0.195312 0.831250 0.185938 0.831250 0.179688 0.831250 0.170313 0.831250 0.162500 0.835417 0.159375 0.845833 0.156250 0.852083 0.153125 0.860417 0.156250 0.868750 0.162500 0.868750 0.173437 0.868750 0.184375 0.868750 0.198437 0.868750 0.207813 0.868750 0.214062 0.868750 0.217188 0.862500 0.220312 0.856250 0.221875 0.843750 0.223438 0.835417
1 0.098437 0.837500 0.085938 0.835417 0.076563 0.835417 0.068750 0.835417 0.060937 0.835417 0.054688 0.835417 0.046875 0.835417 0.043750 0.835417 0.039062 0.843750 0.039062 0.852083 0.039062 0.864583 0.043750 0.864583 0.051562 0.864583 0.057813 0.864583 0.065625 0.864583 0.073438 0.864583 0.085938 0.864583 0.093750 0.864583 0.101562 0.864583 0.101562 0.854167 0.101562 0.845833 0.098437 0.839583 0.095312 0.835417
1 0.467187 0.577083 0.454688 0.579167 0.445312 0.583333 0.437500 0.587500 0.434375 0.602083 0.432812 0.616667 0.431250 0.633333 0.429688 0.652083 0.429688 0.666667 0.431250 0.679167 0.434375 0.689583 0.446875 0.685417 0.460938 0.683333 0.467187 0.675000 0.468750 0.662500 0.470313 0.645833 0.473438 0.629167 0.473438 0.612500 0.473438 0.597917 0.473438 0.583333 0.473438 0.572917
1 0.454688 0.381250 0.446875 0.379167 0.439063 0.379167 0.434375 0.387500 0.428125 0.397917 0.426563 0.414583 0.426563 0.433333 0.425000 0.445833 0.423438 0.460417 0.423438 0.470833 0.429688 0.477083 0.439063 0.479167 0.450000 0.479167 0.457813 0.475000 0.460938 0.464583 0.460938 0.447917 0.460938 0.437500 0.460938 0.425000 0.460938 0.406250 0.459375 0.389583 0.457813 0.379167
1 0.456250 0.225000 0.450000 0.222917 0.443750 0.220833 0.435937 0.218750 0.434375 0.225000 0.431250 0.233333 0.428125 0.243750 0.426563 0.252083 0.426563 0.262500 0.425000 0.272917 0.425000 0.287500 0.426563 0.291667 0.432812 0.293750 0.440625 0.295833 0.446875 0.295833 0.454688 0.291667 0.456250 0.287500 0.456250 0.275000 0.456250 0.266667 0.457813 0.258333 0.457813 0.245833 0.459375 0.239583 0.459375 0.231250
1 0.448437 0.072917 0.440625 0.072917 0.435937 0.075000 0.434375 0.081250 0.431250 0.093750 0.429688 0.102083 0.428125 0.112500 0.428125 0.122917 0.428125 0.129167 0.426563 0.137500 0.429688 0.141667 0.434375 0.145833 0.442188 0.145833 0.446875 0.145833 0.450000 0.139583 0.451562 0.133333 0.453125 0.127083 0.454688 0.116667 0.454688 0.102083 0.454688 0.089583 0.454688 0.081250 0.451562 0.075000 0.446875 0.072917
2 0.465625 0.681250 0.456250 0.687500 0.446875 0.691667 0.442188 0.695833 0.439063 0.702083 0.437500 0.706250 0.437500 0.722917 0.437500 0.735417 0.437500 0.743750 0.439063 0.754167 0.443750 0.758333 0.448437 0.762500 0.456250 0.760417 0.460938 0.756250 0.464062 0.750000 0.465625 0.739583 0.465625 0.727083 0.465625 0.716667 0.465625 0.708333 0.465625 0.700000 0.465625 0.689583 0.465625 0.679167
2 0.460938 0.481250 0.451562 0.481250 0.443750 0.481250 0.435937 0.485417 0.431250 0.493750 0.429688 0.510417 0.429688 0.525000 0.429688 0.537500 0.429688 0.550000 0.429688 0.564583 0.431250 0.572917 0.434375 0.579167 0.443750 0.581250 0.451562 0.577083 0.467187 0.568750 0.473438 0.560417 0.467187 0.541667 0.465625 0.520833 0.465625 0.504167 0.464062 0.489583
2 0.454688 0.302083 0.448437 0.302083 0.443750 0.300000 0.435937 0.300000 0.431250 0.302083 0.426563 0.314583 0.425000 0.329167 0.425000 0.339583 0.425000 0.352083 0.425000 0.360417 0.425000 0.368750 0.428125 0.375000 0.440625 0.375000 0.450000 0.375000 0.456250 0.370833 0.456250 0.360417 0.456250 0.350000 0.456250 0.341667 0.456250 0.331250 0.456250 0.318750 0.456250 0.312500
2 0.454688 0.141667 0.443750 0.141667 0.435937 0.143750 0.432812 0.150000 0.429688 0.156250 0.426563 0.166667 0.425000 0.179167 0.423438 0.189583 0.423438 0.206250 0.423438 0.214583 0.428125 0.222917 0.434375 0.222917 0.450000 0.222917 0.457813 0.220833 0.464062 0.214583 0.460938 0.204167 0.460938 0.189583 0.460938 0.172917 0.460938 0.156250 0.459375 0.143750 0.454688 0.139583
