0 0.518750 0.356250 0.493750 0.375000 0.481250 0.387500 0.465625 0.400000 0.446875 0.406250 0.431250 0.418750 0.429688 0.437500 0.437500 0.456250 0.446875 0.472917 0.454688 0.487500 0.470313 0.481250 0.481250 0.468750 0.493750 0.456250 0.512500 0.447917 0.528125 0.431250 0.542188 0.422917 0.553125 0.412500 0.550000 0.393750 0.540625 0.379167 0.528125 0.368750 0.517188 0.360417
0 0.956250 0.200000 0.934375 0.206250 0.923438 0.218750 0.907813 0.231250 0.893750 0.243750 0.881250 0.250000 0.878125 0.262500 0.887500 0.275000 0.893750 0.287500 0.903125 0.300000 0.915625 0.304167 0.928125 0.293750 0.940625 0.287500 0.956250 0.281250 0.971875 0.275000 0.984375 0.268750 0.985938 0.254167 0.981250 0.235417 0.970313 0.218750 0.960938 0.206250 0.953125 0.197917
0 0.589063 0.118750 0.575000 0.129167 0.564063 0.141667 0.550000 0.147917 0.550000 0.156250 0.562500 0.172917 0.568750 0.187500 0.578125 0.200000 0.587500 0.212500 0.590625 0.222917 0.600000 0.231250 0.612500 0.229167 0.625000 0.218750 0.635938 0.212500 0.635938 0.200000 0.628125 0.185417 0.620313 0.168750 0.609375 0.156250 0.604688 0.143750 0.600000 0.129167 0.590625 0.118750
0 0.531250 0.035417 0.510938 0.043750 0.500000 0.050000 0.490625 0.060417 0.496875 0.079167 0.503125 0.093750 0.512500 0.104167 0.518750 0.116667 0.528125 0.129167 0.532813 0.137500 0.543750 0.135417 0.554688 0.125000 0.565625 0.122917 0.575000 0.118750 0.573438 0.106250 0.562500 0.093750 0.554688 0.081250 0.550000 0.068750 0.542188 0.062500 0.537500 0.054167 0.531250 0.043750 0.525000 0.037500
1 0.604688 0.404167 0.593750 0.410417 0.587500 0.412500 0.581250 0.416667 0.575000 0.418750 0.571875 0.422917 0.568750 0.429167 0.565625 0.437500 0.565625 0.443750 0.568750 0.450000 0.575000 0.450000 0.581250 0.450000 0.587500 0.447917 0.590625 0.443750 0.595313 0.437500 0.596875 0.429167 0.603125 0.422917 0.606250 0.418750 0.609375 0.412500 0.612500 0.406250 0.606250 0.404167 0.600000 0.400000
1 0.503125 0.462500 0.496875 0.468750 0.492188 0.475000 0.485938 0.481250 0.481250 0.485417 0.478125 0.491667 0.473438 0.493750 0.470313 0.504167 0.473438 0.510417 0.475000 0.518750 0.478125 0.525000 0.485938 0.522917 0.490625 0.516667 0.493750 0.510417 0.500000 0.504167 0.503125 0.500000 0.509375 0.497917 0.512500 0.487500 0.509375 0.481250 0.506250 0.475000 0.503125 0.468750
1 0.423438 0.525000 0.418750 0.529167 0.412500 0.531250 0.406250 0.537500 0.400000 0.541667 0.396875 0.543750 0.392188 0.547917 0.387500 0.554167 0.384375 0.560417 0.384375 0.568750 0.390625 0.572917 0.395313 0.572917 0.400000 0.568750 0.406250 0.562500 0.409375 0.560417 0.412500 0.556250 0.418750 0.550000 0.421875 0.547917 0.425000 0.541667 0.428125 0.535417 0.425000 0.529167 0.423438 0.525000
1 0.325000 0.585417 0.314063 0.593750 0.306250 0.597917 0.301563 0.600000 0.296875 0.604167 0.293750 0.606250 0.293750 0.616667 0.293750 0.625000 0.293750 0.631250 0.296875 0.635417 0.301563 0.637500 0.306250 0.635417 0.309375 0.629167 0.318750 0.622917 0.321875 0.618750 0.325000 0.612500 0.325000 0.610417 0.331250 0.606250 0.331250 0.600000 0.331250 0.591667 0.329688 0.585417 0.325000 0.581250
1 0.201563 0.662500 0.196875 0.666667 0.192188 0.668750 0.185938 0.672917 0.179688 0.675000 0.176563 0.675000 0.171875 0.681250 0.171875 0.693750 0.176563 0.700000 0.181250 0.706250 0.185938 0.712500 0.190625 0.706250 0.193750 0.704167 0.196875 0.697917 0.201563 0.691667 0.203125 0.687500 0.209375 0.685417 0.207813 0.679167 0.203125 0.675000 0.201563 0.668750 0.200000 0.662500
1 0.125000 0.706250 0.117188 0.712500 0.109375 0.718750 0.106250 0.718750 0.100000 0.725000 0.096875 0.725000 0.093750 0.731250 0.092188 0.737500 0.092188 0.741667 0.093750 0.750000 0.093750 0.756250 0.100000 0.754167 0.104688 0.747917 0.107813 0.747917 0.112500 0.743750 0.117188 0.743750 0.121875 0.741667 0.125000 0.737500 0.125000 0.731250 0.128125 0.725000 0.128125 0.718750 0.125000 0.712500
1 0.646875 0.156250 0.642188 0.156250 0.637500 0.156250 0.637500 0.160417 0.634375 0.160417 0.634375 0.160417 0.634375 0.162500 0.637500 0.168750 0.637500 0.172917 0.637500 0.175000 0.640625 0.179167 0.642188 0.181250 0.643750 0.181250 0.646875 0.181250 0.648438 0.181250 0.650000 0.181250 0.651563 0.181250 0.651563 0.175000 0.651563 0.172917 0.650000 0.168750 0.650000 0.166667 0.650000 0.162500 0.650000 0.160417 0.646875 0.160417
1 0.606250 0.093750 0.604688 0.093750 0.600000 0.093750 0.596875 0.097917 0.595313 0.100000 0.593750 0.104167 0.595313 0.106250 0.595313 0.112500 0.596875 0.116667 0.600000 0.118750 0.600000 0.122917 0.603125 0.125000 0.604688 0.129167 0.606250 0.129167 0.609375 0.125000 0.612500 0.125000 0.612500 0.118750 0.612500 0.118750 0.615625 0.112500 0.612500 0.110417 0.612500 0.106250 0.612500 0.104167 0.609375 0.100000 0.606250 0.097917 0.604688 0.097917
1 0.568750 0.037500 0.559375 0.043750 0.543750 0.056250 0.540625 0.062500 0.540625 0.062500 0.543750 0.068750 0.550000 0.072917 0.550000 0.075000 0.554688 0.079167 0.559375 0.079167 0.562500 0.081250 0.565625 0.081250 0.571875 0.081250 0.578125 0.079167 0.581250 0.075000 0.581250 0.068750 0.581250 0.062500 0.581250 0.056250 0.581250 0.050000 0.578125 0.047917 0.575000 0.043750 0.568750 0.043750 0.565625 0.043750
1 0.537500 0.000000 0.534375 0.000000 0.532813 0.000000 0.528125 0.000000 0.525000 0.000000 0.525000 0.006250 0.525000 0.012500 0.525000 0.018750 0.526563 0.018750 0.528125 0.025000 0.528125 0.029167 0.531250 0.031250 0.532813 0.031250 0.537500 0.031250 0.540625 0.031250 0.540625 0.025000 0.543750 0.025000 0.543750 0.018750 0.542188 0.012500 0.540625 0.012500 0.537500 0.006250 0.537500 0.006250
1 0.846875 0.462500 0.835938 0.462500 0.829688 0.462500 0.823438 0.468750 0.823438 0.479167 0.823438 0.487500 0.823438 0.493750 0.828125 0.500000 0.831250 0.506250 0.834375 0.510417 0.839063 0.518750 0.843750 0.525000 0.850000 0.525000 0.854688 0.518750 0.856250 0.510417 0.856250 0.500000 0.853125 0.493750 0.846875 0.487500 0.843750 0.481250 0.839063 0.475000 0.835938 0.468750 0.829688 0.462500
1 0.896875 0.568750 0.881250 0.579167 0.871875 0.585417 0.878125 0.591667 0.878125 0.593750 0.881250 0.600000 0.887500 0.606250 0.892188 0.606250 0.893750 0.612500 0.898438 0.618750 0.903125 0.618750 0.909375 0.618750 0.912500 0.616667 0.917188 0.612500 0.915625 0.606250 0.909375 0.600000 0.907813 0.597917 0.903125 0.591667 0.901563 0.585417 0.898438 0.579167 0.893750 0.575000 0.890625 0.568750
1 0.954688 0.662500 0.946875 0.668750 0.940625 0.672917 0.937500 0.679167 0.940625 0.700000 0.940625 0.706250 0.948438 0.712500 0.953125 0.716667 0.960938 0.718750 0.964063 0.725000 0.968750 0.729167 0.971875 0.731250 0.979688 0.731250 0.981250 0.731250 0.978125 0.725000 0.975000 0.716667 0.971875 0.706250 0.971875 0.700000 0.970313 0.691667 0.968750 0.681250 0.965625 0.675000 0.960938 0.668750 0.954688 0.668750
2 0.865625 0.516667 0.850000 0.525000 0.846875 0.529167 0.843750 0.535417 0.846875 0.541667 0.850000 0.550000 0.850000 0.556250 0.856250 0.562500 0.856250 0.568750 0.862500 0.572917 0.865625 0.575000 0.871875 0.579167 0.878125 0.579167 0.884375 0.575000 0.887500 0.572917 0.893750 0.554167 0.892188 0.547917 0.887500 0.543750 0.881250 0.537500 0.876563 0.535417 0.870313 0.529167 0.862500 0.525000 0.860938 0.522917
2 0.918750 0.606250 0.909375 0.618750 0.906250 0.625000 0.906250 0.637500 0.909375 0.643750 0.915625 0.650000 0.918750 0.656250 0.923438 0.662500 0.925000 0.668750 0.932813 0.672917 0.937500 0.668750 0.943750 0.662500 0.950000 0.660417 0.953125 0.650000 0.950000 0.641667 0.943750 0.637500 0.934375 0.631250 0.932813 0.625000 0.928125 0.618750 0.923438 0.612500
2 0.987500 0.718750 0.981250 0.725000 0.979688 0.731250 0.978125 0.735417 0.975000 0.741667 0.975000 0.750000 0.975000 0.756250 0.979688 0.760417 0.981250 0.766667 0.987500 0.768750 0.990625 0.775000 0.995313 0.775000 0.996875 0.768750 0.996875 0.760417 0.995313 0.754167 0.995313 0.743750 0.995313 0.737500 0.992188 0.731250 0.990625 0.725000 0.985938 0.718750 0.981250 0.716667
2 0.165625 0.687500 0.146875 0.693750 0.134375 0.697917 0.131250 0.700000 0.131250 0.712500 0.134375 0.722917 0.134375 0.729167 0.137500 0.731250 0.140625 0.731250 0.148438 0.731250 0.153125 0.731250 0.156250 0.725000 0.162500 0.725000 0.165625 0.718750 0.168750 0.718750 0.170313 0.712500 0.170313 0.704167 0.170313 0.697917 0.165625 0.691667 0.162500 0.687500 0.162500 0.681250
2 0.240625 0.650000 0.212500 0.662500 0.203125 0.662500 0.200000 0.668750 0.193750 0.675000 0.196875 0.675000 0.203125 0.681250 0.209375 0.687500 0.212500 0.693750 0.217188 0.697917 0.221875 0.700000 0.228125 0.700000 0.234375 0.697917 0.240625 0.687500 0.243750 0.675000 0.250000 0.662500 0.250000 0.656250 0.246875 0.650000 0.242188 0.647917 0.239063 0.641667 0.234375 0.637500
2 0.281250 0.612500 0.268750 0.631250 0.259375 0.637500 0.256250 0.641667 0.253125 0.643750 0.251563 0.650000 0.254688 0.656250 0.256250 0.662500 0.262500 0.668750 0.268750 0.668750 0.273438 0.668750 0.281250 0.668750 0.284375 0.668750 0.287500 0.662500 0.293750 0.647917 0.298438 0.641667 0.298438 0.631250 0.293750 0.625000 0.287500 0.618750 0.285938 0.612500
2 0.371875 0.556250 0.364063 0.560417 0.356250 0.566667 0.350000 0.568750 0.345313 0.575000 0.337500 0.575000 0.335938 0.579167 0.331250 0.585417 0.331250 0.597917 0.331250 0.606250 0.335938 0.612500 0.340625 0.612500 0.350000 0.612500 0.356250 0.612500 0.364063 0.612500 0.368750 0.600000 0.375000 0.591667 0.378125 0.581250 0.381250 0.572917 0.378125 0.566667 0.371875 0.560417
2 0.454688 0.493750 0.443750 0.500000 0.434375 0.506250 0.429688 0.506250 0.425000 0.510417 0.423438 0.516667 0.423438 0.522917 0.426563 0.529167 0.428125 0.535417 0.431250 0.537500 0.434375 0.537500 0.442188 0.537500 0.446875 0.535417 0.453125 0.531250 0.456250 0.525000 0.459375 0.518750 0.460938 0.510417 0.462500 0.506250 0.462500 0.500000 0.459375 0.493750 0.456250 0.491667
2 0.559375 0.437500 0.540625 0.450000 0.532813 0.454167 0.526563 0.456250 0.521875 0.460417 0.515625 0.462500 0.510938 0.466667 0.509375 0.472917 0.510938 0.481250 0.512500 0.487500 0.518750 0.487500 0.526563 0.487500 0.532813 0.487500 0.537500 0.487500 0.543750 0.485417 0.554688 0.475000 0.562500 0.468750 0.564063 0.462500 0.565625 0.450000 0.564063 0.443750 0.559375 0.441667
2 0.970313 0.168750 0.965625 0.168750 0.962500 0.168750 0.959375 0.175000 0.956250 0.175000 0.954688 0.175000 0.950000 0.179167 0.948438 0.181250 0.943750 0.187500 0.940625 0.193750 0.943750 0.193750 0.946875 0.193750 0.950000 0.193750 0.954688 0.193750 0.956250 0.193750 0.960938 0.193750 0.965625 0.193750 0.968750 0.193750 0.971875 0.187500 0.971875 0.187500 0.975000 0.181250 0.971875 0.179167 0.971875 0.175000 0.971875 0.168750 0.970313 0.166667
2 0.909375 0.206250 0.907813 0.206250 0.903125 0.212500 0.901563 0.216667 0.896875 0.218750 0.890625 0.218750 0.885938 0.225000 0.878125 0.229167 0.871875 0.231250 0.875000 0.237500 0.878125 0.237500 0.885938 0.237500 0.890625 0.237500 0.896875 0.237500 0.903125 0.231250 0.906250 0.231250 0.909375 0.225000 0.912500 0.222917 0.915625 0.218750 0.915625 0.212500 0.912500 0.206250
2 0.590625 0.068750 0.585938 0.068750 0.581250 0.068750 0.579688 0.072917 0.578125 0.075000 0.575000 0.075000 0.575000 0.081250 0.575000 0.087500 0.575000 0.087500 0.578125 0.093750 0.579688 0.093750 0.581250 0.097917 0.587500 0.097917 0.590625 0.097917 0.593750 0.097917 0.595313 0.093750 0.595313 0.087500 0.595313 0.081250 0.595313 0.075000 0.595313 0.072917 0.595313 0.068750
2 0.554688 0.016667 0.550000 0.018750 0.546875 0.018750 0.543750 0.018750 0.542188 0.025000 0.540625 0.025000 0.537500 0.025000 0.537500 0.031250 0.537500 0.031250 0.537500 0.037500 0.540625 0.037500 0.540625 0.041667 0.540625 0.043750 0.543750 0.043750 0.543750 0.043750 0.548438 0.043750 0.550000 0.041667 0.550000 0.037500 0.550000 0.037500 0.553125 0.035417 0.553125 0.031250 0.554688 0.031250 0.554688 0.025000 0.554688 0.022917 0.553125 0.022917
2 0.631250 0.125000 0.625000 0.125000 0.621875 0.122917 0.617188 0.118750 0.612500 0.118750 0.609375 0.125000 0.610938 0.131250 0.612500 0.135417 0.617188 0.137500 0.618750 0.141667 0.621875 0.143750 0.625000 0.147917 0.628125 0.147917 0.631250 0.154167 0.634375 0.154167 0.637500 0.150000 0.637500 0.143750 0.637500 0.137500 0.637500 0.131250 0.637500 0.131250 0.634375 0.125000 0.631250 0.122917
1 0.871875 0.231250 0.868750 0.231250 0.867188 0.231250 0.862500 0.235417 0.860938 0.237500 0.859375 0.237500 0.856250 0.241667 0.856250 0.243750 0.856250 0.250000 0.856250 0.254167 0.859375 0.254167 0.860938 0.260417 0.862500 0.260417 0.868750 0.254167 0.868750 0.254167 0.871875 0.254167 0.871875 0.250000 0.878125 0.250000 0.878125 0.250000 0.878125 0.243750 0.878125 0.241667 0.875000 0.237500 0.871875 0.235417 0.870313 0.231250
1 0.953125 0.181250 0.940625 0.187500 0.932813 0.193750 0.931250 0.193750 0.928125 0.193750 0.925000 0.200000 0.923438 0.200000 0.925000 0.206250 0.928125 0.210417 0.931250 0.210417 0.934375 0.210417 0.940625 0.210417 0.943750 0.210417 0.950000 0.210417 0.953125 0.206250 0.956250 0.206250 0.960938 0.204167 0.964063 0.200000 0.964063 0.193750 0.964063 0.187500 0.964063 0.185417 0.960938 0.181250 0.956250 0.181250 0.956250 0.181250
1 0.996875 0.147917 0.987500 0.154167 0.978125 0.160417 0.975000 0.162500 0.971875 0.166667 0.971875 0.166667 0.975000 0.168750 0.979688 0.168750 0.981250 0.175000 0.984375 0.175000 0.987500 0.175000 0.987500 0.181250 0.992188 0.181250 0.992188 0.175000 0.995313 0.172917 0.996875 0.168750 0.996875 0.166667 0.996875 0.160417 0.996875 0.156250 0.996875 0.154167
3 0.815625 0.310417 0.800000 0.312500 0.793750 0.316667 0.784375 0.322917 0.778125 0.325000 0.768750 0.335417 0.762500 0.341667 0.759375 0.350000 0.759375 0.362500 0.762500 0.366667 0.767188 0.372917 0.776563 0.372917 0.784375 0.368750 0.790625 0.362500 0.798438 0.356250 0.806250 0.347917 0.814063 0.341667 0.821875 0.335417 0.823438 0.329167 0.821875 0.316667 0.818750 0.310417
3 0.782813 0.454167 0.798438 0.454167 0.806250 0.435417 0.809375 0.406250 0.796875 0.400000 0.784375 0.400000 0.768750 0.393750 0.746875 0.387500 0.731250 0.387500 0.715625 0.387500 0.704688 0.387500 0.700000 0.387500 0.698438 0.404167 0.704688 0.412500 0.714063 0.418750 0.721875 0.425000 0.735938 0.435417 0.750000 0.437500 0.760938 0.443750 0.773438 0.443750 0.784375 0.443750
3 0.787500 0.166667 0.784375 0.143750 0.782813 0.135417 0.776563 0.131250 0.768750 0.125000 0.760938 0.118750 0.753125 0.116667 0.746875 0.112500 0.740625 0.110417 0.734375 0.112500 0.731250 0.118750 0.731250 0.129167 0.734375 0.141667 0.737500 0.150000 0.742188 0.160417 0.746875 0.166667 0.753125 0.168750 0.759375 0.168750 0.768750 0.175000 0.776563 0.175000 0.782813 0.175000 0.787500 0.168750 0.787500 0.162500
3 0.731250 0.093750 0.720313 0.087500 0.709375 0.081250 0.696875 0.081250 0.684375 0.087500 0.668750 0.097917 0.662500 0.100000 0.657813 0.106250 0.653125 0.112500 0.653125 0.118750 0.662500 0.129167 0.668750 0.131250 0.678125 0.137500 0.696875 0.131250 0.709375 0.122917 0.715625 0.118750 0.725000 0.110417 0.734375 0.106250 0.742188 0.100000 0.740625 0.093750
7 0.568750 0.254167 0.543750 0.260417 0.534375 0.262500 0.526563 0.268750 0.512500 0.279167 0.503125 0.287500 0.493750 0.300000 0.490625 0.316667 0.489063 0.329167 0.492188 0.337500 0.501563 0.337500 0.512500 0.335417 0.521875 0.331250 0.528125 0.325000 0.540625 0.318750 0.554688 0.310417 0.564063 0.306250 0.573438 0.293750 0.581250 0.287500 0.581250 0.272917 0.575000 0.262500 0.562500 0.262500
7 0.587500 0.260417 0.595313 0.254167 0.600000 0.243750 0.600000 0.237500 0.595313 0.225000 0.589063 0.218750 0.581250 0.210417 0.568750 0.197917 0.559375 0.191667 0.550000 0.187500 0.543750 0.187500 0.540625 0.191667 0.537500 0.204167 0.537500 0.212500 0.540625 0.222917 0.542188 0.231250 0.546875 0.237500 0.554688 0.247917 0.562500 0.250000 0.568750 0.250000 0.579688 0.254167 0.584375 0.260417
7 0.751563 0.562500 0.762500 0.556250 0.768750 0.547917 0.768750 0.529167 0.767188 0.510417 0.759375 0.500000 0.750000 0.485417 0.737500 0.468750 0.728125 0.460417 0.718750 0.456250 0.709375 0.456250 0.703125 0.462500 0.703125 0.475000 0.704688 0.493750 0.712500 0.506250 0.718750 0.510417 0.721875 0.518750 0.728125 0.531250 0.731250 0.541667 0.737500 0.543750 0.742188 0.550000 0.750000 0.554167
7 0.637500 0.585417 0.512500 0.668750 0.475000 0.700000 0.450000 0.725000 0.457813 0.760417 0.475000 0.793750 0.500000 0.831250 0.510938 0.843750 0.523438 0.866667 0.542188 0.854167 0.565625 0.831250 0.600000 0.804167 0.634375 0.779167 0.668750 0.756250 0.696875 0.741667 0.709375 0.729167 0.706250 0.691667 0.681250 0.629167 0.667188 0.585417 0.642188 0.572917 0.628125 0.575000
7 0.704688 0.731250 0.657813 0.768750 0.628125 0.793750 0.584375 0.822917 0.562500 0.837500 0.562500 0.860417 0.575000 0.885417 0.593750 0.912500 0.612500 0.931250 0.626563 0.941667 0.642188 0.937500 0.667188 0.912500 0.687500 0.893750 0.725000 0.866667 0.756250 0.843750 0.768750 0.818750 0.762500 0.797917 0.737500 0.762500 0.729688 0.731250 0.715625 0.718750 0.700000 0.718750
7 0.831250 0.887500 0.787500 0.906250 0.760938 0.918750 0.737500 0.929167 0.718750 0.937500 0.721875 0.960417 0.729688 0.985417 0.731250 1.000000 0.746875 1.000000 0.762500 1.000000 0.778125 1.000000 0.793750 1.000000 0.809375 1.000000 0.823438 1.000000 0.837500 0.997917 0.856250 0.981250 0.867188 0.972917 0.859375 0.935417 0.850000 0.922917 0.839063 0.904167 0.831250 0.887500
7 0.956250 0.300000 0.928125 0.306250 0.912500 0.310417 0.903125 0.310417 0.893750 0.316667 0.887500 0.318750 0.885938 0.329167 0.885938 0.341667 0.887500 0.350000 0.893750 0.356250 0.903125 0.362500 0.915625 0.362500 0.925000 0.362500 0.934375 0.362500 0.943750 0.360417 0.956250 0.354167 0.965625 0.350000 0.971875 0.343750 0.970313 0.331250 0.965625 0.316667 0.964063 0.310417 0.959375 0.304167
6 0.610938 0.397917 0.548438 0.437500 0.490625 0.481250 0.434375 0.518750 0.384375 0.535417 0.337500 0.562500 0.300000 0.600000 0.256250 0.631250 0.145313 0.704167 0.100000 0.731250 0.109375 0.750000 0.159375 0.718750 0.209375 0.687500 0.256250 0.656250 0.304688 0.625000 0.350000 0.597917 0.421875 0.560417 0.465625 0.535417 0.537500 0.487500 0.600000 0.443750 0.612500 0.393750
6 0.837500 0.456250 0.821875 0.487500 0.835938 0.518750 0.853125 0.554167 0.867188 0.579167 0.881250 0.606250 0.903125 0.641667 0.923438 0.672917 0.943750 0.712500 1.012500 0.741667 1.062500 0.754167 1.018750 0.725000 0.985938 0.741667 0.993750 0.754167 0.971875 0.681250 0.943750 0.656250 0.925000 0.625000 0.909375 0.587500 0.881250 0.550000 0.850000 0.487500 0.831250 0.456250
6 0.992188 0.137500 0.965625 0.166667 0.948438 0.181250 0.934375 0.191667 0.918750 0.204167 0.907813 0.212500 0.887500 0.218750 0.878125 0.225000 0.862500 0.237500 0.856250 0.250000 0.860938 0.254167 0.871875 0.254167 0.887500 0.243750 0.903125 0.231250 0.915625 0.218750 0.939063 0.204167 0.956250 0.200000 0.975000 0.187500 0.985938 0.181250 0.990625 0.166667 0.995313 0.147917 0.987500 0.137500
6 0.543750 0.000000 0.525000 0.000000 0.523438 0.018750 0.540625 0.043750 0.550000 0.062500 0.559375 0.081250 0.568750 0.093750 0.581250 0.106250 0.600000 0.131250 0.615625 0.154167 0.631250 0.181250 0.642188 0.181250 0.650000 0.166667 0.637500 0.143750 0.621875 0.118750 0.612500 0.106250 0.600000 0.087500 0.587500 0.068750 0.568750 0.031250 0.553125 0.004167 0.540625 -0.010417
4 0.030469 0.359375 0.042188 0.031250
