1 0.084375 0.560417 0.081250 0.554167 0.078125 0.543750 0.075000 0.541667 0.068750 0.543750 0.062500 0.543750 0.057813 0.550000 0.053125 0.554167 0.046875 0.560417 0.042188 0.568750 0.037500 0.575000 0.034375 0.581250 0.034375 0.587500 0.037500 0.593750 0.043750 0.593750 0.050000 0.593750 0.056250 0.587500 0.059375 0.587500 0.065625 0.579167 0.071875 0.572917 0.076563 0.566667 0.081250 0.560417
1 0.146875 0.481250 0.143750 0.481250 0.140625 0.487500 0.134375 0.487500 0.131250 0.493750 0.125000 0.500000 0.118750 0.504167 0.112500 0.506250 0.112500 0.510417 0.115625 0.516667 0.118750 0.518750 0.123438 0.518750 0.128125 0.518750 0.131250 0.516667 0.137500 0.516667 0.140625 0.510417 0.143750 0.506250 0.145313 0.504167 0.148438 0.500000 0.148438 0.493750 0.146875 0.487500 0.143750 0.481250
1 0.256250 0.391667 0.243750 0.393750 0.234375 0.400000 0.231250 0.400000 0.225000 0.404167 0.221875 0.404167 0.218750 0.406250 0.218750 0.412500 0.218750 0.418750 0.218750 0.422917 0.223438 0.425000 0.225000 0.425000 0.231250 0.425000 0.234375 0.425000 0.239063 0.418750 0.240625 0.418750 0.246875 0.412500 0.253125 0.406250 0.256250 0.406250 0.259375 0.404167 0.259375 0.397917 0.256250 0.391667 0.256250 0.387500
1 0.337500 0.322917 0.325000 0.322917 0.318750 0.329167 0.304688 0.337500 0.300000 0.341667 0.293750 0.347917 0.287500 0.350000 0.287500 0.356250 0.290625 0.360417 0.293750 0.362500 0.301563 0.362500 0.309375 0.362500 0.315625 0.362500 0.321875 0.360417 0.325000 0.356250 0.331250 0.356250 0.335938 0.350000 0.337500 0.343750 0.337500 0.335417 0.335938 0.329167
1 0.400000 0.266667 0.392188 0.268750 0.384375 0.272917 0.381250 0.275000 0.379688 0.279167 0.371875 0.285417 0.368750 0.291667 0.364063 0.293750 0.360938 0.300000 0.364063 0.306250 0.368750 0.306250 0.376563 0.306250 0.381250 0.306250 0.387500 0.306250 0.395313 0.300000 0.400000 0.297917 0.406250 0.291667 0.409375 0.285417 0.409375 0.275000 0.403125 0.268750 0.400000 0.266667
1 0.481250 0.210417 0.470313 0.210417 0.462500 0.210417 0.454688 0.212500 0.450000 0.212500 0.443750 0.218750 0.440625 0.222917 0.437500 0.235417 0.434375 0.237500 0.434375 0.247917 0.442188 0.250000 0.446875 0.250000 0.453125 0.254167 0.459375 0.254167 0.468750 0.250000 0.473438 0.250000 0.475000 0.243750 0.475000 0.235417 0.475000 0.225000 0.475000 0.218750 0.475000 0.210417 0.478125 0.204167
1 0.673438 0.250000 0.667188 0.250000 0.667188 0.254167 0.667188 0.262500 0.667188 0.268750 0.668750 0.279167 0.673438 0.281250 0.679688 0.285417 0.682813 0.287500 0.687500 0.293750 0.690625 0.297917 0.693750 0.297917 0.698438 0.293750 0.700000 0.291667 0.700000 0.285417 0.696875 0.279167 0.693750 0.275000 0.690625 0.268750 0.684375 0.266667 0.682813 0.262500 0.678125 0.254167
1 0.737500 0.018750 0.734375 0.018750 0.731250 0.018750 0.728125 0.022917 0.725000 0.025000 0.721875 0.025000 0.721875 0.025000 0.721875 0.031250 0.721875 0.031250 0.721875 0.037500 0.725000 0.037500 0.725000 0.037500 0.728125 0.037500 0.731250 0.037500 0.734375 0.037500 0.735938 0.037500 0.737500 0.037500 0.737500 0.035417 0.740625 0.031250 0.742188 0.031250 0.740625 0.029167 0.737500 0.025000 0.737500 0.022917 0.737500 0.018750
1 0.682813 0.054167 0.679688 0.054167 0.675000 0.056250 0.675000 0.056250 0.673438 0.056250 0.671875 0.060417 0.668750 0.060417 0.668750 0.062500 0.668750 0.066667 0.668750 0.068750 0.671875 0.072917 0.673438 0.072917 0.675000 0.075000 0.675000 0.075000 0.679688 0.072917 0.682813 0.072917 0.684375 0.072917 0.687500 0.068750 0.690625 0.068750 0.690625 0.068750 0.690625 0.066667 0.690625 0.062500 0.690625 0.060417 0.690625 0.060417 0.687500 0.056250 0.687500 0.056250 0.684375 0.056250
1 0.734375 0.331250 0.725000 0.337500 0.721875 0.343750 0.718750 0.347917 0.720313 0.347917 0.725000 0.350000 0.731250 0.354167 0.734375 0.356250 0.735938 0.362500 0.737500 0.368750 0.740625 0.375000 0.746875 0.375000 0.751563 0.375000 0.753125 0.368750 0.753125 0.362500 0.756250 0.356250 0.753125 0.350000 0.746875 0.347917 0.742188 0.343750 0.737500 0.337500 0.734375 0.335417
1 0.793750 0.416667 0.787500 0.416667 0.784375 0.418750 0.781250 0.422917 0.781250 0.425000 0.781250 0.431250 0.781250 0.441667 0.782813 0.447917 0.787500 0.450000 0.792188 0.450000 0.796875 0.456250 0.798438 0.460417 0.803125 0.460417 0.809375 0.460417 0.814063 0.460417 0.815625 0.454167 0.815625 0.447917 0.814063 0.437500 0.809375 0.425000 0.804688 0.418750 0.800000 0.416667 0.793750 0.412500 0.790625 0.412500
1 0.846875 0.497917 0.839063 0.506250 0.835938 0.510417 0.839063 0.516667 0.843750 0.518750 0.846875 0.518750 0.850000 0.525000 0.854688 0.531250 0.856250 0.537500 0.860938 0.543750 0.862500 0.550000 0.865625 0.543750 0.868750 0.537500 0.871875 0.535417 0.871875 0.525000 0.871875 0.518750 0.868750 0.516667 0.860938 0.510417 0.856250 0.506250 0.850000 0.506250 0.846875 0.500000 0.846875 0.493750
2 0.112500 0.518750 0.109375 0.516667 0.104688 0.510417 0.100000 0.516667 0.096875 0.518750 0.092188 0.525000 0.089063 0.531250 0.085938 0.537500 0.081250 0.541667 0.081250 0.547917 0.084375 0.550000 0.087500 0.554167 0.092188 0.556250 0.096875 0.554167 0.100000 0.550000 0.106250 0.550000 0.109375 0.543750 0.112500 0.537500 0.118750 0.518750 0.123438 0.510417 0.118750 0.506250 0.112500 0.510417
2 0.181250 0.450000 0.168750 0.456250 0.165625 0.456250 0.160938 0.460417 0.156250 0.462500 0.153125 0.468750 0.150000 0.475000 0.150000 0.479167 0.150000 0.485417 0.150000 0.491667 0.154688 0.493750 0.159375 0.500000 0.162500 0.500000 0.168750 0.493750 0.171875 0.491667 0.181250 0.475000 0.185938 0.472917 0.185938 0.468750 0.187500 0.462500 0.187500 0.456250 0.185938 0.450000
2 0.212500 0.418750 0.201563 0.429167 0.196875 0.431250 0.192188 0.437500 0.187500 0.441667 0.187500 0.443750 0.187500 0.450000 0.192188 0.456250 0.193750 0.460417 0.200000 0.462500 0.203125 0.462500 0.210938 0.460417 0.212500 0.456250 0.218750 0.450000 0.223438 0.447917 0.225000 0.443750 0.228125 0.437500 0.228125 0.435417 0.225000 0.431250 0.218750 0.425000 0.215625 0.418750 0.212500 0.416667 0.210938 0.412500
2 0.282813 0.350000 0.271875 0.360417 0.267188 0.362500 0.262500 0.368750 0.256250 0.375000 0.253125 0.379167 0.254688 0.385417 0.259375 0.391667 0.262500 0.393750 0.268750 0.397917 0.273438 0.400000 0.278125 0.400000 0.284375 0.391667 0.287500 0.387500 0.293750 0.381250 0.300000 0.379167 0.301563 0.368750 0.298438 0.362500 0.293750 0.356250 0.290625 0.350000 0.284375 0.350000
2 0.431250 0.235417 0.412500 0.243750 0.406250 0.247917 0.400000 0.250000 0.400000 0.254167 0.400000 0.262500 0.400000 0.268750 0.403125 0.268750 0.406250 0.275000 0.409375 0.275000 0.412500 0.275000 0.415625 0.275000 0.421875 0.275000 0.426563 0.272917 0.428125 0.268750 0.431250 0.266667 0.437500 0.262500 0.440625 0.254167 0.440625 0.254167 0.443750 0.243750 0.442188 0.241667 0.439063 0.237500
2 0.356250 0.287500 0.350000 0.291667 0.346875 0.293750 0.340625 0.300000 0.337500 0.306250 0.337500 0.312500 0.337500 0.318750 0.340625 0.325000 0.340625 0.329167 0.346875 0.331250 0.350000 0.331250 0.356250 0.331250 0.362500 0.331250 0.365625 0.325000 0.367188 0.318750 0.368750 0.312500 0.368750 0.306250 0.367188 0.300000 0.367188 0.293750 0.364063 0.291667 0.359375 0.287500 0.353125 0.287500
2 0.706250 0.293750 0.703125 0.293750 0.700000 0.300000 0.696875 0.304167 0.698438 0.310417 0.700000 0.312500 0.703125 0.318750 0.704688 0.325000 0.706250 0.331250 0.710938 0.335417 0.715625 0.335417 0.721875 0.335417 0.725000 0.331250 0.725000 0.322917 0.725000 0.316667 0.725000 0.312500 0.720313 0.306250 0.715625 0.306250 0.712500 0.300000 0.709375 0.300000 0.706250 0.293750
2 0.759375 0.372917 0.753125 0.375000 0.751563 0.381250 0.751563 0.387500 0.756250 0.391667 0.760938 0.393750 0.762500 0.400000 0.767188 0.404167 0.768750 0.406250 0.773438 0.412500 0.781250 0.412500 0.784375 0.410417 0.787500 0.406250 0.787500 0.400000 0.784375 0.393750 0.782813 0.387500 0.776563 0.387500 0.773438 0.381250 0.768750 0.379167 0.762500 0.375000 0.760938 0.372917
2 0.815625 0.456250 0.812500 0.460417 0.809375 0.462500 0.809375 0.468750 0.809375 0.475000 0.809375 0.481250 0.814063 0.481250 0.818750 0.487500 0.821875 0.487500 0.828125 0.493750 0.831250 0.493750 0.835938 0.497917 0.840625 0.497917 0.846875 0.497917 0.846875 0.491667 0.845313 0.485417 0.843750 0.475000 0.840625 0.468750 0.839063 0.462500 0.834375 0.454167 0.829688 0.450000 0.825000 0.447917 0.818750 0.447917
2 0.875000 0.541667 0.870313 0.543750 0.868750 0.550000 0.868750 0.554167 0.868750 0.556250 0.870313 0.562500 0.871875 0.568750 0.878125 0.575000 0.878125 0.575000 0.881250 0.581250 0.885938 0.585417 0.887500 0.585417 0.893750 0.585417 0.893750 0.581250 0.898438 0.581250 0.896875 0.575000 0.892188 0.568750 0.887500 0.562500 0.884375 0.554167 0.881250 0.550000 0.878125 0.543750 0.878125 0.541667 0.875000 0.537500
3 0.628125 0.100000 0.612500 0.106250 0.603125 0.110417 0.596875 0.118750 0.589063 0.129167 0.581250 0.137500 0.579688 0.150000 0.590625 0.156250 0.600000 0.162500 0.615625 0.156250 0.626563 0.150000 0.637500 0.150000 0.656250 0.143750 0.662500 0.135417 0.673438 0.125000 0.682813 0.118750 0.690625 0.106250 0.690625 0.087500 0.662500 0.087500 0.650000 0.093750 0.635938 0.097917
3 0.643750 0.014583 0.053125 0.029167
3 0.671875 0.029167 0.668750 0.029167 0.668750 0.029167 0.668750 0.029167 0.668750 0.029167
3 0.528125 0.063542 0.046875 0.022917
6 0.675000 0.243750 0.668750 0.275000 0.693750 0.306250 0.718750 0.345833 0.746875 0.381250 0.775000 0.420833 0.801562 0.460417 0.826562 0.493750 0.851562 0.533333 0.876563 0.568750 0.898438 0.585417 0.893750 0.543750 0.867188 0.516667 0.843750 0.485417 0.823438 0.447917 0.800000 0.416667 0.773438 0.381250 0.751563 0.343750 0.725000 0.314583 0.700000 0.275000 0.670312 0.239583
6 0.784375 0.002083 0.757812 0.010417 0.732812 0.018750 0.715625 0.033333 0.692187 0.043750 0.673438 0.058333 0.654687 0.077083 0.654687 0.097917 0.678125 0.093750 0.695312 0.081250 0.714063 0.066667 0.739062 0.054167 0.760938 0.041667 0.787500 0.027083 0.812500 0.018750 0.835938 0.016667 0.843750 0.002083 0.818750 0.000000 0.793750 -0.004167 0.771875 0.000000 0.753125 0.010417
6 0.481250 0.193750 0.412500 0.229167 0.376563 0.262500 0.334375 0.304167 0.292187 0.341667 0.250000 0.379167 0.210938 0.408333 0.173437 0.447917 0.135937 0.485417 0.098437 0.510417 0.057813 0.550000 0.031250 0.593750 0.078125 0.581250 0.120313 0.541667 0.165625 0.493750 0.250000 0.433333 0.301563 0.393750 0.350000 0.335417 0.410938 0.287500 0.471875 0.252083 0.482812 0.195833
7 0.726562 0.593750 0.693750 0.602083 0.679688 0.610417 0.662500 0.620833 0.650000 0.633333 0.643750 0.652083 0.643750 0.672917 0.651563 0.691667 0.662500 0.710417 0.670312 0.722917 0.684375 0.725000 0.700000 0.718750 0.715625 0.706250 0.728125 0.697917 0.742188 0.689583 0.757812 0.681250 0.762500 0.662500 0.756250 0.641667 0.746875 0.625000 0.737500 0.610417 0.728125 0.593750
7 0.600000 0.454167 0.579688 0.466667 0.562500 0.481250 0.545312 0.500000 0.531250 0.516667 0.510938 0.547917 0.498437 0.568750 0.506250 0.593750 0.518750 0.614583 0.534375 0.631250 0.548438 0.650000 0.567187 0.650000 0.585938 0.631250 0.600000 0.612500 0.618750 0.585417 0.635938 0.566667 0.650000 0.550000 0.654687 0.525000 0.642188 0.502083 0.625000 0.481250 0.607812 0.464583
7 0.523438 0.368750 0.500000 0.381250 0.468750 0.408333 0.439063 0.443750 0.425000 0.472917 0.412500 0.504167 0.410938 0.537500 0.425000 0.560417 0.443750 0.581250 0.464062 0.589583 0.489063 0.577083 0.504687 0.554167 0.523438 0.533333 0.542188 0.506250 0.564063 0.481250 0.584375 0.462500 0.589063 0.435417 0.573438 0.414583 0.560937 0.391667 0.540625 0.368750 0.517188 0.356250
7 0.607812 0.252083 0.596875 0.258333 0.585938 0.264583 0.579688 0.270833 0.578125 0.283333 0.582812 0.291667 0.589063 0.300000 0.596875 0.308333 0.600000 0.318750 0.606250 0.325000 0.614062 0.331250 0.625000 0.335417 0.632812 0.331250 0.635938 0.322917 0.631250 0.312500 0.626563 0.302083 0.620313 0.291667 0.614062 0.283333 0.609375 0.275000 0.603125 0.262500 0.596875 0.252083
7 0.757812 0.106250 0.746875 0.110417 0.735938 0.112500 0.728125 0.118750 0.721875 0.122917 0.714063 0.129167 0.717187 0.139583 0.718750 0.150000 0.721875 0.162500 0.728125 0.168750 0.739062 0.166667 0.746875 0.162500 0.754687 0.158333 0.760938 0.152083 0.768750 0.147917 0.776563 0.143750 0.784375 0.137500 0.787500 0.129167 0.781250 0.118750 0.773438 0.114583 0.765625 0.108333 0.757812 0.106250
7 0.431250 0.083333 0.418750 0.087500 0.412500 0.089583 0.401562 0.093750 0.393750 0.097917 0.389062 0.102083 0.381250 0.110417 0.379688 0.122917 0.379688 0.133333 0.379688 0.145833 0.384375 0.154167 0.392188 0.156250 0.401562 0.156250 0.409375 0.150000 0.417187 0.145833 0.428125 0.137500 0.437500 0.129167 0.446875 0.122917 0.445312 0.112500 0.443750 0.097917 0.439063 0.089583 0.432812 0.083333
7 0.407813 0.020833 0.406250 0.033333 0.401562 0.043750 0.400000 0.054167 0.406250 0.064583 0.409375 0.068750 0.417187 0.072917 0.425000 0.079167 0.431250 0.085417 0.439063 0.091667 0.446875 0.093750 0.454688 0.093750 0.460938 0.089583 0.460938 0.077083 0.456250 0.064583 0.450000 0.054167 0.446875 0.045833 0.440625 0.037500 0.435937 0.029167 0.429688 0.020833 0.421875 0.020833 0.412500 0.020833
