1 0.021875 0.335417 0.023438 0.360417 0.025000 0.387500 0.025000 0.425000 0.025000 0.454167 0.031250 0.472917 0.046875 0.487500 0.062500 0.504167 0.078125 0.518750 0.093750 0.537500 0.107813 0.550000 0.107813 0.543750 0.104688 0.506250 0.100000 0.481250 0.093750 0.462500 0.081250 0.447917 0.068750 0.431250 0.059375 0.418750 0.050000 0.406250 0.034375 0.387500 0.023438 0.372917
1 0.171875 0.575000 0.171875 0.587500 0.176563 0.597917 0.178125 0.610417 0.181250 0.622917 0.181250 0.647917 0.181250 0.662500 0.181250 0.672917 0.185938 0.679167 0.193750 0.679167 0.203125 0.679167 0.212500 0.679167 0.215625 0.672917 0.215625 0.656250 0.212500 0.647917 0.210938 0.631250 0.207813 0.625000 0.201563 0.618750 0.193750 0.610417 0.187500 0.600000 0.181250 0.597917 0.176563 0.591667
1 0.243750 0.681250 0.246875 0.693750 0.251563 0.700000 0.253125 0.710417 0.253125 0.712500 0.254688 0.718750 0.256250 0.725000 0.256250 0.731250 0.256250 0.737500 0.259375 0.743750 0.262500 0.743750 0.267188 0.743750 0.267188 0.737500 0.267188 0.729167 0.267188 0.718750 0.267188 0.710417 0.268750 0.700000 0.262500 0.700000 0.259375 0.697917 0.254688 0.697917 0.251563 0.693750 0.246875 0.693750 0.243750 0.691667
1 0.290625 0.750000 0.293750 0.756250 0.293750 0.762500 0.293750 0.768750 0.293750 0.775000 0.296875 0.781250 0.298438 0.785417 0.304688 0.787500 0.306250 0.787500 0.312500 0.791667 0.315625 0.793750 0.318750 0.787500 0.318750 0.781250 0.318750 0.775000 0.318750 0.768750 0.317188 0.762500 0.312500 0.760417 0.309375 0.756250 0.304688 0.756250 0.300000 0.754167 0.293750 0.750000
2 0.020313 0.329167 0.006250 0.329167 0.001563 0.325000 -0.001563 0.343750 -0.003125 0.362500 -0.006250 0.379167 -0.006250 0.391667 -0.006250 0.406250 -0.006250 0.418750 -0.006250 0.431250 -0.003125 0.443750 0.003125 0.443750 0.009375 0.447917 0.017188 0.443750 0.017188 0.418750 0.017188 0.406250 0.017188 0.387500 0.018750 0.368750 0.020313 0.360417 0.021875 0.341667 0.023438 0.331250
2 0.171875 0.568750 0.156250 0.560417 0.137500 0.535417 0.129688 0.525000 0.121875 0.510417 0.112500 0.504167 0.107813 0.504167 0.106250 0.525000 0.104688 0.541667 0.103125 0.556250 0.104688 0.572917 0.109375 0.575000 0.125000 0.587500 0.134375 0.600000 0.145313 0.606250 0.153125 0.616667 0.168750 0.629167 0.178125 0.641667 0.176563 0.618750 0.176563 0.600000 0.176563 0.581250 0.171875 0.560417
2 0.246875 0.675000 0.237500 0.675000 0.232813 0.672917 0.228125 0.666667 0.225000 0.662500 0.218750 0.656250 0.217188 0.654167 0.215625 0.656250 0.217188 0.666667 0.218750 0.675000 0.218750 0.681250 0.218750 0.693750 0.221875 0.700000 0.225000 0.706250 0.225000 0.712500 0.232813 0.718750 0.239063 0.722917 0.240625 0.718750 0.240625 0.710417 0.239063 0.700000 0.239063 0.687500 0.239063 0.679167 0.239063 0.672917
2 0.293750 0.737500 0.287500 0.737500 0.284375 0.737500 0.282813 0.735417 0.278125 0.729167 0.275000 0.725000 0.271875 0.718750 0.270313 0.722917 0.270313 0.731250 0.270313 0.737500 0.271875 0.743750 0.273438 0.754167 0.273438 0.762500 0.273438 0.768750 0.278125 0.772917 0.290625 0.779167 0.296875 0.785417 0.293750 0.779167 0.290625 0.768750 0.290625 0.756250 0.287500 0.743750 0.287500 0.735417
3 0.492188 0.237500 0.471875 0.243750 0.459375 0.250000 0.446875 0.262500 0.439063 0.281250 0.431250 0.300000 0.423438 0.325000 0.418750 0.347917 0.415625 0.366667 0.415625 0.385417 0.421875 0.397917 0.428125 0.406250 0.439063 0.406250 0.446875 0.404167 0.454688 0.391667 0.465625 0.350000 0.473438 0.325000 0.475000 0.306250 0.478125 0.281250 0.481250 0.262500 0.481250 0.243750
3 0.596875 0.931250 0.589063 0.922917 0.578125 0.912500 0.565625 0.900000 0.553125 0.891667 0.543750 0.891667 0.534375 0.893750 0.526563 0.900000 0.517188 0.906250 0.509375 0.916667 0.506250 0.931250 0.509375 0.943750 0.512500 0.960417 0.518750 0.962500 0.534375 0.966667 0.548438 0.966667 0.559375 0.960417 0.568750 0.956250 0.581250 0.954167 0.589063 0.947917 0.595313 0.943750 0.596875 0.931250
3 0.509375 0.868750 0.565625 0.850000 0.581250 0.835417 0.585938 0.800000 0.575000 0.766667 0.568750 0.743750 0.559375 0.718750 0.548438 0.706250 0.537500 0.687500 0.528125 0.681250 0.515625 0.681250 0.506250 0.679167 0.503125 0.693750 0.501563 0.737500 0.503125 0.766667 0.503125 0.787500 0.503125 0.806250 0.506250 0.818750 0.506250 0.835417 0.509375 0.850000 0.510938 0.862500
3 0.473438 0.668750 0.450000 0.672917 0.437500 0.672917 0.425000 0.675000 0.418750 0.681250 0.418750 0.697917 0.421875 0.712500 0.426563 0.718750 0.431250 0.725000 0.437500 0.735417 0.443750 0.743750 0.450000 0.750000 0.460938 0.756250 0.465625 0.762500 0.478125 0.762500 0.484375 0.754167 0.485938 0.731250 0.485938 0.712500 0.481250 0.687500 0.473438 0.672917 0.465625 0.662500
6 0.007812 0.462500 0.046875 0.497917 0.089063 0.541667 0.134375 0.600000 0.168750 0.641667 0.201563 0.683333 0.243750 0.725000 0.278125 0.766667 0.312500 0.802083 0.301563 0.750000 0.267188 0.718750 0.237500 0.675000 0.201563 0.629167 0.168750 0.581250 0.134375 0.525000 0.095312 0.468750 0.064062 0.420833 0.035937 0.372917 0.001563 0.345833 0.004687 0.410417 0.020313 0.466667
7 0.307812 0.486458 0.103125 0.122917
7 0.334375 0.420833 0.334375 0.400000 0.329688 0.385417 0.326562 0.364583 0.323437 0.345833 0.317188 0.322917 0.304688 0.312500 0.292187 0.314583 0.279687 0.316667 0.262500 0.327083 0.253125 0.339583 0.253125 0.356250 0.256250 0.379167 0.257812 0.395833 0.262500 0.414583 0.270313 0.425000 0.282813 0.425000 0.295312 0.425000 0.310937 0.425000 0.325000 0.425000 0.334375 0.420833
