1 0.642188 0.812500 0.625000 0.816667 0.604688 0.818750 0.587500 0.822917 0.568750 0.822917 0.550000 0.825000 0.531250 0.831250 0.506250 0.837500 0.490625 0.837500 0.481250 0.854167 0.481250 0.881250 0.489063 0.900000 0.512500 0.891667 0.540625 0.881250 0.564063 0.881250 0.589063 0.875000 0.609375 0.868750 0.628125 0.866667 0.643750 0.862500 0.643750 0.831250 0.642188 0.812500
1 0.337500 0.875000 0.331250 0.885417 0.318750 0.887500 0.304688 0.893750 0.275000 0.893750 0.248438 0.893750 0.234375 0.897917 0.217188 0.904167 0.206250 0.906250 0.203125 0.937500 0.203125 0.960417 0.221875 0.966667 0.253125 0.966667 0.271875 0.962500 0.296875 0.960417 0.318750 0.956250 0.331250 0.956250 0.345313 0.950000 0.346875 0.916667 0.345313 0.900000 0.337500 0.887500
1 0.803125 0.381250 0.784375 0.387500 0.781250 0.391667 0.773438 0.391667 0.775000 0.393750 0.782813 0.406250 0.790625 0.418750 0.793750 0.425000 0.800000 0.429167 0.803125 0.437500 0.806250 0.443750 0.812500 0.443750 0.818750 0.443750 0.825000 0.443750 0.829688 0.443750 0.829688 0.431250 0.829688 0.425000 0.825000 0.416667 0.818750 0.406250 0.814063 0.393750 0.809375 0.391667 0.806250 0.387500
1 0.673438 0.204167 0.667188 0.204167 0.662500 0.204167 0.657813 0.206250 0.653125 0.206250 0.653125 0.212500 0.653125 0.218750 0.659375 0.222917 0.662500 0.229167 0.667188 0.231250 0.668750 0.235417 0.671875 0.235417 0.673438 0.237500 0.675000 0.237500 0.675000 0.231250 0.675000 0.225000 0.675000 0.222917 0.675000 0.216667 0.673438 0.212500 0.673438 0.206250 0.673438 0.200000
1 0.628125 0.150000 0.625000 0.150000 0.617188 0.154167 0.612500 0.156250 0.609375 0.156250 0.610938 0.168750 0.612500 0.181250 0.615625 0.191667 0.620313 0.191667 0.625000 0.187500 0.628125 0.187500 0.631250 0.181250 0.637500 0.181250 0.640625 0.179167 0.642188 0.175000 0.643750 0.168750 0.637500 0.162500 0.635938 0.156250 0.631250 0.156250 0.628125 0.154167 0.626563 0.150000
1 0.581250 0.093750 0.579688 0.093750 0.573438 0.093750 0.568750 0.093750 0.565625 0.093750 0.565625 0.097917 0.565625 0.097917 0.568750 0.106250 0.571875 0.110417 0.573438 0.112500 0.575000 0.116667 0.579688 0.116667 0.581250 0.112500 0.584375 0.112500 0.585938 0.110417 0.590625 0.110417 0.593750 0.110417 0.593750 0.106250 0.590625 0.100000 0.589063 0.097917 0.585938 0.093750 0.585938 0.087500 0.581250 0.087500
1 0.553125 0.075000 0.557813 0.075000 0.559375 0.075000 0.565625 0.075000 0.568750 0.075000 0.568750 0.075000 0.568750 0.068750 0.565625 0.066667 0.565625 0.060417 0.564063 0.056250 0.562500 0.054167 0.559375 0.050000 0.557813 0.050000 0.554688 0.050000 0.553125 0.050000 0.550000 0.054167 0.548438 0.054167 0.546875 0.056250 0.546875 0.062500 0.546875 0.068750 0.546875 0.072917 0.546875 0.075000
2 0.000000 0.906250 0.001563 0.929167 0.001563 0.943750 0.003125 0.954167 0.012500 0.960417 0.021875 0.950000 0.031250 0.943750 0.037500 0.937500 0.050000 0.937500 0.062500 0.931250 0.068750 0.925000 0.075000 0.916667 0.085938 0.904167 0.092188 0.897917 0.089063 0.887500 0.078125 0.881250 0.062500 0.881250 0.050000 0.887500 0.034375 0.887500 0.020313 0.893750 0.003125 0.900000 0.000000 0.904167
2 0.192188 0.912500 0.143750 0.931250 0.125000 0.931250 0.112500 0.937500 0.100000 0.941667 0.093750 0.947917 0.087500 0.956250 0.089063 0.972917 0.093750 0.981250 0.104688 0.981250 0.128125 0.981250 0.153125 0.975000 0.165625 0.975000 0.176563 0.972917 0.185938 0.968750 0.192188 0.962500 0.207813 0.943750 0.203125 0.937500 0.196875 0.931250 0.192188 0.918750 0.190625 0.906250
2 0.465625 0.850000 0.415625 0.856250 0.387500 0.862500 0.371875 0.868750 0.360938 0.872917 0.350000 0.875000 0.350000 0.887500 0.350000 0.900000 0.350000 0.912500 0.356250 0.925000 0.364063 0.931250 0.376563 0.931250 0.400000 0.918750 0.418750 0.912500 0.446875 0.906250 0.460938 0.904167 0.475000 0.897917 0.478125 0.891667 0.475000 0.879167 0.468750 0.868750 0.462500 0.854167 0.460938 0.841667
2 0.646875 0.181250 0.642188 0.181250 0.635938 0.181250 0.631250 0.185417 0.628125 0.191667 0.628125 0.197917 0.631250 0.200000 0.637500 0.206250 0.640625 0.206250 0.642188 0.210417 0.646875 0.212500 0.648438 0.206250 0.651563 0.204167 0.657813 0.204167 0.659375 0.200000 0.665625 0.200000 0.667188 0.197917 0.662500 0.193750 0.659375 0.187500 0.656250 0.187500 0.653125 0.181250 0.650000 0.181250 0.648438 0.179167 0.643750 0.175000
2 0.612500 0.129167 0.606250 0.131250 0.604688 0.131250 0.600000 0.135417 0.596875 0.137500 0.595313 0.141667 0.593750 0.143750 0.590625 0.143750 0.593750 0.147917 0.596875 0.150000 0.600000 0.150000 0.603125 0.150000 0.606250 0.150000 0.609375 0.150000 0.612500 0.150000 0.615625 0.150000 0.615625 0.143750 0.615625 0.141667 0.615625 0.137500 0.615625 0.131250 0.615625 0.129167 0.615625 0.125000
2 0.595313 0.116667 0.589063 0.116667 0.584375 0.116667 0.581250 0.118750 0.578125 0.118750 0.575000 0.122917 0.578125 0.129167 0.579688 0.131250 0.581250 0.137500 0.585938 0.137500 0.589063 0.137500 0.590625 0.137500 0.593750 0.131250 0.596875 0.131250 0.600000 0.131250 0.603125 0.131250 0.606250 0.129167 0.606250 0.129167 0.609375 0.125000 0.604688 0.118750 0.603125 0.118750 0.600000 0.116667 0.596875 0.112500
2 0.565625 0.075000 0.562500 0.075000 0.559375 0.075000 0.556250 0.075000 0.553125 0.079167 0.550000 0.081250 0.548438 0.085417 0.550000 0.087500 0.550000 0.091667 0.554688 0.093750 0.557813 0.093750 0.562500 0.093750 0.565625 0.087500 0.571875 0.087500 0.575000 0.087500 0.579688 0.087500 0.581250 0.087500 0.584375 0.087500 0.581250 0.085417 0.579688 0.081250 0.575000 0.075000 0.573438 0.075000 0.571875 0.072917 0.568750 0.072917
3 0.825000 0.318750 0.825000 0.268750 0.800000 0.262500 0.753125 0.250000 0.712500 0.243750 0.668750 0.254167 0.634375 0.275000 0.618750 0.287500 0.612500 0.300000 0.612500 0.318750 0.620313 0.347917 0.628125 0.368750 0.653125 0.387500 0.668750 0.391667 0.700000 0.397917 0.734375 0.391667 0.768750 0.381250 0.793750 0.368750 0.809375 0.354167 0.818750 0.335417 0.825000 0.316667
6 0.634375 0.797917 0.575000 0.804167 0.534375 0.825000 0.443750 0.841667 0.403125 0.862500 0.340625 0.875000 0.243750 0.887500 0.176563 0.910417 0.134375 0.922917 0.096875 0.943750 0.092188 0.975000 0.143750 0.981250 0.187500 0.966667 0.240625 0.960417 0.321875 0.960417 0.398438 0.956250 0.496875 0.910417 0.573438 0.887500 0.646875 0.872917 0.648438 0.818750 0.620313 0.804167
6 0.085938 0.875000 0.068750 0.875000 0.053125 0.879167 0.043750 0.881250 0.034375 0.887500 0.025000 0.893750 0.017188 0.900000 0.009375 0.906250 0.003125 0.916667 0.003125 0.929167 0.006250 0.937500 0.012500 0.943750 0.028125 0.950000 0.065625 0.954167 0.093750 0.943750 0.107813 0.931250 0.117188 0.925000 0.115625 0.910417 0.104688 0.893750 0.092188 0.881250 0.081250 0.875000 0.075000 0.866667
6 0.831250 0.429167 0.821875 0.418750 0.815625 0.410417 0.812500 0.400000 0.806250 0.393750 0.796875 0.385417 0.792188 0.381250 0.784375 0.379167 0.778125 0.381250 0.781250 0.393750 0.784375 0.406250 0.787500 0.418750 0.793750 0.431250 0.798438 0.437500 0.803125 0.441667 0.809375 0.443750 0.818750 0.441667 0.823438 0.435417 0.825000 0.429167 0.825000 0.418750
6 0.700000 0.231250 0.651563 0.156250 0.628125 0.110417 0.620313 0.093750 0.595313 0.079167 0.581250 0.062500 0.565625 0.054167 0.543750 0.054167 0.550000 0.068750 0.564063 0.087500 0.573438 0.106250 0.584375 0.122917 0.596875 0.147917 0.610938 0.175000 0.620313 0.193750 0.631250 0.212500 0.643750 0.231250 0.653125 0.243750 0.671875 0.247917 0.684375 0.243750 0.690625 0.229167
7 0.475000 0.235417 0.434375 0.241667 0.367188 0.262500 0.278125 0.268750 0.231250 0.287500 0.187500 0.306250 0.156250 0.318750 0.137500 0.362500 0.131250 0.418750 0.125000 0.472917 0.137500 0.493750 0.212500 0.456250 0.265625 0.443750 0.335938 0.435417 0.406250 0.443750 0.460938 0.443750 0.492188 0.425000 0.493750 0.372917 0.489063 0.297917 0.493750 0.231250 0.471875 0.225000
7 0.546875 0.508333 0.212500 0.162500
7 0.984375 0.348958 0.037500 0.068750
4 0.125000 0.114583 0.117188 0.116667 0.107813 0.116667 0.096875 0.116667 0.089063 0.118750 0.082812 0.120833 0.078125 0.125000 0.071875 0.131250 0.067187 0.135417 0.065625 0.141667 0.062500 0.147917 0.064062 0.156250 0.070312 0.160417 0.079687 0.162500 0.095312 0.160417 0.104688 0.158333 0.114062 0.154167 0.117188 0.147917 0.117188 0.137500 0.118750 0.129167 0.118750 0.120833
