2 0.259375 0.407292 0.065625 0.035417
2 0.387500 0.406250 0.065625 0.037500
2 0.451562 0.406250 0.059375 0.037500
2 0.582812 0.409375 0.068750 0.047917
2 0.707031 0.406250 0.054688 0.037500
2 0.818750 0.407292 0.059375 0.035417
2 0.981250 0.056250 0.971875 0.054167 0.965625 0.054167 0.964063 0.060417 0.964063 0.068750 0.964063 0.075000 0.964063 0.085417 0.965625 0.091667 0.965625 0.097917 0.968750 0.100000 0.971875 0.106250 0.975000 0.110417 0.978125 0.112500 0.984375 0.112500 0.987500 0.110417 0.990625 0.106250 0.990625 0.097917 0.990625 0.087500 0.990625 0.081250 0.990625 0.072917 0.987500 0.062500 0.985938 0.056250 0.984375 0.054167
2 0.996875 0.162500 0.993750 0.162500 0.987500 0.162500 0.987500 0.166667 0.987500 0.168750 0.987500 0.175000 0.987500 0.181250 0.987500 0.187500 0.990625 0.191667 0.990625 0.193750 0.990625 0.200000 0.992188 0.206250 0.995313 0.206250 0.996875 0.206250 0.996875 0.200000 0.996875 0.193750 1.000000 0.187500 1.000000 0.181250 1.000000 0.175000 1.000000 0.168750 1.000000 0.166667 1.000000 0.160417 0.996875 0.156250 0.995313 0.162500
1 0.190625 0.411458 0.065625 0.031250
1 0.321875 0.407292 0.059375 0.035417
1 0.512500 0.407292 0.062500 0.043750
1 0.648438 0.406250 0.059375 0.037500
1 0.760938 0.407292 0.050000 0.031250
1 0.880469 0.410417 0.057813 0.029167
1 0.965625 0.004167 0.960938 0.004167 0.954688 0.006250 0.953125 0.012500 0.953125 0.018750 0.953125 0.025000 0.954688 0.031250 0.954688 0.037500 0.956250 0.043750 0.956250 0.050000 0.962500 0.054167 0.968750 0.054167 0.975000 0.054167 0.978125 0.050000 0.978125 0.041667 0.978125 0.031250 0.975000 0.029167 0.971875 0.025000 0.971875 0.016667 0.970313 0.012500 0.968750 0.004167 0.964063 0.000000
1 0.993750 0.112500 0.987500 0.112500 0.981250 0.112500 0.978125 0.112500 0.978125 0.118750 0.978125 0.129167 0.978125 0.131250 0.978125 0.137500 0.978125 0.143750 0.981250 0.150000 0.981250 0.156250 0.987500 0.156250 0.992188 0.156250 0.995313 0.156250 0.995313 0.150000 0.995313 0.143750 0.995313 0.137500 0.993750 0.131250 0.992188 0.129167 0.990625 0.122917 0.990625 0.116667
6 0.532031 0.409375 0.757812 0.035417
6 0.971875 0.002083 0.951562 0.002083 0.943750 0.016667 0.948438 0.037500 0.953125 0.058333 0.959375 0.081250 0.964063 0.102083 0.968750 0.129167 0.975000 0.152083 0.979688 0.172917 0.987500 0.189583 0.993750 0.202083 0.996875 0.179167 0.996875 0.156250 0.996875 0.131250 0.993750 0.110417 0.990625 0.089583 0.987500 0.068750 0.982812 0.047917 0.978125 0.025000 0.971875 0.004167
7 0.918750 0.093750 0.901563 0.097917 0.884375 0.102083 0.881250 0.116667 0.893750 0.129167 0.903125 0.145833 0.906250 0.162500 0.910937 0.179167 0.914062 0.195833 0.918750 0.214583 0.929688 0.222917 0.942187 0.218750 0.953125 0.214583 0.954688 0.197917 0.948438 0.181250 0.945312 0.164583 0.940625 0.145833 0.932813 0.129167 0.928125 0.110417 0.918750 0.100000 0.910937 0.089583
7 0.918750 0.206250 0.903125 0.202083 0.890625 0.197917 0.878125 0.193750 0.867188 0.189583 0.854688 0.189583 0.843750 0.189583 0.832812 0.195833 0.828125 0.210417 0.829688 0.225000 0.832812 0.235417 0.839063 0.245833 0.848437 0.250000 0.860938 0.250000 0.875000 0.250000 0.887500 0.250000 0.900000 0.250000 0.910937 0.252083 0.923438 0.252083 0.923438 0.235417 0.921875 0.218750 0.918750 0.206250
7 0.992188 0.583333 0.982812 0.589583 0.973437 0.597917 0.965625 0.608333 0.959375 0.618750 0.960938 0.633333 0.960938 0.650000 0.964063 0.666667 0.970313 0.683333 0.975000 0.695833 0.978125 0.706250 0.981250 0.722917 0.990625 0.718750 1.001562 0.712500 1.003125 0.702083 1.000000 0.683333 1.000000 0.666667 1.000000 0.647917 1.000000 0.629167 0.998437 0.610417 0.996875 0.593750
7 0.860938 0.668750 0.809375 0.683333 0.771875 0.689583 0.739062 0.697917 0.720313 0.706250 0.678125 0.716667 0.654687 0.731250 0.648438 0.768750 0.654687 0.810417 0.667188 0.843750 0.675000 0.881250 0.700000 0.893750 0.734375 0.885417 0.773438 0.868750 0.826562 0.847917 0.864062 0.835417 0.895312 0.822917 0.900000 0.783333 0.893750 0.739583 0.882812 0.695833 0.860938 0.668750
7 0.885938 0.835417 0.837500 0.847917 0.806250 0.856250 0.775000 0.866667 0.751563 0.879167 0.731250 0.887500 0.729688 0.920833 0.735938 0.954167 0.739062 0.987500 0.759375 0.991667 0.784375 0.993750 0.809375 0.995833 0.835938 0.995833 0.857812 0.995833 0.884375 0.995833 0.909375 0.989583 0.917188 0.968750 0.909375 0.933333 0.901563 0.891667 0.890625 0.856250 0.878125 0.831250
