0 0.625000 0.352083 0.615625 0.347917 0.606250 0.341667 0.595313 0.339583 0.584375 0.335417 0.573438 0.335417 0.565625 0.331250 0.557813 0.335417 0.554688 0.347917 0.551562 0.358333 0.551562 0.372917 0.556250 0.379167 0.565625 0.383333 0.576562 0.387500 0.585938 0.389583 0.598437 0.391667 0.607812 0.393750 0.618750 0.395833 0.625000 0.387500 0.628125 0.375000 0.628125 0.358333
0 0.696875 0.339583 0.682813 0.339583 0.671875 0.339583 0.660937 0.339583 0.648438 0.339583 0.637500 0.337500 0.628125 0.335417 0.625000 0.347917 0.625000 0.360417 0.623437 0.375000 0.625000 0.389583 0.634375 0.387500 0.645312 0.387500 0.659375 0.387500 0.670312 0.387500 0.679688 0.387500 0.692187 0.387500 0.700000 0.387500 0.700000 0.372917 0.700000 0.356250 0.700000 0.341667
0 0.451562 0.139583 0.439063 0.139583 0.431250 0.141667 0.421875 0.145833 0.418750 0.152083 0.418750 0.166667 0.418750 0.183333 0.418750 0.195833 0.418750 0.208333 0.418750 0.220833 0.428125 0.222917 0.437500 0.225000 0.443750 0.222917 0.440625 0.212500 0.440625 0.202083 0.440625 0.189583 0.448437 0.181250 0.456250 0.179167 0.457813 0.166667 0.457813 0.156250 0.457813 0.145833
0 0.442188 0.439583 0.431250 0.439583 0.421875 0.439583 0.412500 0.443750 0.407813 0.452083 0.404687 0.464583 0.407813 0.477083 0.409375 0.489583 0.409375 0.502083 0.409375 0.516667 0.412500 0.529167 0.421875 0.529167 0.431250 0.529167 0.440625 0.529167 0.450000 0.533333 0.450000 0.520833 0.450000 0.504167 0.448437 0.489583 0.446875 0.477083 0.446875 0.458333 0.445312 0.443750
0 0.443750 0.533333 0.428125 0.533333 0.414062 0.535417 0.406250 0.539583 0.404687 0.550000 0.406250 0.562500 0.406250 0.577083 0.406250 0.593750 0.406250 0.606250 0.406250 0.616667 0.409375 0.629167 0.414062 0.637500 0.421875 0.639583 0.434375 0.637500 0.443750 0.635417 0.446875 0.620833 0.446875 0.606250 0.446875 0.589583 0.446875 0.575000 0.446875 0.560417 0.446875 0.543750 0.446875 0.531250
0 0.382812 0.262500 0.373437 0.262500 0.364063 0.258333 0.354687 0.258333 0.343750 0.256250 0.334375 0.256250 0.321875 0.256250 0.317188 0.262500 0.318750 0.279167 0.318750 0.293750 0.321875 0.304167 0.329688 0.308333 0.339062 0.308333 0.351562 0.308333 0.365625 0.308333 0.376563 0.308333 0.389062 0.308333 0.392188 0.295833 0.390625 0.285417 0.389062 0.272917 0.382812 0.264583
7 0.340625 0.443750 0.304688 0.443750 0.276562 0.439583 0.254688 0.439583 0.234375 0.439583 0.231250 0.460417 0.228125 0.485417 0.228125 0.510417 0.237500 0.520833 0.251563 0.529167 0.253125 0.556250 0.256250 0.577083 0.262500 0.593750 0.279687 0.589583 0.300000 0.589583 0.325000 0.585417 0.340625 0.581250 0.340625 0.558333 0.340625 0.529167 0.337500 0.489583 0.334375 0.460417
7 0.578125 0.393750 0.570312 0.393750 0.564063 0.391667 0.557813 0.391667 0.551562 0.391667 0.545312 0.387500 0.540625 0.387500 0.537500 0.393750 0.534375 0.400000 0.534375 0.406250 0.535937 0.414583 0.537500 0.420833 0.543750 0.420833 0.551562 0.420833 0.562500 0.425000 0.570312 0.425000 0.576562 0.425000 0.581250 0.427083 0.581250 0.418750 0.581250 0.408333 0.581250 0.397917
7 0.332813 0.647917 0.320312 0.645833 0.307812 0.641667 0.300000 0.637500 0.290625 0.633333 0.281250 0.629167 0.273438 0.633333 0.267188 0.645833 0.264062 0.656250 0.262500 0.672917 0.265625 0.681250 0.275000 0.683333 0.285938 0.689583 0.293750 0.697917 0.300000 0.706250 0.309375 0.710417 0.320312 0.708333 0.325000 0.700000 0.329688 0.685417 0.331250 0.675000 0.332813 0.652083
7 0.406250 0.172917 0.398438 0.172917 0.392188 0.175000 0.390625 0.181250 0.389062 0.189583 0.389062 0.197917 0.389062 0.206250 0.389062 0.212500 0.392188 0.222917 0.392188 0.231250 0.392188 0.241667 0.396875 0.243750 0.401562 0.239583 0.406250 0.239583 0.409375 0.233333 0.409375 0.225000 0.409375 0.218750 0.409375 0.210417 0.409375 0.202083 0.409375 0.189583 0.409375 0.177083
7 0.387500 0.212500 0.379688 0.216667 0.375000 0.218750 0.368750 0.218750 0.360938 0.218750 0.354687 0.220833 0.350000 0.220833 0.350000 0.229167 0.350000 0.235417 0.350000 0.241667 0.354687 0.243750 0.359375 0.245833 0.364063 0.252083 0.370312 0.252083 0.376563 0.254167 0.382812 0.256250 0.389062 0.256250 0.392188 0.252083 0.392188 0.243750 0.392188 0.235417 0.390625 0.227083 0.389062 0.218750
7 0.412500 0.414583 0.406250 0.414583 0.400000 0.414583 0.395313 0.416667 0.393750 0.422917 0.390625 0.431250 0.389062 0.437500 0.387500 0.443750 0.384375 0.456250 0.382812 0.464583 0.389062 0.464583 0.392188 0.468750 0.396875 0.470833 0.401562 0.466667 0.404687 0.464583 0.407813 0.456250 0.409375 0.452083 0.410938 0.445833 0.412500 0.437500 0.414062 0.429167 0.415625 0.422917 0.415625 0.416667
3 0.548438 0.243750 0.539062 0.239583 0.531250 0.239583 0.521875 0.237500 0.518750 0.245833 0.518750 0.256250 0.518750 0.266667 0.518750 0.277083 0.518750 0.287500 0.518750 0.297917 0.520312 0.306250 0.523438 0.314583 0.523438 0.325000 0.528125 0.320833 0.532813 0.314583 0.535937 0.306250 0.535937 0.291667 0.537500 0.279167 0.540625 0.270833 0.543750 0.256250 0.546875 0.245833
3 0.470313 0.202083 0.460938 0.200000 0.454688 0.200000 0.446875 0.200000 0.445312 0.206250 0.448437 0.210417 0.448437 0.220833 0.448437 0.229167 0.448437 0.239583 0.451562 0.243750 0.454688 0.252083 0.456250 0.258333 0.460938 0.262500 0.462500 0.256250 0.462500 0.247917 0.464062 0.239583 0.464062 0.231250 0.464062 0.220833 0.464062 0.212500 0.464062 0.204167
3 0.471875 0.331250 0.465625 0.331250 0.460938 0.327083 0.457813 0.322917 0.451562 0.320833 0.446875 0.325000 0.446875 0.331250 0.446875 0.339583 0.446875 0.350000 0.448437 0.358333 0.450000 0.364583 0.451562 0.370833 0.454688 0.379167 0.456250 0.383333 0.459375 0.389583 0.464062 0.387500 0.467187 0.381250 0.468750 0.375000 0.468750 0.364583 0.468750 0.358333 0.467187 0.347917 0.467187 0.337500 0.464062 0.331250
3 0.412500 0.250000 0.406250 0.250000 0.403125 0.252083 0.398438 0.254167 0.395313 0.258333 0.392188 0.262500 0.392188 0.268750 0.395313 0.275000 0.398438 0.279167 0.401562 0.291667 0.406250 0.297917 0.409375 0.300000 0.412500 0.295833 0.412500 0.291667 0.414062 0.283333 0.415625 0.277083 0.415625 0.270833 0.414062 0.262500 0.414062 0.254167 0.412500 0.250000
6 0.543750 0.004167 0.543750 0.041667 0.543750 0.072917 0.543750 0.097917 0.543750 0.120833 0.546875 0.145833 0.546875 0.168750 0.546875 0.191667 0.548438 0.214583 0.553125 0.231250 0.562500 0.222917 0.565625 0.200000 0.565625 0.179167 0.565625 0.154167 0.564063 0.133333 0.564063 0.108333 0.564063 0.081250 0.560937 0.058333 0.560937 0.037500 0.560937 0.012500 0.551562 0.004167
6 0.595313 0.218750 0.557813 0.222917 0.573438 0.243750 0.606250 0.245833 0.642188 0.245833 0.670312 0.243750 0.704688 0.241667 0.739062 0.239583 0.773438 0.245833 0.815625 0.250000 0.851562 0.254167 0.885938 0.256250 0.884375 0.233333 0.845313 0.229167 0.806250 0.225000 0.768750 0.222917 0.732812 0.225000 0.700000 0.229167 0.654687 0.227083 0.618750 0.222917 0.584375 0.222917
6 0.548438 0.308333 0.570312 0.331250 0.609375 0.331250 0.651563 0.333333 0.695312 0.331250 0.731250 0.331250 0.765625 0.331250 0.800000 0.335417 0.834375 0.341667 0.867188 0.339583 0.893750 0.335417 0.881250 0.318750 0.845313 0.312500 0.806250 0.310417 0.782813 0.310417 0.742188 0.308333 0.700000 0.314583 0.654687 0.312500 0.620313 0.308333 0.582812 0.308333 0.546875 0.308333
6 0.600000 0.408333 0.579688 0.420833 0.607812 0.425000 0.634375 0.431250 0.670312 0.435417 0.712500 0.435417 0.743750 0.433333 0.778125 0.431250 0.814063 0.431250 0.851562 0.431250 0.892188 0.433333 0.900000 0.414583 0.870313 0.414583 0.839063 0.408333 0.803125 0.408333 0.768750 0.408333 0.740625 0.408333 0.700000 0.408333 0.657813 0.412500 0.617188 0.414583 0.589063 0.408333
6 0.551562 0.433333 0.535937 0.441667 0.537500 0.464583 0.534375 0.495833 0.534375 0.525000 0.534375 0.554167 0.535937 0.591667 0.537500 0.625000 0.535937 0.656250 0.535937 0.687500 0.539062 0.714583 0.557813 0.718750 0.559375 0.693750 0.556250 0.662500 0.556250 0.631250 0.557813 0.602083 0.557813 0.572917 0.557813 0.539583 0.557813 0.504167 0.554688 0.466667 0.551562 0.437500
6 0.473438 0.429167 0.460938 0.441667 0.459375 0.475000 0.459375 0.506250 0.459375 0.541667 0.459375 0.572917 0.459375 0.606250 0.456250 0.635417 0.460938 0.666667 0.460938 0.700000 0.459375 0.731250 0.470313 0.750000 0.476562 0.731250 0.476562 0.697917 0.478125 0.654167 0.479687 0.616667 0.479687 0.577083 0.478125 0.541667 0.478125 0.500000 0.478125 0.464583 0.476562 0.429167
6 0.401562 0.468750 0.389062 0.479167 0.387500 0.504167 0.384375 0.533333 0.384375 0.560417 0.384375 0.589583 0.384375 0.616667 0.384375 0.641667 0.385937 0.668750 0.385937 0.695833 0.385937 0.720833 0.396875 0.720833 0.398438 0.695833 0.400000 0.666667 0.403125 0.641667 0.406250 0.612500 0.406250 0.583333 0.406250 0.550000 0.406250 0.522917 0.403125 0.493750 0.401562 0.466667
6 0.076563 0.270833 0.093750 0.281250 0.123438 0.279167 0.156250 0.277083 0.190625 0.275000 0.221875 0.275000 0.250000 0.268750 0.279687 0.266667 0.306250 0.264583 0.337500 0.270833 0.365625 0.264583 0.357812 0.243750 0.331250 0.252083 0.304688 0.254167 0.273438 0.254167 0.240625 0.252083 0.204687 0.258333 0.173437 0.258333 0.142187 0.262500 0.110937 0.262500 0.079687 0.264583
6 0.068750 0.327083 0.081250 0.347917 0.115625 0.343750 0.153125 0.343750 0.189062 0.341667 0.221875 0.341667 0.253125 0.339583 0.285938 0.339583 0.317188 0.335417 0.354687 0.335417 0.385937 0.335417 0.378125 0.310417 0.346875 0.310417 0.312500 0.310417 0.282813 0.316667 0.250000 0.320833 0.223438 0.318750 0.190625 0.320833 0.150000 0.322917 0.110937 0.325000 0.076563 0.329167
6 0.059375 0.393750 0.068750 0.412500 0.104688 0.416667 0.137500 0.420833 0.173437 0.418750 0.204687 0.416667 0.245312 0.416667 0.282813 0.416667 0.318750 0.418750 0.356250 0.420833 0.404687 0.414583 0.382812 0.400000 0.346875 0.400000 0.310937 0.404167 0.279687 0.402083 0.239063 0.397917 0.203125 0.397917 0.170313 0.397917 0.135937 0.397917 0.095312 0.393750 0.060937 0.391667
4 0.821875 0.022917 0.821875 0.033333 0.821875 0.039583 0.821875 0.047917 0.821875 0.054167 0.823438 0.060417 0.828125 0.066667 0.834375 0.068750 0.840625 0.068750 0.846875 0.068750 0.851562 0.070833 0.857812 0.070833 0.860938 0.066667 0.860938 0.056250 0.860938 0.050000 0.859375 0.037500 0.857812 0.031250 0.854688 0.027083 0.848437 0.025000 0.842187 0.025000 0.835938 0.022917 0.829688 0.022917 0.821875 0.022917
4 0.904687 0.681250 0.898438 0.681250 0.893750 0.683333 0.890625 0.683333 0.884375 0.683333 0.884375 0.689583 0.881250 0.695833 0.881250 0.702083 0.881250 0.710417 0.881250 0.718750 0.881250 0.725000 0.884375 0.727083 0.890625 0.727083 0.893750 0.727083 0.900000 0.727083 0.903125 0.725000 0.906250 0.722917 0.909375 0.718750 0.910937 0.712500 0.910937 0.704167 0.907813 0.697917 0.906250 0.691667 0.904687 0.683333
4 0.068750 0.647917 0.051562 0.650000 0.046875 0.650000 0.040625 0.654167 0.039062 0.658333 0.034375 0.666667 0.032813 0.670833 0.032813 0.679167 0.032813 0.685417 0.034375 0.693750 0.037500 0.695833 0.043750 0.697917 0.050000 0.697917 0.054688 0.695833 0.059375 0.693750 0.060937 0.689583 0.064062 0.683333 0.065625 0.675000 0.065625 0.666667 0.065625 0.660417 0.067187 0.654167 0.068750 0.650000
4 0.135937 0.045833 0.131250 0.045833 0.126562 0.045833 0.120313 0.045833 0.114062 0.045833 0.112500 0.047917 0.114062 0.054167 0.114062 0.064583 0.114062 0.070833 0.110937 0.075000 0.110937 0.081250 0.110937 0.085417 0.117188 0.085417 0.123438 0.085417 0.128125 0.085417 0.131250 0.081250 0.134375 0.072917 0.135937 0.064583 0.135937 0.056250 0.135937 0.050000 0.135937 0.047917
