0 0.757812 0.487500 0.721875 0.491667 0.700000 0.481250 0.667188 0.464583 0.645312 0.462500 0.626563 0.458333 0.612500 0.468750 0.610938 0.493750 0.603125 0.518750 0.598437 0.554167 0.607812 0.570833 0.628125 0.564583 0.653125 0.568750 0.670312 0.581250 0.693750 0.597917 0.714063 0.604167 0.737500 0.610417 0.751563 0.591667 0.759375 0.568750 0.760938 0.537500 0.757812 0.500000
0 0.325000 0.710417 0.298438 0.712500 0.267188 0.718750 0.250000 0.735417 0.259375 0.758333 0.262500 0.795833 0.262500 0.829167 0.260937 0.841667 0.257812 0.881250 0.264062 0.914583 0.281250 0.937500 0.304688 0.945833 0.335938 0.950000 0.356250 0.935417 0.364063 0.904167 0.351562 0.862500 0.346875 0.825000 0.348438 0.785417 0.350000 0.741667 0.346875 0.710417 0.325000 0.702083
0 0.312500 0.002083 0.312500 0.037500 0.312500 0.060417 0.314063 0.083333 0.307812 0.104167 0.301563 0.125000 0.295312 0.141667 0.309375 0.156250 0.334375 0.162500 0.354687 0.162500 0.378125 0.158333 0.389062 0.139583 0.387500 0.118750 0.382812 0.093750 0.385937 0.070833 0.387500 0.037500 0.387500 0.012500 0.375000 0.000000 0.354687 0.000000 0.334375 -0.004167 0.312500 -0.004167
0 0.189062 0.254167 0.167187 0.254167 0.143750 0.254167 0.120313 0.250000 0.101562 0.241667 0.079687 0.235417 0.062500 0.237500 0.053125 0.258333 0.048438 0.285417 0.042188 0.314583 0.043750 0.343750 0.068750 0.339583 0.093750 0.347917 0.114062 0.354167 0.140625 0.356250 0.162500 0.356250 0.185938 0.360417 0.195312 0.335417 0.196875 0.308333 0.207813 0.279167 0.201563 0.254167
3 0.659375 0.331250 0.654687 0.314583 0.651563 0.295833 0.646875 0.281250 0.637500 0.283333 0.625000 0.291667 0.610938 0.297917 0.600000 0.308333 0.585938 0.316667 0.576562 0.331250 0.570312 0.347917 0.560937 0.362500 0.560937 0.381250 0.560937 0.400000 0.570312 0.408333 0.581250 0.406250 0.595313 0.400000 0.607812 0.391667 0.621875 0.383333 0.637500 0.364583 0.654687 0.345833
3 0.446875 0.077083 0.428125 0.077083 0.412500 0.077083 0.396875 0.077083 0.382812 0.079167 0.379688 0.100000 0.379688 0.116667 0.379688 0.137500 0.379688 0.158333 0.381250 0.179167 0.381250 0.197917 0.392188 0.200000 0.409375 0.200000 0.423438 0.202083 0.434375 0.191667 0.434375 0.170833 0.431250 0.150000 0.428125 0.129167 0.431250 0.110417 0.435937 0.093750 0.437500 0.075000
3 0.434375 0.585417 0.437500 0.564583 0.440625 0.550000 0.442188 0.525000 0.437500 0.510417 0.429688 0.500000 0.421875 0.487500 0.415625 0.479167 0.403125 0.477083 0.396875 0.489583 0.393750 0.504167 0.389062 0.512500 0.379688 0.522917 0.376563 0.537500 0.382812 0.552083 0.385937 0.568750 0.385937 0.587500 0.389062 0.602083 0.398438 0.606250 0.412500 0.600000 0.431250 0.589583
3 0.273438 0.252083 0.245312 0.250000 0.240625 0.262500 0.237500 0.279167 0.237500 0.295833 0.237500 0.314583 0.240625 0.331250 0.245312 0.347917 0.248438 0.364583 0.250000 0.381250 0.254688 0.395833 0.262500 0.391667 0.273438 0.383333 0.279687 0.368750 0.282813 0.354167 0.282813 0.337500 0.284375 0.322917 0.285938 0.306250 0.285938 0.287500 0.282813 0.272917 0.276562 0.260417
7 0.627344 0.651042 0.101562 0.068750
7 0.267188 0.650000 0.245312 0.650000 0.232813 0.639583 0.223438 0.641667 0.218750 0.658333 0.209375 0.675000 0.198437 0.697917 0.198437 0.718750 0.198437 0.743750 0.195312 0.764583 0.195312 0.787500 0.200000 0.804167 0.217188 0.806250 0.237500 0.795833 0.245312 0.783333 0.250000 0.766667 0.250000 0.745833 0.254688 0.718750 0.259375 0.697917 0.262500 0.670833 0.267188 0.645833
7 0.075000 0.714583 0.043750 0.702083 0.015625 0.679167 -0.023438 0.681250 -0.048438 0.712500 -0.026562 0.743750 -0.015625 0.795833 -0.009375 0.843750 -0.003125 0.872917 -0.001563 0.912500 0.004687 0.960417 0.004687 1.008333 0.032813 1.031250 0.064062 1.000000 0.092188 0.993750 0.093750 0.947917 0.093750 0.891667 0.098437 0.841667 0.103125 0.783333 0.093750 0.745833 0.079687 0.720833
7 0.276562 0.050000 0.253125 0.041667 0.237500 0.041667 0.231250 0.054167 0.228125 0.077083 0.228125 0.097917 0.226562 0.118750 0.225000 0.139583 0.225000 0.160417 0.225000 0.179167 0.237500 0.179167 0.253125 0.175000 0.267188 0.166667 0.271875 0.147917 0.264062 0.133333 0.256250 0.118750 0.250000 0.106250 0.259375 0.095833 0.270313 0.083333 0.267188 0.064583 0.260937 0.052083
7 0.225000 0.139583 0.198437 0.141667 0.185938 0.141667 0.168750 0.137500 0.153125 0.137500 0.140625 0.133333 0.128125 0.137500 0.121875 0.150000 0.120313 0.166667 0.120313 0.185417 0.125000 0.197917 0.140625 0.197917 0.153125 0.197917 0.165625 0.200000 0.179688 0.202083 0.192188 0.206250 0.204687 0.208333 0.218750 0.202083 0.218750 0.179167 0.218750 0.158333 0.218750 0.137500
6 0.582812 0.004167 0.579688 0.112500 0.590625 0.191667 0.618750 0.231250 0.698438 0.243750 0.768750 0.254167 0.831250 0.264583 0.892188 0.275000 0.943750 0.285417 0.992188 0.291667 0.978125 0.258333 0.920312 0.250000 0.873437 0.235417 0.821875 0.227083 0.771875 0.218750 0.715625 0.206250 0.651563 0.197917 0.618750 0.164583 0.615625 0.093750 0.612500 0.025000 0.582812 0.000000
6 0.407813 0.000000 0.401562 0.027083 0.401562 0.037500 0.401562 0.050000 0.401562 0.062500 0.401562 0.072917 0.403125 0.083333 0.409375 0.085417 0.418750 0.089583 0.428125 0.089583 0.434375 0.087500 0.437500 0.079167 0.437500 0.068750 0.439063 0.056250 0.440625 0.043750 0.442188 0.033333 0.440625 0.020833 0.437500 0.012500 0.432812 0.004167 0.426563 0.004167 0.418750 0.004167 0.410938 0.004167
6 0.259375 0.004167 0.260937 0.033333 0.260937 0.045833 0.265625 0.054167 0.265625 0.068750 0.262500 0.077083 0.257812 0.089583 0.254688 0.102083 0.257812 0.110417 0.264062 0.116667 0.270313 0.116667 0.276562 0.106250 0.279687 0.093750 0.279687 0.079167 0.282813 0.070833 0.282813 0.058333 0.282813 0.043750 0.282813 0.033333 0.282813 0.020833 0.279687 0.008333 0.273438 0.004167
6 0.253125 0.218750 0.228125 0.218750 0.198437 0.214583 0.170313 0.208333 0.135937 0.210417 0.109375 0.208333 0.070312 0.210417 0.043750 0.212500 0.014063 0.212500 -0.003125 0.222917 0.001563 0.243750 0.028125 0.239583 0.053125 0.237500 0.081250 0.239583 0.107813 0.250000 0.140625 0.252083 0.173437 0.252083 0.203125 0.252083 0.228125 0.252083 0.253125 0.243750 0.256250 0.218750
6 0.240625 0.143750 0.239063 0.154167 0.239063 0.164583 0.239063 0.172917 0.239063 0.181250 0.239063 0.189583 0.239063 0.197917 0.240625 0.206250 0.245312 0.210417 0.251563 0.210417 0.259375 0.210417 0.264062 0.208333 0.270313 0.202083 0.270313 0.195833 0.270313 0.187500 0.270313 0.179167 0.270313 0.170833 0.270313 0.162500 0.262500 0.160417 0.257812 0.158333 0.251563 0.156250 0.245312 0.154167
6 1.001562 0.445833 0.953125 0.443750 0.898438 0.441667 0.854688 0.437500 0.812500 0.431250 0.781250 0.416667 0.735938 0.414583 0.682813 0.414583 0.631250 0.420833 0.593750 0.420833 0.607812 0.454167 0.651563 0.464583 0.706250 0.468750 0.757812 0.466667 0.807813 0.466667 0.851562 0.468750 0.893750 0.477083 0.939063 0.481250 0.976562 0.489583 1.003125 0.487500
6 0.996875 0.654167 0.918750 0.662500 0.848437 0.656250 0.804688 0.654167 0.764062 0.652083 0.725000 0.652083 0.692187 0.650000 0.673438 0.658333 0.664062 0.681250 0.682813 0.697917 0.710938 0.697917 0.740625 0.697917 0.773438 0.700000 0.806250 0.702083 0.842187 0.702083 0.881250 0.700000 0.907813 0.700000 0.939063 0.700000 0.967187 0.697917 0.998437 0.693750 1.000000 0.662500
6 0.600000 0.739583 0.598437 0.702083 0.589063 0.675000 0.570312 0.685417 0.570312 0.722917 0.567187 0.762500 0.568750 0.779167 0.570312 0.816667 0.568750 0.854167 0.565625 0.897917 0.567187 0.937500 0.570312 0.972917 0.573438 1.000000 0.596875 0.993750 0.600000 0.960417 0.600000 0.925000 0.600000 0.891667 0.598437 0.852083 0.598437 0.814583 0.600000 0.768750 0.600000 0.731250
6 0.415625 0.706250 0.395313 0.702083 0.384375 0.727083 0.379688 0.756250 0.378125 0.793750 0.379688 0.827083 0.379688 0.860417 0.379688 0.895833 0.379688 0.954167 0.382812 0.981250 0.398438 0.993750 0.418750 0.993750 0.421875 0.966667 0.418750 0.933333 0.418750 0.902083 0.421875 0.875000 0.421875 0.843750 0.418750 0.808333 0.418750 0.777083 0.415625 0.750000 0.414062 0.716667
6 0.214062 0.795833 0.204687 0.831250 0.204687 0.852083 0.204687 0.881250 0.206250 0.904167 0.206250 0.927083 0.207813 0.950000 0.207813 0.977083 0.214062 0.993750 0.231250 1.000000 0.243750 0.995833 0.246875 0.977083 0.246875 0.956250 0.246875 0.933333 0.243750 0.908333 0.240625 0.883333 0.240625 0.856250 0.240625 0.827083 0.235937 0.806250 0.228125 0.793750 0.214062 0.789583
6 0.225000 0.610417 0.201563 0.610417 0.175000 0.606250 0.156250 0.602083 0.093750 0.602083 0.057813 0.600000 0.031250 0.597917 0.000000 0.597917 -0.001563 0.622917 0.003125 0.639583 0.029687 0.639583 0.062500 0.641667 0.082812 0.645833 0.107813 0.645833 0.131250 0.650000 0.154688 0.652083 0.182812 0.652083 0.203125 0.650000 0.223438 0.647917 0.232813 0.635417 0.228125 0.610417
6 0.189062 0.387500 0.167187 0.385417 0.140625 0.383333 0.123438 0.379167 0.089063 0.383333 0.067187 0.383333 0.034375 0.381250 0.010937 0.381250 0.000000 0.391667 0.001563 0.416667 0.014063 0.422917 0.031250 0.425000 0.059375 0.425000 0.092188 0.425000 0.118750 0.422917 0.137500 0.422917 0.168750 0.422917 0.190625 0.420833 0.204687 0.412500 0.198437 0.391667 0.185938 0.381250
1 0.660937 0.206250 0.651563 0.206250 0.642188 0.202083 0.634375 0.197917 0.621875 0.195833 0.614062 0.195833 0.606250 0.195833 0.595313 0.195833 0.593750 0.208333 0.592187 0.218750 0.600000 0.220833 0.607812 0.222917 0.615625 0.222917 0.628125 0.222917 0.637500 0.225000 0.648438 0.227083 0.657813 0.227083 0.667188 0.229167 0.662500 0.218750 0.659375 0.206250 0.657813 0.200000
1 0.781250 0.225000 0.776563 0.225000 0.767188 0.225000 0.764062 0.225000 0.757812 0.222917 0.751563 0.222917 0.743750 0.218750 0.739062 0.218750 0.734375 0.216667 0.729688 0.216667 0.729688 0.220833 0.729688 0.227083 0.729688 0.231250 0.729688 0.237500 0.731250 0.239583 0.734375 0.243750 0.739062 0.243750 0.750000 0.243750 0.764062 0.243750 0.770312 0.243750 0.773438 0.243750 0.773438 0.235417 0.773438 0.227083 0.773438 0.222917
1 0.875000 0.245833 0.865625 0.250000 0.860938 0.250000 0.856250 0.247917 0.848437 0.245833 0.845313 0.243750 0.842187 0.239583 0.839063 0.237500 0.832812 0.235417 0.829688 0.235417 0.823438 0.243750 0.821875 0.250000 0.821875 0.254167 0.826562 0.258333 0.832812 0.262500 0.840625 0.262500 0.851562 0.262500 0.857812 0.262500 0.864062 0.262500 0.868750 0.260417 0.873437 0.258333 0.873437 0.250000 0.871875 0.243750
1 0.953125 0.262500 0.945312 0.262500 0.940625 0.262500 0.937500 0.260417 0.934375 0.258333 0.931250 0.258333 0.928125 0.258333 0.925000 0.260417 0.923438 0.264583 0.923438 0.268750 0.923438 0.275000 0.923438 0.279167 0.926562 0.279167 0.932813 0.281250 0.942187 0.281250 0.954688 0.279167 0.957812 0.279167 0.960938 0.279167 0.960938 0.275000 0.959375 0.268750 0.957812 0.262500 0.957812 0.258333
1 0.609375 0.054167 0.598437 0.058333 0.592187 0.058333 0.589063 0.064583 0.585938 0.077083 0.585938 0.085417 0.585938 0.093750 0.585938 0.100000 0.585938 0.106250 0.592187 0.106250 0.598437 0.110417 0.609375 0.112500 0.615625 0.114583 0.620313 0.110417 0.618750 0.102083 0.617188 0.089583 0.617188 0.081250 0.615625 0.072917 0.615625 0.064583 0.612500 0.056250 0.609375 0.050000
1 0.437500 0.025000 0.418750 0.025000 0.412500 0.025000 0.410938 0.033333 0.409375 0.037500 0.409375 0.045833 0.407813 0.054167 0.407813 0.060417 0.406250 0.068750 0.406250 0.072917 0.410938 0.072917 0.417187 0.072917 0.421875 0.072917 0.426563 0.072917 0.431250 0.070833 0.431250 0.066667 0.432812 0.056250 0.432812 0.050000 0.432812 0.041667 0.432812 0.035417 0.432812 0.029167
1 0.270313 0.072917 0.262500 0.083333 0.257812 0.087500 0.256250 0.089583 0.256250 0.093750 0.254688 0.097917 0.254688 0.102083 0.254688 0.106250 0.256250 0.110417 0.259375 0.110417 0.262500 0.110417 0.267188 0.112500 0.270313 0.114583 0.273438 0.110417 0.273438 0.106250 0.273438 0.100000 0.273438 0.095833 0.273438 0.089583 0.273438 0.085417 0.273438 0.077083 0.273438 0.072917 0.273438 0.066667 0.273438 0.062500 0.275000 0.060417
1 0.251563 0.214583 0.245312 0.214583 0.237500 0.214583 0.228125 0.214583 0.218750 0.214583 0.209375 0.214583 0.204687 0.212500 0.198437 0.212500 0.192188 0.218750 0.190625 0.222917 0.190625 0.229167 0.192188 0.235417 0.196875 0.239583 0.198437 0.243750 0.204687 0.245833 0.209375 0.247917 0.214062 0.250000 0.220312 0.250000 0.229687 0.245833 0.243750 0.239583 0.248438 0.235417 0.250000 0.227083 0.250000 0.218750
1 0.118750 0.216667 0.107813 0.216667 0.101562 0.214583 0.096875 0.214583 0.089063 0.212500 0.082812 0.210417 0.075000 0.210417 0.067187 0.210417 0.065625 0.218750 0.067187 0.222917 0.068750 0.231250 0.071875 0.235417 0.076563 0.235417 0.082812 0.235417 0.089063 0.239583 0.093750 0.239583 0.101562 0.243750 0.110937 0.243750 0.115625 0.243750 0.120313 0.235417 0.121875 0.227083 0.121875 0.218750
1 0.010937 0.216667 0.009375 0.216667 0.004687 0.216667 0.004687 0.216667 0.001563 0.216667 0.001563 0.216667 0.000000 0.218750 0.000000 0.218750 0.001563 0.225000 0.001563 0.227083 0.001563 0.229167 0.001563 0.231250 0.001563 0.235417 0.003125 0.235417 0.004687 0.235417 0.004687 0.235417 0.004687 0.233333 0.004687 0.229167 0.006250 0.227083 0.006250 0.222917 0.006250 0.222917 0.006250 0.218750 0.006250 0.218750 0.006250 0.216667
1 0.195312 0.387500 0.184375 0.387500 0.173437 0.381250 0.165625 0.379167 0.157812 0.379167 0.150000 0.381250 0.140625 0.387500 0.134375 0.391667 0.128125 0.393750 0.126562 0.400000 0.126562 0.408333 0.128125 0.414583 0.135937 0.414583 0.146875 0.414583 0.154688 0.414583 0.162500 0.414583 0.173437 0.414583 0.181250 0.414583 0.187500 0.412500 0.187500 0.404167 0.187500 0.391667 0.185938 0.385417
1 0.046875 0.387500 0.039062 0.387500 0.031250 0.387500 0.023438 0.383333 0.017188 0.383333 0.010937 0.385417 0.004687 0.389583 0.004687 0.397917 0.004687 0.408333 0.007812 0.412500 0.014063 0.412500 0.023438 0.414583 0.031250 0.414583 0.037500 0.416667 0.043750 0.416667 0.059375 0.406250 0.062500 0.404167 0.057813 0.397917 0.053125 0.391667 0.050000 0.387500 0.045312 0.385417 0.040625 0.383333 0.035937 0.379167
1 0.225000 0.616667 0.217188 0.616667 0.207813 0.614583 0.200000 0.610417 0.192188 0.610417 0.182812 0.612500 0.171875 0.616667 0.164062 0.616667 0.159375 0.622917 0.156250 0.633333 0.156250 0.641667 0.162500 0.645833 0.168750 0.645833 0.178125 0.645833 0.189062 0.645833 0.195312 0.645833 0.203125 0.641667 0.209375 0.641667 0.215625 0.641667 0.221875 0.639583 0.225000 0.633333 0.225000 0.625000 0.225000 0.616667
1 0.079687 0.608333 0.059375 0.610417 0.053125 0.610417 0.046875 0.610417 0.040625 0.610417 0.032813 0.610417 0.026562 0.610417 0.023438 0.614583 0.023438 0.622917 0.026562 0.629167 0.028125 0.633333 0.034375 0.635417 0.040625 0.639583 0.046875 0.641667 0.053125 0.641667 0.068750 0.641667 0.076563 0.641667 0.081250 0.637500 0.082812 0.629167 0.082812 0.620833 0.082812 0.612500 0.082812 0.604167
1 0.232813 0.802083 0.228125 0.800000 0.223438 0.795833 0.220312 0.795833 0.218750 0.795833 0.217188 0.795833 0.217188 0.800000 0.217188 0.804167 0.217188 0.808333 0.217188 0.810417 0.217188 0.814583 0.217188 0.818750 0.218750 0.818750 0.221875 0.818750 0.225000 0.818750 0.229687 0.818750 0.232813 0.818750 0.235937 0.818750 0.237500 0.818750 0.237500 0.814583 0.237500 0.814583 0.237500 0.810417 0.234375 0.808333 0.232813 0.804167 0.231250 0.802083 0.229687 0.800000 0.229687 0.795833
1 0.406250 0.710417 0.387500 0.712500 0.382812 0.722917 0.382812 0.735417 0.382812 0.750000 0.382812 0.762500 0.381250 0.775000 0.379688 0.791667 0.382812 0.802083 0.389062 0.808333 0.396875 0.812500 0.403125 0.808333 0.406250 0.802083 0.410938 0.791667 0.414062 0.779167 0.415625 0.762500 0.415625 0.747917 0.415625 0.731250 0.415625 0.716667 0.412500 0.708333 0.406250 0.706250 0.400000 0.706250
1 0.409375 0.904167 0.400000 0.904167 0.392188 0.904167 0.385937 0.908333 0.384375 0.920833 0.384375 0.935417 0.384375 0.950000 0.384375 0.960417 0.384375 0.970833 0.389062 0.977083 0.392188 0.985417 0.396875 0.989583 0.406250 0.991667 0.409375 0.985417 0.410938 0.975000 0.412500 0.964583 0.412500 0.950000 0.412500 0.937500 0.414062 0.927083 0.414062 0.914583 0.412500 0.904167
1 0.595313 0.758333 0.582812 0.758333 0.576562 0.760417 0.573438 0.775000 0.570312 0.789583 0.570312 0.800000 0.570312 0.814583 0.570312 0.822917 0.570312 0.831250 0.570312 0.839583 0.576562 0.845833 0.582812 0.847917 0.585938 0.843750 0.590625 0.839583 0.595313 0.827083 0.595313 0.814583 0.595313 0.802083 0.596875 0.787500 0.596875 0.775000 0.596875 0.766667 0.596875 0.758333
1 0.600000 0.920833 0.589063 0.920833 0.582812 0.920833 0.579688 0.925000 0.576562 0.935417 0.576562 0.943750 0.576562 0.954167 0.576562 0.960417 0.576562 0.968750 0.576562 0.977083 0.578125 0.983333 0.582812 0.987500 0.585938 0.989583 0.589063 0.985417 0.596875 0.970833 0.600000 0.964583 0.600000 0.956250 0.600000 0.947917 0.600000 0.935417 0.600000 0.925000
1 0.234375 0.912500 0.221875 0.908333 0.214062 0.910417 0.215625 0.920833 0.215625 0.929167 0.215625 0.937500 0.215625 0.947917 0.215625 0.956250 0.215625 0.964583 0.215625 0.972917 0.215625 0.985417 0.217188 0.991667 0.225000 0.991667 0.231250 0.993750 0.234375 0.983333 0.235937 0.975000 0.235937 0.964583 0.235937 0.954167 0.235937 0.943750 0.235937 0.931250 0.235937 0.920833
1 0.778125 0.431250 0.771875 0.431250 0.764062 0.431250 0.759375 0.431250 0.751563 0.429167 0.746875 0.429167 0.729688 0.429167 0.723437 0.431250 0.725000 0.435417 0.728125 0.439583 0.729688 0.443750 0.731250 0.447917 0.734375 0.454167 0.735938 0.460417 0.740625 0.460417 0.748437 0.460417 0.762500 0.460417 0.767188 0.460417 0.776563 0.454167 0.776563 0.447917 0.776563 0.441667 0.773438 0.433333
1 0.648438 0.422917 0.640625 0.420833 0.631250 0.420833 0.625000 0.420833 0.618750 0.420833 0.612500 0.420833 0.606250 0.420833 0.601562 0.425000 0.598437 0.431250 0.603125 0.439583 0.606250 0.445833 0.610938 0.450000 0.615625 0.452083 0.626563 0.452083 0.635938 0.452083 0.643750 0.452083 0.650000 0.452083 0.654687 0.447917 0.654687 0.437500 0.654687 0.429167 0.650000 0.425000
1 0.878125 0.443750 0.870313 0.443750 0.862500 0.439583 0.854688 0.439583 0.850000 0.439583 0.845313 0.439583 0.839063 0.443750 0.835938 0.447917 0.832812 0.450000 0.832812 0.456250 0.839063 0.460417 0.842187 0.464583 0.845313 0.466667 0.850000 0.468750 0.856250 0.470833 0.864062 0.470833 0.870313 0.470833 0.875000 0.470833 0.878125 0.468750 0.879687 0.464583 0.881250 0.458333 0.881250 0.452083
1 0.950000 0.447917 0.945312 0.447917 0.942187 0.445833 0.939063 0.443750 0.934375 0.443750 0.932813 0.445833 0.929688 0.447917 0.926562 0.456250 0.923438 0.460417 0.921875 0.464583 0.921875 0.468750 0.923438 0.472917 0.926562 0.472917 0.932813 0.472917 0.937500 0.472917 0.942187 0.472917 0.945312 0.475000 0.950000 0.477083 0.953125 0.477083 0.954688 0.472917 0.954688 0.468750 0.954688 0.460417 0.954688 0.456250 0.953125 0.454167
1 1.001562 0.456250 1.000000 0.456250 0.996875 0.456250 0.993750 0.456250 0.992188 0.456250 0.990625 0.460417 0.990625 0.464583 0.990625 0.468750 0.990625 0.470833 0.990625 0.472917 0.993750 0.475000 0.995313 0.477083 0.996875 0.477083 0.996875 0.481250 0.998437 0.477083 0.998437 0.470833 0.998437 0.468750 0.998437 0.464583 0.998437 0.460417 0.998437 0.458333 1.000000 0.454167
1 0.996875 0.660417 0.990625 0.662500 0.987500 0.664583 0.981250 0.664583 0.976562 0.664583 0.971875 0.664583 0.968750 0.664583 0.967187 0.670833 0.967187 0.675000 0.967187 0.681250 0.967187 0.687500 0.975000 0.689583 0.984375 0.689583 0.990625 0.689583 0.993750 0.689583 0.996875 0.689583 0.998437 0.683333 0.996875 0.675000 0.996875 0.666667 0.995313 0.662500 0.995313 0.658333
1 0.906250 0.658333 0.890625 0.662500 0.881250 0.662500 0.876563 0.662500 0.870313 0.662500 0.864062 0.664583 0.857812 0.666667 0.851562 0.666667 0.848437 0.675000 0.846875 0.679167 0.848437 0.683333 0.854688 0.689583 0.860938 0.689583 0.867188 0.689583 0.871875 0.689583 0.881250 0.689583 0.885938 0.689583 0.893750 0.689583 0.900000 0.689583 0.903125 0.679167 0.903125 0.668750 0.903125 0.662500 0.903125 0.656250
1 0.804688 0.658333 0.790625 0.658333 0.784375 0.658333 0.776563 0.658333 0.770312 0.658333 0.764062 0.662500 0.757812 0.664583 0.753125 0.670833 0.753125 0.679167 0.754687 0.685417 0.757812 0.689583 0.762500 0.691667 0.767188 0.691667 0.776563 0.693750 0.789062 0.693750 0.801562 0.693750 0.806250 0.689583 0.806250 0.683333 0.806250 0.672917 0.803125 0.662500 0.803125 0.654167
1 0.689063 0.654167 0.682813 0.654167 0.681250 0.656250 0.679688 0.656250 0.678125 0.658333 0.675000 0.662500 0.675000 0.666667 0.675000 0.670833 0.675000 0.672917 0.675000 0.677083 0.675000 0.679167 0.676562 0.679167 0.679688 0.683333 0.679688 0.687500 0.682813 0.689583 0.682813 0.691667 0.684375 0.689583 0.687500 0.683333 0.687500 0.679167 0.687500 0.675000 0.687500 0.672917 0.687500 0.668750 0.687500 0.666667 0.687500 0.662500 0.687500 0.658333 0.687500 0.656250
2 0.429688 0.002083 0.425000 0.002083 0.421875 0.004167 0.418750 0.004167 0.414062 0.006250 0.412500 0.008333 0.409375 0.010417 0.407813 0.014583 0.409375 0.018750 0.409375 0.025000 0.412500 0.025000 0.418750 0.025000 0.423438 0.022917 0.428125 0.020833 0.431250 0.020833 0.437500 0.016667 0.440625 0.016667 0.440625 0.012500 0.439063 0.004167 0.437500 0.002083 0.434375 0.000000
2 0.278125 0.006250 0.273438 0.006250 0.270313 0.006250 0.267188 0.008333 0.264062 0.010417 0.262500 0.016667 0.259375 0.020833 0.259375 0.025000 0.259375 0.029167 0.259375 0.033333 0.259375 0.039583 0.259375 0.045833 0.262500 0.054167 0.265625 0.056250 0.267188 0.054167 0.270313 0.050000 0.273438 0.047917 0.276562 0.045833 0.278125 0.041667 0.278125 0.027083 0.278125 0.016667 0.276562 0.002083 0.275000 -0.004167 0.273438 -0.006250
2 0.267188 0.162500 0.262500 0.164583 0.260937 0.166667 0.259375 0.166667 0.257812 0.170833 0.257812 0.175000 0.256250 0.181250 0.256250 0.189583 0.256250 0.193750 0.256250 0.197917 0.256250 0.202083 0.257812 0.202083 0.260937 0.202083 0.262500 0.202083 0.265625 0.197917 0.267188 0.189583 0.267188 0.181250 0.267188 0.177083 0.267188 0.170833 0.267188 0.164583 0.267188 0.162500 0.267188 0.158333
2 0.181250 0.216667 0.165625 0.214583 0.159375 0.212500 0.153125 0.212500 0.143750 0.210417 0.135937 0.210417 0.131250 0.212500 0.128125 0.218750 0.128125 0.225000 0.128125 0.235417 0.129688 0.237500 0.134375 0.235417 0.145313 0.235417 0.153125 0.237500 0.160938 0.239583 0.165625 0.243750 0.173437 0.245833 0.181250 0.245833 0.185938 0.245833 0.185938 0.239583 0.187500 0.229167 0.189062 0.218750
2 0.062500 0.214583 0.053125 0.214583 0.046875 0.214583 0.035937 0.214583 0.031250 0.214583 0.026562 0.212500 0.020313 0.212500 0.017188 0.212500 0.012500 0.214583 0.014063 0.218750 0.014063 0.229167 0.014063 0.235417 0.017188 0.239583 0.023438 0.239583 0.034375 0.239583 0.042188 0.239583 0.046875 0.239583 0.051562 0.239583 0.056250 0.239583 0.059375 0.235417 0.059375 0.229167 0.059375 0.218750 0.059375 0.212500
2 0.118750 0.383333 0.107813 0.385417 0.098437 0.387500 0.089063 0.387500 0.079687 0.389583 0.071875 0.389583 0.065625 0.391667 0.062500 0.395833 0.059375 0.404167 0.060937 0.408333 0.065625 0.412500 0.070312 0.412500 0.082812 0.414583 0.092188 0.416667 0.103125 0.418750 0.110937 0.418750 0.117188 0.416667 0.118750 0.408333 0.118750 0.400000 0.118750 0.391667 0.118750 0.387500
2 0.148438 0.610417 0.135937 0.610417 0.121875 0.610417 0.107813 0.610417 0.100000 0.610417 0.093750 0.610417 0.089063 0.616667 0.089063 0.625000 0.092188 0.629167 0.096875 0.633333 0.103125 0.633333 0.110937 0.633333 0.117188 0.633333 0.123438 0.633333 0.131250 0.635417 0.140625 0.637500 0.148438 0.637500 0.153125 0.633333 0.153125 0.622917 0.153125 0.606250
2 0.018750 0.614583 0.015625 0.610417 0.012500 0.606250 0.009375 0.604167 0.007812 0.600000 0.004687 0.597917 0.001563 0.597917 0.000000 0.600000 0.000000 0.602083 0.000000 0.606250 0.000000 0.612500 0.000000 0.616667 0.001563 0.620833 0.004687 0.627083 0.004687 0.629167 0.006250 0.633333 0.009375 0.633333 0.012500 0.633333 0.015625 0.633333 0.017188 0.631250 0.020313 0.629167 0.020313 0.622917 0.020313 0.618750 0.020313 0.614583
2 0.234375 0.822917 0.226562 0.825000 0.221875 0.827083 0.217188 0.829167 0.215625 0.835417 0.214062 0.843750 0.214062 0.852083 0.215625 0.864583 0.215625 0.875000 0.215625 0.885417 0.215625 0.897917 0.217188 0.906250 0.220312 0.912500 0.225000 0.910417 0.228125 0.906250 0.232813 0.904167 0.237500 0.902083 0.237500 0.895833 0.237500 0.864583 0.237500 0.845833 0.235937 0.825000 0.234375 0.816667
2 0.409375 0.804167 0.400000 0.804167 0.392188 0.804167 0.389062 0.808333 0.385937 0.818750 0.385937 0.835417 0.385937 0.847917 0.385937 0.858333 0.385937 0.868750 0.385937 0.877083 0.389062 0.881250 0.392188 0.885417 0.396875 0.887500 0.401562 0.889583 0.406250 0.889583 0.410938 0.887500 0.410938 0.879167 0.410938 0.864583 0.410938 0.852083 0.409375 0.843750 0.407813 0.831250 0.406250 0.804167 0.403125 0.800000
2 0.600000 0.702083 0.593750 0.700000 0.589063 0.700000 0.585938 0.700000 0.582812 0.704167 0.579688 0.716667 0.579688 0.722917 0.578125 0.729167 0.576562 0.735417 0.576562 0.741667 0.576562 0.747917 0.578125 0.754167 0.579688 0.758333 0.584375 0.758333 0.587500 0.754167 0.590625 0.750000 0.593750 0.745833 0.595313 0.735417 0.596875 0.731250 0.596875 0.722917 0.596875 0.712500 0.596875 0.704167
2 0.590625 0.847917 0.582812 0.847917 0.576562 0.850000 0.573438 0.852083 0.573438 0.862500 0.573438 0.875000 0.573438 0.881250 0.573438 0.889583 0.573438 0.900000 0.573438 0.908333 0.576562 0.914583 0.578125 0.920833 0.584375 0.920833 0.589063 0.920833 0.593750 0.918750 0.595313 0.912500 0.596875 0.900000 0.596875 0.889583 0.596875 0.881250 0.596875 0.868750 0.595313 0.856250 0.595313 0.847917 0.590625 0.843750
2 0.746875 0.660417 0.735938 0.658333 0.726562 0.660417 0.714063 0.662500 0.706250 0.662500 0.700000 0.662500 0.698438 0.666667 0.698438 0.679167 0.698438 0.689583 0.703125 0.693750 0.712500 0.693750 0.726562 0.693750 0.742188 0.691667 0.746875 0.689583 0.751563 0.689583 0.754687 0.683333 0.754687 0.670833 0.751563 0.662500 0.746875 0.658333 0.739062 0.658333 0.729688 0.658333
2 0.839063 0.660417 0.831250 0.660417 0.826562 0.660417 0.821875 0.660417 0.818750 0.660417 0.814063 0.662500 0.809375 0.662500 0.809375 0.666667 0.806250 0.672917 0.806250 0.679167 0.807813 0.683333 0.809375 0.687500 0.812500 0.689583 0.817187 0.689583 0.821875 0.689583 0.829688 0.689583 0.832812 0.689583 0.839063 0.685417 0.843750 0.681250 0.848437 0.679167 0.848437 0.672917 0.848437 0.666667 0.846875 0.662500
2 0.957812 0.662500 0.950000 0.662500 0.943750 0.662500 0.937500 0.662500 0.932813 0.662500 0.926562 0.664583 0.918750 0.666667 0.915625 0.666667 0.912500 0.668750 0.909375 0.679167 0.907813 0.683333 0.909375 0.689583 0.915625 0.689583 0.918750 0.689583 0.926562 0.689583 0.934375 0.685417 0.940625 0.683333 0.945312 0.683333 0.950000 0.683333 0.954688 0.683333 0.960938 0.679167 0.957812 0.675000 0.957812 0.668750 0.954688 0.666667
2 0.982812 0.460417 0.978125 0.460417 0.975000 0.460417 0.970313 0.460417 0.967187 0.458333 0.964063 0.458333 0.960938 0.456250 0.957812 0.456250 0.957812 0.458333 0.957812 0.462500 0.957812 0.466667 0.957812 0.470833 0.960938 0.477083 0.960938 0.479167 0.964063 0.481250 0.968750 0.481250 0.973437 0.481250 0.978125 0.481250 0.982812 0.481250 0.984375 0.479167 0.984375 0.475000 0.984375 0.468750 0.984375 0.464583 0.982812 0.460417
2 0.917188 0.447917 0.910937 0.447917 0.903125 0.447917 0.900000 0.447917 0.896875 0.443750 0.892188 0.443750 0.887500 0.443750 0.885938 0.447917 0.885938 0.456250 0.885938 0.464583 0.885938 0.470833 0.889062 0.472917 0.893750 0.472917 0.896875 0.472917 0.900000 0.472917 0.904687 0.470833 0.909375 0.466667 0.912500 0.464583 0.915625 0.462500 0.917188 0.460417 0.918750 0.454167 0.918750 0.447917 0.918750 0.443750
2 0.826562 0.439583 0.821875 0.437500 0.815625 0.435417 0.809375 0.435417 0.803125 0.433333 0.796875 0.433333 0.792188 0.433333 0.787500 0.435417 0.784375 0.439583 0.781250 0.443750 0.781250 0.450000 0.782813 0.456250 0.787500 0.460417 0.793750 0.460417 0.801562 0.462500 0.806250 0.462500 0.812500 0.462500 0.818750 0.462500 0.821875 0.462500 0.828125 0.460417 0.831250 0.456250 0.831250 0.447917 0.829688 0.441667
2 0.721875 0.431250 0.709375 0.431250 0.698438 0.431250 0.689063 0.429167 0.679688 0.429167 0.668750 0.425000 0.660937 0.425000 0.660937 0.437500 0.660937 0.450000 0.662500 0.458333 0.671875 0.460417 0.695312 0.456250 0.709375 0.454167 0.721875 0.454167 0.726562 0.450000 0.725000 0.437500 0.720313 0.429167 0.712500 0.422917 0.701562 0.422917 0.692187 0.422917 0.682813 0.425000 0.675000 0.425000
2 0.612500 0.127083 0.603125 0.127083 0.596875 0.127083 0.590625 0.127083 0.585938 0.129167 0.584375 0.135417 0.582812 0.141667 0.582812 0.150000 0.584375 0.160417 0.585938 0.166667 0.585938 0.172917 0.589063 0.179167 0.592187 0.183333 0.600000 0.183333 0.603125 0.183333 0.609375 0.183333 0.612500 0.162500 0.612500 0.156250 0.612500 0.145833 0.612500 0.139583 0.612500 0.133333
2 0.607812 0.016667 0.603125 0.014583 0.598437 0.012500 0.595313 0.010417 0.590625 0.010417 0.585938 0.016667 0.582812 0.020833 0.582812 0.027083 0.585938 0.033333 0.585938 0.041667 0.585938 0.050000 0.585938 0.054167 0.589063 0.056250 0.593750 0.056250 0.598437 0.056250 0.603125 0.056250 0.606250 0.054167 0.606250 0.043750 0.606250 0.037500 0.606250 0.029167 0.606250 0.022917 0.606250 0.016667
2 0.721875 0.216667 0.703125 0.212500 0.692187 0.210417 0.684375 0.210417 0.678125 0.208333 0.670312 0.208333 0.667188 0.212500 0.667188 0.220833 0.670312 0.227083 0.676562 0.229167 0.681250 0.233333 0.687500 0.235417 0.695312 0.235417 0.703125 0.235417 0.709375 0.237500 0.714063 0.237500 0.720313 0.237500 0.721875 0.233333 0.721875 0.220833 0.721875 0.214583
2 0.817187 0.235417 0.810937 0.231250 0.806250 0.229167 0.800000 0.227083 0.795312 0.222917 0.790625 0.222917 0.785937 0.222917 0.781250 0.222917 0.779687 0.229167 0.779687 0.235417 0.779687 0.241667 0.781250 0.250000 0.784375 0.252083 0.787500 0.254167 0.793750 0.258333 0.800000 0.258333 0.804688 0.258333 0.812500 0.258333 0.817187 0.258333 0.818750 0.254167 0.818750 0.245833 0.818750 0.239583
2 0.917188 0.254167 0.910937 0.252083 0.903125 0.250000 0.893750 0.247917 0.887500 0.245833 0.881250 0.243750 0.876563 0.243750 0.875000 0.250000 0.875000 0.258333 0.876563 0.262500 0.878125 0.266667 0.881250 0.268750 0.890625 0.270833 0.896875 0.270833 0.906250 0.270833 0.915625 0.270833 0.918750 0.270833 0.923438 0.270833 0.923438 0.262500 0.918750 0.258333 0.917188 0.254167
2 0.990625 0.270833 0.979688 0.270833 0.973437 0.268750 0.968750 0.268750 0.964063 0.268750 0.960938 0.266667 0.960938 0.270833 0.960938 0.275000 0.964063 0.279167 0.967187 0.279167 0.971875 0.283333 0.979688 0.285417 0.984375 0.287500 0.987500 0.287500 0.990625 0.287500 0.993750 0.285417 0.995313 0.283333 0.995313 0.279167 0.992188 0.275000 0.990625 0.270833
