8 0.615625 0.345833 0.596875 0.341667 0.579688 0.339583 0.560937 0.335417 0.548438 0.347917 0.542188 0.366667 0.535937 0.385417 0.528125 0.404167 0.525000 0.427083 0.523438 0.450000 0.532813 0.466667 0.548438 0.475000 0.568750 0.475000 0.585938 0.477083 0.604688 0.477083 0.610938 0.458333 0.615625 0.433333 0.620313 0.410417 0.626563 0.387500 0.628125 0.360417 0.618750 0.347917
8 0.034375 0.472917 0.007812 0.470833 -0.001563 0.497917 -0.007812 0.527083 -0.001563 0.558333 0.015625 0.568750 0.039062 0.558333 0.067187 0.558333 0.087500 0.570833 0.106250 0.585417 0.128125 0.575000 0.150000 0.568750 0.165625 0.552083 0.173437 0.518750 0.168750 0.487500 0.142187 0.487500 0.118750 0.485417 0.095312 0.479167 0.073438 0.470833 0.051562 0.466667 0.032813 0.475000
3 0.696875 0.135417 0.682813 0.125000 0.656250 0.125000 0.637500 0.135417 0.634375 0.160417 0.629687 0.185417 0.625000 0.208333 0.625000 0.233333 0.625000 0.260417 0.625000 0.291667 0.629687 0.312500 0.637500 0.327083 0.650000 0.337500 0.665625 0.335417 0.675000 0.318750 0.682813 0.287500 0.685937 0.258333 0.687500 0.227083 0.689063 0.197917 0.692187 0.160417 0.693750 0.131250
3 0.510938 0.239583 0.515625 0.220833 0.518750 0.197917 0.520312 0.179167 0.523438 0.152083 0.525000 0.133333 0.521875 0.118750 0.510938 0.112500 0.495312 0.112500 0.481250 0.114583 0.475000 0.129167 0.473438 0.147917 0.471875 0.166667 0.470313 0.187500 0.467187 0.206250 0.464062 0.227083 0.467187 0.245833 0.476562 0.252083 0.492188 0.254167 0.507812 0.252083 0.510938 0.237500
3 0.237500 0.362500 0.254688 0.362500 0.270313 0.356250 0.281250 0.341667 0.282813 0.312500 0.282813 0.287500 0.282813 0.262500 0.282813 0.235417 0.279687 0.216667 0.267188 0.204167 0.254688 0.193750 0.240625 0.189583 0.226562 0.193750 0.221875 0.216667 0.221875 0.239583 0.221875 0.285417 0.225000 0.316667 0.226562 0.343750 0.226562 0.366667 0.239063 0.368750 0.262500 0.362500
7 0.755469 0.442708 0.126562 0.093750
7 0.698438 0.358333 0.685937 0.354167 0.673438 0.354167 0.662500 0.354167 0.656250 0.366667 0.653125 0.383333 0.653125 0.400000 0.650000 0.420833 0.645312 0.443750 0.645312 0.460417 0.645312 0.477083 0.651563 0.487500 0.662500 0.493750 0.673438 0.487500 0.682813 0.475000 0.687500 0.458333 0.687500 0.437500 0.689063 0.416667 0.692187 0.402083 0.695312 0.385417 0.696875 0.368750
7 0.145313 0.837500 0.123438 0.812500 0.112500 0.777083 0.093750 0.768750 0.075000 0.791667 0.059375 0.825000 0.043750 0.860417 0.034375 0.895833 0.018750 0.929167 0.006250 0.966667 0.010937 0.987500 0.037500 0.993750 0.067187 1.000000 0.092188 0.981250 0.084375 0.943750 0.067187 0.914583 0.082812 0.889583 0.107813 0.902083 0.132812 0.889583 0.143750 0.852083 0.148438 0.847917
7 0.214062 0.389583 0.196875 0.387500 0.176563 0.379167 0.159375 0.372917 0.140625 0.370833 0.132812 0.385417 0.126562 0.406250 0.123438 0.429167 0.131250 0.447917 0.145313 0.456250 0.164062 0.450000 0.175000 0.439583 0.182812 0.452083 0.193750 0.477083 0.209375 0.485417 0.221875 0.477083 0.231250 0.460417 0.240625 0.441667 0.245312 0.420833 0.229687 0.412500 0.217188 0.400000
7 0.207813 0.254167 0.179688 0.254167 0.151562 0.254167 0.123438 0.264583 0.100000 0.277083 0.092188 0.285417 0.064062 0.291667 0.034375 0.304167 0.017188 0.325000 0.014063 0.362500 0.021875 0.408333 0.039062 0.435417 0.067187 0.420833 0.101562 0.402083 0.131250 0.385417 0.159375 0.375000 0.187500 0.366667 0.215625 0.364583 0.217188 0.325000 0.215625 0.285417 0.209375 0.252083
4 0.732812 0.075000 0.707812 0.072917 0.687500 0.072917 0.665625 0.072917 0.643750 0.072917 0.621875 0.075000 0.604688 0.077083 0.603125 0.106250 0.612500 0.114583 0.634375 0.112500 0.654687 0.112500 0.675000 0.110417 0.692187 0.112500 0.710938 0.118750 0.732812 0.118750 0.739062 0.106250 0.735938 0.083333 0.731250 0.077083 0.729688 0.079167 0.717187 0.064583 0.715625 0.075000
4 0.581250 0.085417 0.565625 0.083333 0.548438 0.077083 0.537500 0.070833 0.523438 0.066667 0.507812 0.060417 0.493750 0.056250 0.478125 0.054167 0.464062 0.058333 0.457813 0.072917 0.451562 0.089583 0.462500 0.097917 0.475000 0.106250 0.492188 0.112500 0.509375 0.118750 0.526563 0.122917 0.542188 0.125000 0.557813 0.125000 0.570312 0.118750 0.579688 0.108333 0.582812 0.089583
4 0.507812 0.256250 0.462500 0.258333 0.434375 0.260417 0.407813 0.260417 0.382812 0.256250 0.350000 0.250000 0.332813 0.252083 0.326562 0.281250 0.323437 0.318750 0.320312 0.350000 0.340625 0.358333 0.376563 0.350000 0.403125 0.341667 0.432812 0.339583 0.462500 0.341667 0.490625 0.356250 0.520312 0.362500 0.537500 0.360417 0.534375 0.331250 0.525000 0.295833 0.517188 0.264583
4 0.331250 0.135417 0.303125 0.137500 0.279687 0.137500 0.256250 0.129167 0.239063 0.118750 0.221875 0.110417 0.206250 0.125000 0.190625 0.139583 0.181250 0.158333 0.185938 0.162500 0.203125 0.168750 0.218750 0.175000 0.237500 0.183333 0.257812 0.193750 0.276562 0.202083 0.295312 0.206250 0.310937 0.193750 0.320312 0.172917 0.331250 0.154167 0.331250 0.135417 0.325000 0.135417
