4 0.479687 0.260417 0.457813 0.264583 0.445312 0.270833 0.432812 0.277083 0.421875 0.281250 0.420312 0.287500 0.421875 0.304167 0.426563 0.325000 0.429688 0.335417 0.434375 0.347917 0.439063 0.356250 0.450000 0.347917 0.464062 0.341667 0.478125 0.335417 0.489063 0.333333 0.495312 0.327083 0.489063 0.314583 0.484375 0.297917 0.482812 0.283333 0.479687 0.268750
4 0.343750 0.166667 0.331250 0.166667 0.318750 0.166667 0.307812 0.166667 0.295312 0.170833 0.285938 0.172917 0.285938 0.183333 0.287500 0.197917 0.285938 0.210417 0.282813 0.227083 0.282813 0.243750 0.292187 0.245833 0.303125 0.245833 0.315625 0.245833 0.328125 0.245833 0.340625 0.245833 0.348438 0.239583 0.348438 0.222917 0.348438 0.208333 0.348438 0.191667 0.348438 0.177083 0.343750 0.166667
4 0.367188 0.395833 0.354687 0.395833 0.343750 0.397917 0.332813 0.402083 0.320312 0.402083 0.312500 0.408333 0.310937 0.422917 0.310937 0.439583 0.310937 0.456250 0.310937 0.475000 0.314063 0.487500 0.325000 0.483333 0.335938 0.481250 0.348438 0.479167 0.360938 0.477083 0.373437 0.477083 0.376563 0.462500 0.376563 0.445833 0.376563 0.429167 0.375000 0.412500 0.371875 0.397917 0.362500 0.393750
4 0.273438 0.270833 0.260937 0.270833 0.248438 0.270833 0.235937 0.270833 0.223438 0.270833 0.217188 0.279167 0.217188 0.293750 0.214062 0.306250 0.210938 0.322917 0.209375 0.337500 0.210938 0.354167 0.221875 0.350000 0.234375 0.350000 0.248438 0.350000 0.262500 0.352083 0.271875 0.350000 0.273438 0.335417 0.278125 0.318750 0.279687 0.304167 0.279687 0.287500 0.276562 0.275000
7 0.515625 0.468750 0.507812 0.464583 0.498437 0.468750 0.492188 0.477083 0.489063 0.466667 0.479687 0.460417 0.470313 0.456250 0.459375 0.456250 0.454688 0.468750 0.450000 0.479167 0.445312 0.493750 0.453125 0.500000 0.462500 0.504167 0.470313 0.510417 0.478125 0.516667 0.484375 0.510417 0.495312 0.506250 0.507812 0.506250 0.517188 0.504167 0.520312 0.493750 0.520312 0.477083 0.517188 0.466667
7 0.240625 0.131250 0.229687 0.131250 0.220312 0.131250 0.217188 0.141667 0.215625 0.156250 0.214062 0.166667 0.217188 0.179167 0.217188 0.191667 0.218750 0.204167 0.221875 0.214583 0.229687 0.216667 0.237500 0.212500 0.245312 0.210417 0.246875 0.197917 0.242188 0.189583 0.235937 0.185417 0.231250 0.179167 0.234375 0.168750 0.242188 0.166667 0.242188 0.156250 0.242188 0.141667 0.240625 0.131250
7 0.214062 0.206250 0.203125 0.206250 0.190625 0.206250 0.179688 0.206250 0.168750 0.206250 0.156250 0.206250 0.153125 0.214583 0.153125 0.227083 0.153125 0.239583 0.160938 0.247917 0.173437 0.250000 0.178125 0.239583 0.184375 0.233333 0.189062 0.241667 0.200000 0.245833 0.210938 0.245833 0.218750 0.239583 0.220312 0.225000 0.223438 0.212500 0.214062 0.210417 0.206250 0.206250
7 0.254688 0.516667 0.248438 0.506250 0.245312 0.518750 0.240625 0.531250 0.239063 0.547917 0.237500 0.562500 0.234375 0.577083 0.234375 0.593750 0.235937 0.608333 0.246875 0.612500 0.256250 0.606250 0.262500 0.595833 0.265625 0.581250 0.259375 0.572917 0.250000 0.566667 0.251563 0.554167 0.262500 0.554167 0.267188 0.541667 0.270313 0.527083 0.262500 0.520833 0.256250 0.510417
7 0.142187 0.558333 0.120313 0.568750 0.100000 0.583333 0.076563 0.593750 0.054688 0.604167 0.029687 0.614583 0.017188 0.635417 0.017188 0.664583 0.028125 0.687500 0.032813 0.716667 0.051562 0.731250 0.075000 0.727083 0.092188 0.710417 0.112500 0.691667 0.134375 0.677083 0.156250 0.658333 0.170313 0.641667 0.165625 0.608333 0.157812 0.577083 0.145313 0.554167 0.126562 0.558333
7 0.179688 0.652083 0.165625 0.666667 0.150000 0.679167 0.132812 0.691667 0.115625 0.710417 0.100000 0.725000 0.090625 0.741667 0.095312 0.764583 0.107813 0.781250 0.120313 0.797917 0.134375 0.808333 0.150000 0.814583 0.168750 0.806250 0.185938 0.793750 0.201563 0.772917 0.217188 0.758333 0.226562 0.737500 0.221875 0.710417 0.212500 0.687500 0.198437 0.670833 0.185938 0.656250
7 0.245312 0.825000 0.223438 0.825000 0.207813 0.825000 0.190625 0.825000 0.176563 0.825000 0.168750 0.833333 0.159375 0.852083 0.157812 0.870833 0.159375 0.889583 0.164062 0.906250 0.176563 0.908333 0.190625 0.908333 0.204687 0.908333 0.218750 0.904167 0.234375 0.902083 0.246875 0.895833 0.256250 0.889583 0.259375 0.872917 0.259375 0.854167 0.256250 0.835417 0.248438 0.825000
8 0.209375 0.277083 0.195312 0.277083 0.181250 0.275000 0.165625 0.272917 0.151562 0.270833 0.135937 0.270833 0.120313 0.270833 0.118750 0.287500 0.114062 0.302083 0.112500 0.320833 0.121875 0.329167 0.135937 0.331250 0.150000 0.335417 0.164062 0.337500 0.181250 0.339583 0.196875 0.341667 0.209375 0.335417 0.217188 0.320833 0.218750 0.302083 0.218750 0.281250 0.212500 0.277083
8 0.317188 0.554167 0.303125 0.550000 0.287500 0.554167 0.281250 0.570833 0.278125 0.589583 0.279687 0.612500 0.279687 0.635417 0.279687 0.656250 0.279687 0.679167 0.287500 0.693750 0.303125 0.693750 0.320312 0.689583 0.334375 0.681250 0.334375 0.662500 0.331250 0.639583 0.331250 0.618750 0.331250 0.595833 0.329688 0.570833 0.323437 0.554167 0.309375 0.550000 0.295312 0.547917
