8 0.021875 0.618750 0.037500 0.639583 0.059375 0.656250 0.085938 0.662500 0.109375 0.645833 0.129688 0.631250 0.153125 0.608333 0.176563 0.591667 0.203125 0.583333 0.221875 0.566667 0.214062 0.533333 0.195312 0.510417 0.171875 0.504167 0.143750 0.522917 0.115625 0.535417 0.090625 0.541667 0.067187 0.556250 0.051562 0.581250 0.029687 0.604167 0.021875 0.625000 0.045312 0.652083
8 0.596875 0.331250 0.579688 0.354167 0.565625 0.368750 0.556250 0.389583 0.565625 0.402083 0.582812 0.408333 0.596875 0.410417 0.609375 0.402083 0.610938 0.383333 0.615625 0.368750 0.625000 0.354167 0.637500 0.347917 0.646875 0.341667 0.659375 0.335417 0.665625 0.329167 0.654687 0.316667 0.642188 0.308333 0.625000 0.310417 0.610938 0.318750 0.600000 0.327083 0.589063 0.341667
7 0.685937 0.325000 0.671875 0.331250 0.656250 0.335417 0.639062 0.341667 0.623437 0.347917 0.615625 0.360417 0.614062 0.385417 0.621875 0.395833 0.634375 0.402083 0.642188 0.406250 0.654687 0.412500 0.665625 0.420833 0.673438 0.429167 0.687500 0.429167 0.695312 0.418750 0.695312 0.395833 0.698438 0.379167 0.698438 0.358333 0.695312 0.341667 0.687500 0.329167 0.678125 0.318750
7 0.596875 0.556250 0.578125 0.552083 0.559375 0.547917 0.535937 0.541667 0.503125 0.535417 0.484375 0.535417 0.479687 0.558333 0.478125 0.587500 0.482812 0.625000 0.503125 0.645833 0.521875 0.647917 0.548438 0.647917 0.576562 0.650000 0.595313 0.650000 0.607812 0.637500 0.617188 0.620833 0.625000 0.597917 0.628125 0.577083 0.618750 0.558333 0.604688 0.547917 0.584375 0.552083
7 0.146875 0.402083 0.132812 0.406250 0.118750 0.406250 0.107813 0.402083 0.098437 0.389583 0.085938 0.389583 0.073438 0.397917 0.060937 0.402083 0.059375 0.422917 0.060937 0.443750 0.075000 0.443750 0.089063 0.435417 0.100000 0.422917 0.109375 0.414583 0.123438 0.418750 0.128125 0.439583 0.134375 0.456250 0.145313 0.456250 0.159375 0.450000 0.156250 0.431250 0.148438 0.414583
7 0.101562 0.420833 0.076563 0.433333 0.060937 0.443750 0.048438 0.450000 0.032813 0.456250 0.021875 0.470833 0.021875 0.487500 0.029687 0.518750 0.037500 0.541667 0.046875 0.547917 0.062500 0.537500 0.078125 0.522917 0.092188 0.510417 0.104688 0.500000 0.120313 0.495833 0.132812 0.487500 0.140625 0.475000 0.137500 0.456250 0.128125 0.437500 0.115625 0.420833
7 0.567187 0.814583 0.532813 0.775000 0.476562 0.770833 0.417187 0.764583 0.364063 0.770833 0.343750 0.818750 0.328125 0.868750 0.317188 0.916667 0.301563 0.956250 0.285938 0.997917 0.326562 0.997917 0.368750 1.004167 0.414062 1.004167 0.470313 1.010417 0.523438 1.027083 0.562500 1.027083 0.589063 1.004167 0.593750 0.945833 0.601562 0.887500 0.584375 0.831250 0.553125 0.787500
7 0.823438 0.806250 0.773438 0.797917 0.731250 0.797917 0.673438 0.806250 0.631250 0.806250 0.600000 0.806250 0.596875 0.847917 0.596875 0.889583 0.601562 0.941667 0.604688 0.985417 0.615625 1.012500 0.662500 1.014583 0.707812 1.016667 0.759375 1.022917 0.834375 1.027083 0.882812 1.029167 0.889062 1.008333 0.875000 0.966667 0.859375 0.906250 0.845313 0.847917 0.829688 0.812500
3 0.482812 0.075000 0.478125 0.077083 0.470313 0.077083 0.467187 0.077083 0.462500 0.077083 0.457813 0.079167 0.454688 0.083333 0.453125 0.085417 0.453125 0.091667 0.454688 0.097917 0.454688 0.104167 0.457813 0.108333 0.462500 0.108333 0.467187 0.108333 0.475000 0.108333 0.479687 0.106250 0.484375 0.106250 0.485938 0.102083 0.485938 0.095833 0.484375 0.091667 0.484375 0.085417 0.482812 0.079167
3 0.498437 0.135417 0.487500 0.135417 0.478125 0.143750 0.471875 0.150000 0.470313 0.162500 0.471875 0.179167 0.471875 0.197917 0.473438 0.216667 0.476562 0.233333 0.479687 0.250000 0.482812 0.260417 0.489063 0.270833 0.498437 0.277083 0.507812 0.277083 0.515625 0.264583 0.517188 0.239583 0.515625 0.220833 0.510938 0.197917 0.506250 0.179167 0.500000 0.160417 0.495312 0.145833
3 0.481250 0.125000 0.467187 0.125000 0.460938 0.139583 0.460938 0.162500 0.462500 0.183333 0.467187 0.200000 0.465625 0.216667 0.459375 0.227083 0.459375 0.247917 0.464062 0.264583 0.468750 0.279167 0.482812 0.287500 0.492188 0.281250 0.490625 0.260417 0.485938 0.241667 0.484375 0.220833 0.485938 0.202083 0.484375 0.183333 0.482812 0.166667 0.482812 0.145833 0.487500 0.129167
3 0.271875 0.083333 0.267188 0.085417 0.262500 0.087500 0.260937 0.089583 0.257812 0.091667 0.254688 0.093750 0.254688 0.097917 0.257812 0.102083 0.259375 0.104167 0.259375 0.108333 0.262500 0.110417 0.267188 0.112500 0.267188 0.112500 0.270313 0.116667 0.273438 0.116667 0.276562 0.114583 0.279687 0.112500 0.281250 0.108333 0.281250 0.104167 0.279687 0.095833 0.279687 0.093750 0.276562 0.091667 0.275000 0.089583 0.271875 0.085417
3 0.290625 0.135417 0.281250 0.145833 0.275000 0.152083 0.273438 0.166667 0.276562 0.179167 0.279687 0.191667 0.284375 0.216667 0.287500 0.235417 0.289062 0.247917 0.290625 0.264583 0.290625 0.279167 0.290625 0.289583 0.296875 0.287500 0.303125 0.266667 0.303125 0.250000 0.303125 0.237500 0.303125 0.216667 0.296875 0.193750 0.292187 0.179167 0.290625 0.164583 0.287500 0.152083
4 0.518750 0.058333 0.504687 0.058333 0.498437 0.054167 0.490625 0.054167 0.482812 0.054167 0.473438 0.054167 0.462500 0.054167 0.453125 0.058333 0.446875 0.064583 0.440625 0.070833 0.434375 0.077083 0.442188 0.079167 0.450000 0.079167 0.457813 0.081250 0.467187 0.081250 0.475000 0.081250 0.482812 0.077083 0.489063 0.068750 0.495312 0.060417 0.503125 0.054167 0.510938 0.047917
4 0.300000 0.056250 0.287500 0.054167 0.278125 0.054167 0.267188 0.054167 0.259375 0.052083 0.250000 0.054167 0.242188 0.056250 0.231250 0.058333 0.221875 0.064583 0.209375 0.064583 0.201563 0.064583 0.212500 0.068750 0.223438 0.072917 0.232813 0.079167 0.242188 0.083333 0.253125 0.085417 0.260937 0.081250 0.270313 0.075000 0.279687 0.068750 0.287500 0.060417 0.295312 0.054167 0.303125 0.052083
4 0.307812 0.108333 0.293750 0.110417 0.281250 0.112500 0.268750 0.112500 0.257812 0.112500 0.248438 0.116667 0.239063 0.129167 0.226562 0.135417 0.214062 0.135417 0.201563 0.135417 0.190625 0.137500 0.192188 0.147917 0.209375 0.141667 0.221875 0.139583 0.237500 0.139583 0.250000 0.139583 0.260937 0.137500 0.270313 0.133333 0.279687 0.129167 0.290625 0.125000 0.300000 0.114583
4 0.556250 0.081250 0.548438 0.087500 0.539062 0.095833 0.528125 0.100000 0.515625 0.097917 0.503125 0.097917 0.492188 0.100000 0.482812 0.104167 0.475000 0.110417 0.467187 0.118750 0.459375 0.125000 0.468750 0.122917 0.481250 0.118750 0.493750 0.118750 0.503125 0.118750 0.514062 0.120833 0.526563 0.122917 0.537500 0.125000 0.543750 0.118750 0.548438 0.106250 0.551562 0.093750
