2 0.793750 0.237500 0.787500 0.243750 0.784375 0.243750 0.778125 0.243750 0.773438 0.243750 0.771875 0.250000 0.771875 0.254167 0.773438 0.262500 0.776563 0.266667 0.778125 0.272917 0.781250 0.279167 0.782813 0.281250 0.784375 0.287500 0.787500 0.291667 0.793750 0.287500 0.796875 0.285417 0.798438 0.281250 0.798438 0.275000 0.796875 0.268750 0.796875 0.262500 0.793750 0.254167 0.793750 0.250000 0.792188 0.241667 0.790625 0.235417
2 0.809375 0.341667 0.806250 0.343750 0.803125 0.343750 0.798438 0.347917 0.793750 0.347917 0.793750 0.350000 0.793750 0.356250 0.793750 0.362500 0.796875 0.368750 0.796875 0.372917 0.800000 0.379167 0.800000 0.381250 0.806250 0.381250 0.809375 0.381250 0.812500 0.381250 0.815625 0.379167 0.815625 0.375000 0.815625 0.368750 0.814063 0.362500 0.812500 0.356250 0.809375 0.350000 0.809375 0.347917 0.809375 0.341667 0.809375 0.335417
2 0.815625 0.435417 0.812500 0.437500 0.809375 0.441667 0.809375 0.443750 0.809375 0.450000 0.812500 0.454167 0.812500 0.460417 0.812500 0.462500 0.812500 0.468750 0.814063 0.472917 0.814063 0.475000 0.815625 0.479167 0.815625 0.475000 0.815625 0.468750 0.815625 0.462500 0.815625 0.460417 0.818750 0.456250 0.818750 0.454167 0.818750 0.447917 0.818750 0.443750 0.818750 0.437500
2 0.831250 0.541667 0.829688 0.541667 0.825000 0.543750 0.823438 0.543750 0.823438 0.547917 0.825000 0.550000 0.825000 0.554167 0.825000 0.556250 0.825000 0.562500 0.825000 0.568750 0.828125 0.572917 0.829688 0.575000 0.831250 0.575000 0.835938 0.575000 0.837500 0.572917 0.837500 0.568750 0.835938 0.562500 0.835938 0.560417 0.834375 0.556250 0.831250 0.550000 0.831250 0.547917 0.831250 0.543750 0.831250 0.537500 0.831250 0.535417
2 0.637500 0.819792 0.059375 0.031250
2 0.542188 0.831250 0.040625 0.025000
2 0.443750 0.843750 0.050000 0.025000
2 0.355469 0.851042 0.042188 0.022917
2 0.309375 0.850000 0.043750 0.025000
2 0.231250 0.856250 0.040625 0.025000
1 0.782813 0.200000 0.778125 0.200000 0.776563 0.200000 0.776563 0.206250 0.775000 0.212500 0.775000 0.216667 0.775000 0.218750 0.775000 0.225000 0.775000 0.229167 0.775000 0.235417 0.776563 0.237500 0.778125 0.237500 0.781250 0.237500 0.784375 0.237500 0.787500 0.237500 0.790625 0.237500 0.790625 0.231250 0.790625 0.225000 0.787500 0.218750 0.787500 0.218750 0.787500 0.212500 0.784375 0.210417 0.784375 0.206250 0.784375 0.204167 0.782813 0.200000
1 0.800000 0.285417 0.793750 0.285417 0.787500 0.285417 0.784375 0.287500 0.784375 0.293750 0.784375 0.304167 0.787500 0.306250 0.787500 0.312500 0.787500 0.318750 0.790625 0.325000 0.792188 0.331250 0.793750 0.335417 0.800000 0.335417 0.806250 0.335417 0.806250 0.331250 0.806250 0.325000 0.806250 0.318750 0.806250 0.310417 0.803125 0.293750 0.800000 0.281250 0.798438 0.279167
1 0.812500 0.381250 0.807813 0.381250 0.806250 0.387500 0.803125 0.393750 0.803125 0.400000 0.804688 0.406250 0.806250 0.412500 0.809375 0.418750 0.809375 0.425000 0.809375 0.431250 0.809375 0.441667 0.814063 0.437500 0.815625 0.431250 0.815625 0.429167 0.818750 0.422917 0.818750 0.416667 0.815625 0.410417 0.815625 0.404167 0.815625 0.400000 0.814063 0.393750 0.812500 0.385417 0.812500 0.381250
1 0.683594 0.813542 0.042188 0.035417
1 0.581250 0.816667 0.050000 0.037500
1 0.493750 0.832292 0.050000 0.035417
1 0.398438 0.838542 0.043750 0.035417
1 0.268750 0.851042 0.037500 0.031250
1 0.192188 0.857292 0.037500 0.031250
3 0.815625 0.481250 0.823438 0.479167 0.839063 0.487500 0.845313 0.487500 0.850000 0.475000 0.859375 0.460417 0.868750 0.443750 0.871875 0.431250 0.871875 0.425000 0.875000 0.406250 0.878125 0.400000 0.871875 0.397917 0.856250 0.397917 0.846875 0.393750 0.846875 0.412500 0.843750 0.425000 0.839063 0.431250 0.831250 0.447917 0.825000 0.460417 0.818750 0.479167 0.815625 0.487500
3 0.939063 0.600000 0.931250 0.604167 0.923438 0.606250 0.921875 0.618750 0.928125 0.631250 0.932813 0.643750 0.934375 0.656250 0.937500 0.666667 0.940625 0.681250 0.943750 0.693750 0.943750 0.700000 0.953125 0.700000 0.960938 0.697917 0.968750 0.693750 0.968750 0.679167 0.960938 0.662500 0.954688 0.650000 0.950000 0.637500 0.948438 0.618750 0.946875 0.610417 0.943750 0.600000 0.939063 0.593750
3 0.821875 0.925000 0.809375 0.925000 0.796875 0.925000 0.787500 0.922917 0.790625 0.925000 0.803125 0.943750 0.812500 0.962500 0.818750 0.972917 0.821875 0.981250 0.825000 0.991667 0.834375 0.993750 0.846875 0.993750 0.850000 0.981250 0.846875 0.972917 0.840625 0.962500 0.831250 0.956250 0.828125 0.947917 0.821875 0.937500 0.818750 0.929167 0.814063 0.922917
3 0.929688 0.972917 0.923438 0.962500 0.918750 0.954167 0.912500 0.954167 0.907813 0.960417 0.898438 0.962500 0.890625 0.968750 0.881250 0.975000 0.871875 0.975000 0.867188 0.981250 0.860938 0.987500 0.856250 0.993750 0.856250 1.006250 0.862500 1.016667 0.885938 1.016667 0.893750 1.012500 0.912500 1.006250 0.918750 1.004167 0.925000 1.000000 0.929688 0.987500 0.923438 0.975000 0.918750 0.968750
6 0.714063 0.789583 0.621875 0.785417 0.562500 0.806250 0.518750 0.808333 0.473438 0.810417 0.428125 0.814583 0.376563 0.818750 0.331250 0.818750 0.246875 0.841667 0.201563 0.835417 0.162500 0.852083 0.198437 0.864583 0.260937 0.864583 0.315625 0.854167 0.370312 0.847917 0.434375 0.845833 0.503125 0.843750 0.573438 0.843750 0.646875 0.835417 0.695312 0.822917 0.715625 0.785417
6 0.789062 0.197917 0.771875 0.195833 0.771875 0.227083 0.773438 0.258333 0.778125 0.287500 0.781250 0.318750 0.784375 0.352083 0.789062 0.381250 0.795312 0.414583 0.800000 0.443750 0.806250 0.470833 0.812500 0.460417 0.823438 0.441667 0.825000 0.414583 0.825000 0.387500 0.821875 0.352083 0.818750 0.322917 0.809375 0.289583 0.800000 0.256250 0.796875 0.225000 0.787500 0.183333
7 0.742188 0.518750 0.728125 0.520833 0.715625 0.527083 0.707812 0.537500 0.709375 0.552083 0.715625 0.572917 0.718750 0.587500 0.721875 0.600000 0.726562 0.610417 0.731250 0.622917 0.740625 0.629167 0.751563 0.629167 0.764062 0.627083 0.771875 0.620833 0.770312 0.606250 0.765625 0.591667 0.760938 0.572917 0.757812 0.558333 0.754687 0.545833 0.750000 0.533333 0.745313 0.516667
7 0.685156 0.656250 0.085938 0.041667
4 0.178125 0.353125 0.043750 0.056250
