7 0.117188 0.752083 0.240625 0.145833
7 0.264062 0.255208 0.090625 0.043750
7 0.317969 0.213542 0.035937 0.110417
7 0.374219 0.616667 0.035937 0.125000
7 0.726562 0.466667 0.112500 0.025000
3 0.460938 0.054167 0.456250 0.045833 0.453125 0.039583 0.446875 0.035417 0.440625 0.050000 0.437500 0.064583 0.437500 0.077083 0.437500 0.087500 0.443750 0.100000 0.446875 0.112500 0.451562 0.122917 0.453125 0.131250 0.456250 0.139583 0.459375 0.145833 0.459375 0.118750 0.459375 0.102083 0.459375 0.085417 0.459375 0.077083 0.459375 0.064583 0.459375 0.050000 0.456250 0.060417
3 0.635938 0.110417 0.631250 0.110417 0.626563 0.110417 0.621875 0.110417 0.618750 0.116667 0.618750 0.125000 0.618750 0.133333 0.618750 0.139583 0.618750 0.145833 0.618750 0.154167 0.617188 0.158333 0.615625 0.166667 0.615625 0.175000 0.612500 0.181250 0.612500 0.193750 0.612500 0.202083 0.615625 0.206250 0.618750 0.208333 0.621875 0.210417 0.626563 0.210417 0.631250 0.210417 0.634375 0.210417
3 0.373437 0.141667 0.370312 0.141667 0.364063 0.145833 0.359375 0.145833 0.353125 0.150000 0.351562 0.162500 0.351562 0.177083 0.351562 0.189583 0.353125 0.193750 0.353125 0.202083 0.354687 0.210417 0.354687 0.218750 0.354687 0.222917 0.356250 0.227083 0.356250 0.233333 0.357812 0.239583 0.357812 0.245833 0.362500 0.245833 0.367188 0.245833 0.371875 0.245833 0.376563 0.245833
3 0.509375 0.254167 0.509375 0.243750 0.506250 0.233333 0.496875 0.239583 0.492188 0.250000 0.492188 0.262500 0.492188 0.279167 0.493750 0.287500 0.493750 0.302083 0.493750 0.314583 0.495312 0.325000 0.498437 0.339583 0.500000 0.356250 0.503125 0.352083 0.506250 0.339583 0.507812 0.331250 0.507812 0.314583 0.507812 0.300000 0.507812 0.287500 0.507812 0.275000 0.507812 0.264583 0.507812 0.254167
0 0.738281 0.377083 0.145313 0.066667
0 0.228906 0.373958 0.123438 0.064583
0 0.462500 0.718750 0.140625 0.175000
0 0.392188 0.157292 0.068750 0.127083
1 0.013281 0.378125 0.023438 0.022917
1 0.073438 0.464583 0.071875 0.464583 0.067187 0.464583 0.064062 0.464583 0.062500 0.464583 0.060937 0.464583 0.059375 0.464583 0.057813 0.466667 0.056250 0.468750 0.054688 0.468750 0.051562 0.468750 0.050000 0.468750 0.046875 0.470833 0.046875 0.470833 0.043750 0.470833 0.040625 0.472917 0.039062 0.475000 0.035937 0.477083 0.034375 0.477083 0.031250 0.479167 0.031250 0.483333 0.031250 0.485417 0.031250 0.487500 0.031250 0.489583 0.031250 0.493750 0.031250 0.493750 0.031250 0.500000 0.031250 0.500000
1 0.728125 0.572917 0.725000 0.577083 0.720313 0.577083 0.717187 0.577083 0.712500 0.577083 0.707812 0.577083 0.707812 0.583333 0.709375 0.593750 0.712500 0.602083 0.714063 0.610417 0.715625 0.614583 0.718750 0.618750 0.721875 0.625000 0.721875 0.633333 0.725000 0.633333 0.725000 0.639583 0.726562 0.643750 0.731250 0.645833 0.735938 0.645833 0.739062 0.641667 0.742188 0.639583
1 0.771875 0.706250 0.764062 0.706250 0.759375 0.708333 0.753125 0.712500 0.748437 0.712500 0.745313 0.714583 0.745313 0.720833 0.748437 0.727083 0.753125 0.733333 0.754687 0.739583 0.757812 0.743750 0.759375 0.752083 0.760938 0.758333 0.764062 0.764583 0.764062 0.770833 0.767188 0.781250 0.768750 0.787500 0.771875 0.793750 0.776563 0.795833 0.781250 0.795833 0.785937 0.793750 0.790625 0.791667 0.796875 0.787500
1 0.821875 0.875000 0.818750 0.875000 0.814063 0.879167 0.807813 0.881250 0.803125 0.881250 0.800000 0.883333 0.796875 0.885417 0.796875 0.889583 0.801562 0.897917 0.806250 0.900000 0.809375 0.908333 0.814063 0.914583 0.815625 0.916667 0.818750 0.922917 0.818750 0.929167 0.823438 0.943750 0.826562 0.952083 0.829688 0.960417 0.832812 0.954167 0.835938 0.952083 0.839063 0.950000 0.840625 0.945833
1 0.634375 0.910417 0.631250 0.914583 0.625000 0.914583 0.620313 0.914583 0.615625 0.914583 0.614062 0.920833 0.614062 0.931250 0.614062 0.939583 0.615625 0.947917 0.617188 0.956250 0.620313 0.964583 0.621875 0.975000 0.625000 0.981250 0.626563 0.987500 0.628125 0.993750 0.631250 0.997917 0.635938 1.000000 0.642188 1.000000 0.646875 1.002083 0.651563 1.004167 0.654687 1.000000
1 0.590625 0.747917 0.585938 0.747917 0.581250 0.747917 0.576562 0.747917 0.571875 0.747917 0.567187 0.750000 0.565625 0.756250 0.567187 0.764583 0.568750 0.770833 0.571875 0.777083 0.573438 0.783333 0.576562 0.791667 0.578125 0.795833 0.579688 0.804167 0.582812 0.812500 0.582812 0.818750 0.585938 0.822917 0.585938 0.827083 0.592187 0.829167 0.600000 0.829167 0.609375 0.829167
1 0.548438 0.577083 0.545312 0.577083 0.542188 0.577083 0.535937 0.579167 0.531250 0.581250 0.529687 0.581250 0.528125 0.585417 0.528125 0.593750 0.528125 0.602083 0.528125 0.610417 0.529687 0.616667 0.531250 0.627083 0.531250 0.633333 0.531250 0.639583 0.534375 0.645833 0.534375 0.650000 0.537500 0.656250 0.539062 0.662500 0.542188 0.662500 0.548438 0.662500 0.553125 0.662500 0.556250 0.662500 0.559375 0.662500 0.562500 0.662500 0.567187 0.662500
1 0.409375 0.812500 0.406250 0.814583 0.403125 0.814583 0.398438 0.814583 0.395313 0.814583 0.393750 0.816667 0.393750 0.827083 0.396875 0.837500 0.398438 0.845833 0.401562 0.852083 0.404687 0.858333 0.406250 0.864583 0.406250 0.875000 0.409375 0.885417 0.409375 0.889583 0.412500 0.895833 0.412500 0.900000 0.414062 0.906250 0.414062 0.912500 0.418750 0.912500 0.425000 0.912500 0.428125 0.912500 0.431250 0.912500
1 0.400000 0.656250 0.396875 0.656250 0.395313 0.656250 0.389062 0.658333 0.379688 0.662500 0.376563 0.664583 0.373437 0.666667 0.373437 0.670833 0.373437 0.675000 0.373437 0.683333 0.373437 0.687500 0.373437 0.691667 0.373437 0.695833 0.373437 0.702083 0.375000 0.706250 0.376563 0.712500 0.376563 0.714583 0.379688 0.718750 0.381250 0.718750 0.384375 0.718750 0.385937 0.718750 0.389062 0.718750 0.392188 0.718750 0.396875 0.716667 0.400000 0.716667
1 0.364063 0.577083 0.364063 0.572917 0.364063 0.560417 0.364063 0.554167 0.364063 0.547917 0.353125 0.550000 0.346875 0.554167 0.340625 0.554167 0.335938 0.554167 0.331250 0.558333 0.325000 0.558333 0.320312 0.560417 0.317188 0.564583 0.310937 0.566667 0.306250 0.568750 0.300000 0.570833 0.292187 0.575000 0.295312 0.583333 0.295312 0.589583 0.295312 0.593750 0.300000 0.593750
1 0.231250 0.587500 0.226562 0.587500 0.221875 0.587500 0.215625 0.587500 0.207813 0.587500 0.201563 0.589583 0.195312 0.589583 0.190625 0.593750 0.185938 0.595833 0.185938 0.610417 0.185938 0.618750 0.189062 0.620833 0.195312 0.620833 0.198437 0.620833 0.204687 0.620833 0.210938 0.620833 0.218750 0.620833 0.221875 0.620833 0.228125 0.616667 0.228125 0.610417 0.228125 0.604167 0.229687 0.597917 0.229687 0.593750
1 0.110937 0.610417 0.100000 0.610417 0.089063 0.610417 0.082812 0.610417 0.075000 0.610417 0.068750 0.610417 0.064062 0.614583 0.059375 0.625000 0.059375 0.633333 0.064062 0.639583 0.071875 0.645833 0.076563 0.650000 0.087500 0.650000 0.098437 0.652083 0.104688 0.650000 0.109375 0.641667 0.114062 0.633333 0.114062 0.625000 0.114062 0.614583 0.110937 0.606250 0.106250 0.602083
1 0.260937 0.412500 0.259375 0.418750 0.253125 0.425000 0.250000 0.429167 0.250000 0.437500 0.257812 0.439583 0.267188 0.439583 0.276562 0.439583 0.284375 0.439583 0.292187 0.435417 0.298438 0.431250 0.304688 0.425000 0.307812 0.418750 0.307812 0.412500 0.301563 0.410417 0.295312 0.408333 0.287500 0.408333 0.281250 0.408333 0.275000 0.408333 0.270313 0.408333 0.262500 0.408333
1 0.150000 0.433333 0.143750 0.439583 0.135937 0.443750 0.129688 0.447917 0.128125 0.454167 0.129688 0.460417 0.134375 0.464583 0.140625 0.464583 0.143750 0.464583 0.150000 0.464583 0.156250 0.464583 0.162500 0.464583 0.168750 0.464583 0.173437 0.460417 0.175000 0.454167 0.176563 0.447917 0.178125 0.443750 0.176563 0.437500 0.173437 0.433333 0.168750 0.431250 0.164062 0.431250 0.159375 0.431250
1 0.100000 0.341667 0.095312 0.341667 0.089063 0.347917 0.089063 0.352083 0.089063 0.358333 0.093750 0.364583 0.098437 0.368750 0.101562 0.372917 0.106250 0.372917 0.112500 0.372917 0.118750 0.368750 0.123438 0.364583 0.128125 0.362500 0.131250 0.358333 0.135937 0.352083 0.135937 0.347917 0.134375 0.343750 0.129688 0.339583 0.123438 0.335417 0.118750 0.335417 0.114062 0.335417 0.107813 0.335417 0.101562 0.335417
1 0.220312 0.316667 0.217188 0.316667 0.214062 0.316667 0.207813 0.318750 0.201563 0.318750 0.196875 0.322917 0.192188 0.325000 0.192188 0.331250 0.192188 0.335417 0.198437 0.339583 0.201563 0.341667 0.204687 0.341667 0.210938 0.341667 0.212500 0.337500 0.215625 0.335417 0.218750 0.331250 0.221875 0.327083 0.226562 0.322917 0.228125 0.318750 0.228125 0.314583 0.225000 0.312500 0.218750 0.312500
1 0.331250 0.279167 0.325000 0.281250 0.320312 0.283333 0.312500 0.285417 0.303125 0.291667 0.293750 0.295833 0.287500 0.300000 0.281250 0.300000 0.278125 0.304167 0.279687 0.310417 0.287500 0.314583 0.298438 0.314583 0.304688 0.314583 0.309375 0.314583 0.315625 0.314583 0.320312 0.310417 0.325000 0.306250 0.329688 0.302083 0.335938 0.293750 0.337500 0.287500 0.335938 0.281250 0.331250 0.279167 0.328125 0.279167
1 0.306250 0.041667 0.304688 0.043750 0.295312 0.045833 0.290625 0.050000 0.290625 0.054167 0.290625 0.058333 0.292187 0.062500 0.296875 0.064583 0.301563 0.070833 0.304688 0.070833 0.310937 0.070833 0.314063 0.070833 0.318750 0.066667 0.321875 0.058333 0.321875 0.054167 0.323437 0.047917 0.321875 0.043750 0.320312 0.039583 0.315625 0.035417 0.312500 0.035417 0.307812 0.037500 0.303125 0.039583
1 0.318750 0.110417 0.315625 0.108333 0.312500 0.108333 0.307812 0.108333 0.304688 0.110417 0.301563 0.114583 0.301563 0.118750 0.301563 0.125000 0.304688 0.129167 0.307812 0.133333 0.310937 0.133333 0.312500 0.133333 0.317188 0.133333 0.321875 0.133333 0.321875 0.129167 0.321875 0.122917 0.321875 0.116667 0.321875 0.110417 0.320312 0.106250 0.317188 0.102083 0.314063 0.102083
1 0.420312 0.004167 0.418750 0.002083 0.414062 0.000000 0.412500 0.000000 0.409375 0.000000 0.407813 0.000000 0.406250 0.004167 0.404687 0.006250 0.401562 0.012500 0.401562 0.016667 0.401562 0.020833 0.404687 0.025000 0.407813 0.027083 0.409375 0.029167 0.414062 0.029167 0.417187 0.031250 0.418750 0.031250 0.421875 0.029167 0.421875 0.025000 0.421875 0.020833 0.421875 0.016667 0.421875 0.014583 0.421875 0.010417 0.420312 0.006250 0.420312 0.002083 0.418750 0.000000
1 0.431250 0.070833 0.426563 0.070833 0.425000 0.072917 0.425000 0.075000 0.425000 0.081250 0.425000 0.085417 0.426563 0.089583 0.429688 0.093750 0.431250 0.095833 0.434375 0.097917 0.434375 0.100000 0.439063 0.100000 0.440625 0.100000 0.443750 0.100000 0.445312 0.097917 0.445312 0.093750 0.445312 0.089583 0.443750 0.085417 0.443750 0.083333 0.440625 0.079167 0.437500 0.077083 0.434375 0.072917 0.432812 0.072917
1 0.564063 0.052083 0.562500 0.050000 0.560937 0.050000 0.556250 0.050000 0.553125 0.054167 0.553125 0.060417 0.553125 0.064583 0.553125 0.068750 0.553125 0.072917 0.554688 0.077083 0.557813 0.077083 0.560937 0.077083 0.564063 0.081250 0.567187 0.081250 0.573438 0.081250 0.576562 0.081250 0.581250 0.077083 0.581250 0.072917 0.581250 0.068750 0.579688 0.064583 0.578125 0.062500 0.573438 0.058333 0.570312 0.054167 0.567187 0.054167 0.564063 0.050000 0.560937 0.050000 0.559375 0.050000
1 0.540625 0.002083 0.540625 0.000000 0.535937 0.000000 0.534375 0.002083 0.532813 0.004167 0.531250 0.008333 0.531250 0.012500 0.531250 0.016667 0.534375 0.018750 0.535937 0.018750 0.537500 0.020833 0.540625 0.020833 0.540625 0.020833 0.543750 0.020833 0.543750 0.020833 0.545312 0.018750 0.548438 0.018750 0.550000 0.016667 0.551562 0.012500 0.553125 0.010417 0.553125 0.010417 0.554688 0.008333 0.556250 0.004167 0.556250 0.004167 0.554688 0.000000 0.553125 0.000000
1 0.589063 0.114583 0.585938 0.110417 0.581250 0.110417 0.578125 0.110417 0.576562 0.118750 0.576562 0.125000 0.576562 0.129167 0.578125 0.135417 0.581250 0.139583 0.582812 0.141667 0.585938 0.145833 0.590625 0.145833 0.595313 0.147917 0.600000 0.145833 0.601562 0.141667 0.603125 0.133333 0.603125 0.129167 0.603125 0.125000 0.596875 0.118750 0.595313 0.116667 0.590625 0.114583
1 0.637500 0.191667 0.634375 0.191667 0.631250 0.193750 0.628125 0.195833 0.621875 0.195833 0.614062 0.197917 0.610938 0.202083 0.609375 0.202083 0.609375 0.206250 0.609375 0.210417 0.614062 0.212500 0.618750 0.214583 0.621875 0.216667 0.625000 0.216667 0.631250 0.216667 0.634375 0.216667 0.640625 0.214583 0.643750 0.214583 0.648438 0.212500 0.651563 0.208333 0.654687 0.208333 0.656250 0.206250 0.657813 0.206250 0.659375 0.202083 0.659375 0.197917 0.659375 0.193750
1 0.721875 0.172917 0.720313 0.177083 0.720313 0.181250 0.720313 0.187500 0.720313 0.191667 0.721875 0.195833 0.725000 0.200000 0.726562 0.202083 0.729688 0.202083 0.734375 0.202083 0.737500 0.202083 0.742188 0.200000 0.745313 0.197917 0.746875 0.195833 0.750000 0.189583 0.751563 0.189583 0.754687 0.185417 0.754687 0.183333 0.754687 0.179167 0.754687 0.175000 0.754687 0.170833 0.754687 0.166667 0.746875 0.166667 0.739062 0.166667 0.735938 0.168750 0.732812 0.170833
1 0.962500 0.147917 0.957812 0.150000 0.954688 0.154167 0.953125 0.158333 0.953125 0.162500 0.953125 0.166667 0.954688 0.172917 0.957812 0.175000 0.960938 0.177083 0.965625 0.177083 0.971875 0.177083 0.976562 0.175000 0.978125 0.170833 0.978125 0.166667 0.978125 0.160417 0.978125 0.154167 0.975000 0.150000 0.971875 0.147917 0.968750 0.147917 0.964063 0.147917 0.960938 0.147917 0.957812 0.147917
1 0.900000 0.158333 0.898438 0.156250 0.896875 0.156250 0.892188 0.156250 0.890625 0.156250 0.885938 0.160417 0.885938 0.162500 0.884375 0.164583 0.884375 0.166667 0.882812 0.170833 0.884375 0.175000 0.885938 0.177083 0.890625 0.179167 0.898438 0.179167 0.904687 0.179167 0.909375 0.179167 0.912500 0.179167 0.912500 0.172917 0.912500 0.170833 0.912500 0.166667 0.912500 0.162500 0.912500 0.158333 0.910937 0.156250 0.909375 0.152083 0.906250 0.150000 0.903125 0.150000 0.900000 0.150000
1 0.834375 0.166667 0.831250 0.162500 0.826562 0.160417 0.821875 0.160417 0.818750 0.160417 0.814063 0.160417 0.804688 0.162500 0.796875 0.166667 0.790625 0.166667 0.787500 0.168750 0.784375 0.170833 0.785937 0.177083 0.789062 0.179167 0.793750 0.179167 0.801562 0.183333 0.809375 0.183333 0.814063 0.183333 0.818750 0.183333 0.821875 0.179167 0.826562 0.175000 0.828125 0.170833 0.831250 0.166667 0.831250 0.162500 0.826562 0.160417
1 0.987500 0.264583 0.989062 0.266667 0.989062 0.268750 0.990625 0.270833 0.990625 0.279167 0.992188 0.279167 0.993750 0.281250 0.995313 0.285417 0.996875 0.285417 0.998437 0.285417 1.000000 0.285417 1.001562 0.285417 1.003125 0.285417 1.006250 0.285417 1.006250 0.283333 1.007812 0.281250 1.007812 0.279167 1.007812 0.275000 1.006250 0.275000 1.003125 0.270833 1.000000 0.266667 0.996875 0.266667 0.995313 0.266667 0.993750 0.266667 0.990625 0.266667 0.990625 0.266667
1 0.948438 0.277083 0.945312 0.275000 0.940625 0.275000 0.935937 0.275000 0.932813 0.275000 0.931250 0.277083 0.929688 0.279167 0.929688 0.283333 0.929688 0.287500 0.929688 0.291667 0.931250 0.293750 0.932813 0.295833 0.939063 0.295833 0.942187 0.295833 0.945312 0.295833 0.948438 0.295833 0.950000 0.291667 0.950000 0.289583 0.950000 0.285417 0.950000 0.281250 0.950000 0.279167 0.948438 0.279167
1 0.890625 0.287500 0.885938 0.289583 0.878125 0.289583 0.870313 0.289583 0.864062 0.291667 0.859375 0.291667 0.854688 0.295833 0.851562 0.300000 0.848437 0.308333 0.848437 0.314583 0.850000 0.316667 0.857812 0.316667 0.867188 0.316667 0.873437 0.316667 0.878125 0.314583 0.881250 0.308333 0.885938 0.304167 0.887500 0.300000 0.890625 0.295833 0.890625 0.289583 0.882812 0.287500
1 0.793750 0.295833 0.790625 0.295833 0.787500 0.297917 0.784375 0.302083 0.779687 0.304167 0.776563 0.308333 0.773438 0.312500 0.773438 0.316667 0.776563 0.318750 0.781250 0.320833 0.784375 0.322917 0.790625 0.322917 0.795312 0.322917 0.798438 0.320833 0.801562 0.318750 0.803125 0.314583 0.803125 0.308333 0.803125 0.302083 0.803125 0.297917 0.801562 0.295833 0.796875 0.293750
1 0.695312 0.318750 0.692187 0.320833 0.685937 0.320833 0.679688 0.322917 0.671875 0.325000 0.667188 0.327083 0.662500 0.327083 0.657813 0.331250 0.653125 0.335417 0.653125 0.341667 0.656250 0.347917 0.660937 0.352083 0.665625 0.352083 0.671875 0.352083 0.676562 0.352083 0.681250 0.345833 0.682813 0.339583 0.687500 0.335417 0.687500 0.331250 0.690625 0.327083 0.692187 0.322917 0.690625 0.320833
1 0.951562 0.427083 0.948438 0.425000 0.943750 0.429167 0.940625 0.433333 0.940625 0.437500 0.940625 0.443750 0.942187 0.445833 0.945312 0.447917 0.950000 0.450000 0.953125 0.452083 0.957812 0.452083 0.964063 0.452083 0.968750 0.452083 0.970313 0.447917 0.971875 0.445833 0.973437 0.439583 0.973437 0.433333 0.973437 0.429167 0.973437 0.420833 0.968750 0.416667 0.965625 0.414583 0.960938 0.414583 0.957812 0.414583 0.954688 0.414583 0.951562 0.416667
1 0.873437 0.443750 0.868750 0.447917 0.860938 0.450000 0.851562 0.454167 0.848437 0.458333 0.848437 0.464583 0.848437 0.468750 0.851562 0.470833 0.853125 0.472917 0.856250 0.472917 0.860938 0.472917 0.867188 0.472917 0.875000 0.472917 0.878125 0.470833 0.881250 0.468750 0.881250 0.462500 0.881250 0.458333 0.881250 0.452083 0.881250 0.447917 0.878125 0.443750 0.875000 0.443750
1 0.785937 0.472917 0.781250 0.472917 0.776563 0.472917 0.770312 0.472917 0.767188 0.475000 0.759375 0.479167 0.748437 0.481250 0.745313 0.485417 0.742188 0.487500 0.739062 0.489583 0.739062 0.497917 0.742188 0.502083 0.746875 0.504167 0.751563 0.504167 0.757812 0.504167 0.764062 0.504167 0.770312 0.500000 0.775000 0.497917 0.781250 0.491667 0.784375 0.483333 0.784375 0.475000 0.784375 0.460417 0.782813 0.458333 0.773438 0.458333
1 0.442188 0.970833 0.439063 0.970833 0.435937 0.970833 0.434375 0.970833 0.431250 0.977083 0.431250 0.983333 0.429688 0.987500 0.429688 0.991667 0.431250 0.995833 0.432812 1.000000 0.434375 1.000000 0.437500 1.000000 0.440625 1.000000 0.443750 1.000000 0.446875 1.000000 0.450000 0.995833 0.453125 0.989583 0.454688 0.985417 0.456250 0.981250 0.456250 0.977083 0.456250 0.972917 0.454688 0.968750 0.450000 0.964583 0.446875 0.962500
1 0.004687 0.629167 0.003125 0.627083 -0.003125 0.633333 -0.009375 0.639583 -0.012500 0.643750 -0.014063 0.645833 -0.012500 0.650000 -0.009375 0.652083 -0.006250 0.654167 -0.004687 0.654167 -0.001563 0.654167 0.000000 0.654167 0.001563 0.654167 0.004687 0.654167 0.007812 0.654167 0.010937 0.654167 0.012500 0.652083 0.014063 0.645833 0.014063 0.643750 0.014063 0.639583 0.014063 0.637500 0.010937 0.631250 0.009375 0.629167
2 0.301563 0.014583 0.300000 0.016667 0.296875 0.016667 0.295312 0.016667 0.295312 0.020833 0.293750 0.025000 0.293750 0.027083 0.293750 0.029167 0.295312 0.033333 0.298438 0.033333 0.300000 0.033333 0.301563 0.033333 0.303125 0.033333 0.304688 0.033333 0.307812 0.033333 0.307812 0.033333 0.310937 0.033333 0.312500 0.027083 0.312500 0.022917 0.315625 0.020833 0.312500 0.020833 0.309375 0.020833 0.307812 0.020833 0.304688 0.018750
2 0.312500 0.064583 0.309375 0.068750 0.307812 0.072917 0.304688 0.077083 0.304688 0.081250 0.303125 0.083333 0.301563 0.089583 0.301563 0.091667 0.301563 0.097917 0.304688 0.102083 0.307812 0.102083 0.310937 0.102083 0.314063 0.100000 0.317188 0.097917 0.318750 0.093750 0.318750 0.089583 0.318750 0.085417 0.318750 0.081250 0.318750 0.077083 0.318750 0.072917 0.317188 0.070833 0.312500 0.068750
2 0.321875 0.125000 0.318750 0.125000 0.315625 0.125000 0.312500 0.129167 0.304688 0.129167 0.301563 0.133333 0.300000 0.137500 0.298438 0.141667 0.298438 0.145833 0.298438 0.150000 0.298438 0.154167 0.300000 0.156250 0.303125 0.158333 0.306250 0.160417 0.309375 0.160417 0.317188 0.158333 0.323437 0.156250 0.325000 0.154167 0.328125 0.150000 0.331250 0.147917 0.331250 0.143750 0.331250 0.139583 0.329688 0.133333 0.325000 0.125000 0.323437 0.116667 0.321875 0.116667
2 0.418750 0.037500 0.415625 0.039583 0.414062 0.043750 0.410938 0.050000 0.409375 0.056250 0.409375 0.060417 0.410938 0.066667 0.415625 0.066667 0.418750 0.066667 0.421875 0.066667 0.425000 0.066667 0.429688 0.064583 0.431250 0.060417 0.434375 0.058333 0.434375 0.052083 0.434375 0.045833 0.434375 0.041667 0.431250 0.037500 0.426563 0.037500 0.421875 0.037500 0.418750 0.037500
2 0.437500 0.102083 0.437500 0.106250 0.437500 0.110417 0.437500 0.112500 0.437500 0.116667 0.437500 0.118750 0.437500 0.122917 0.437500 0.125000 0.439063 0.127083 0.440625 0.129167 0.443750 0.133333 0.445312 0.133333 0.446875 0.133333 0.450000 0.133333 0.451562 0.133333 0.453125 0.133333 0.454688 0.129167 0.454688 0.125000 0.454688 0.122917 0.454688 0.118750 0.454688 0.116667 0.454688 0.114583 0.454688 0.112500 0.454688 0.110417 0.453125 0.106250 0.451562 0.104167 0.450000 0.102083 0.448437 0.102083
2 0.570312 0.089583 0.570312 0.087500 0.567187 0.089583 0.565625 0.093750 0.565625 0.097917 0.565625 0.100000 0.565625 0.106250 0.565625 0.108333 0.565625 0.110417 0.567187 0.110417 0.568750 0.112500 0.570312 0.112500 0.571875 0.112500 0.573438 0.112500 0.575000 0.112500 0.576562 0.110417 0.578125 0.110417 0.581250 0.106250 0.582812 0.106250 0.582812 0.104167 0.582812 0.100000 0.582812 0.095833 0.582812 0.093750 0.582812 0.089583 0.582812 0.089583 0.582812 0.087500 0.579688 0.085417
2 0.543750 0.020833 0.540625 0.020833 0.535937 0.025000 0.534375 0.033333 0.534375 0.037500 0.534375 0.043750 0.537500 0.047917 0.540625 0.050000 0.542188 0.054167 0.545312 0.054167 0.548438 0.054167 0.551562 0.052083 0.554688 0.050000 0.557813 0.045833 0.560937 0.043750 0.560937 0.037500 0.562500 0.035417 0.562500 0.031250 0.562500 0.027083 0.560937 0.025000 0.559375 0.020833 0.557813 0.020833 0.553125 0.020833 0.551562 0.020833
2 0.596875 0.137500 0.598437 0.139583 0.598437 0.147917 0.598437 0.154167 0.598437 0.160417 0.598437 0.164583 0.600000 0.172917 0.600000 0.179167 0.603125 0.183333 0.604688 0.189583 0.607812 0.191667 0.610938 0.193750 0.612500 0.187500 0.612500 0.181250 0.612500 0.175000 0.612500 0.170833 0.612500 0.164583 0.612500 0.158333 0.609375 0.154167 0.607812 0.150000 0.603125 0.147917 0.600000 0.141667 0.596875 0.141667
2 0.671875 0.189583 0.667188 0.189583 0.667188 0.191667 0.667188 0.195833 0.667188 0.202083 0.671875 0.206250 0.679688 0.206250 0.687500 0.206250 0.693750 0.206250 0.700000 0.206250 0.703125 0.206250 0.707812 0.204167 0.715625 0.197917 0.720313 0.191667 0.721875 0.187500 0.720313 0.183333 0.715625 0.181250 0.712500 0.179167 0.709375 0.179167 0.704688 0.179167 0.701562 0.179167
2 0.764062 0.166667 0.759375 0.166667 0.754687 0.170833 0.754687 0.175000 0.754687 0.179167 0.754687 0.183333 0.754687 0.187500 0.756250 0.189583 0.759375 0.191667 0.760938 0.191667 0.767188 0.191667 0.771875 0.191667 0.776563 0.191667 0.781250 0.191667 0.784375 0.189583 0.789062 0.189583 0.792188 0.185417 0.793750 0.183333 0.793750 0.179167 0.793750 0.175000 0.793750 0.172917 0.784375 0.168750 0.771875 0.168750 0.754687 0.168750 0.756250 0.170833
2 0.843750 0.158333 0.842187 0.158333 0.837500 0.166667 0.835938 0.170833 0.834375 0.172917 0.832812 0.179167 0.832812 0.183333 0.835938 0.187500 0.845313 0.187500 0.857812 0.187500 0.868750 0.187500 0.878125 0.183333 0.881250 0.181250 0.887500 0.177083 0.892188 0.172917 0.893750 0.166667 0.892188 0.162500 0.882812 0.162500 0.878125 0.162500 0.873437 0.162500 0.868750 0.162500 0.873437 0.162500
2 0.923438 0.156250 0.915625 0.156250 0.906250 0.156250 0.903125 0.158333 0.903125 0.162500 0.903125 0.166667 0.903125 0.172917 0.906250 0.177083 0.907813 0.179167 0.912500 0.179167 0.918750 0.183333 0.923438 0.183333 0.928125 0.183333 0.935937 0.179167 0.940625 0.179167 0.946875 0.175000 0.948438 0.170833 0.948438 0.166667 0.948438 0.162500 0.948438 0.158333 0.948438 0.154167 0.940625 0.150000 0.935937 0.150000 0.932813 0.150000 0.932813 0.156250
2 0.978125 0.147917 0.978125 0.150000 0.978125 0.154167 0.978125 0.158333 0.976562 0.162500 0.976562 0.162500 0.976562 0.166667 0.976562 0.166667 0.978125 0.166667 0.982812 0.166667 0.987500 0.166667 0.990625 0.166667 0.995313 0.166667 0.998437 0.164583 1.000000 0.164583 1.001562 0.164583 1.003125 0.162500 1.003125 0.158333 1.003125 0.156250 1.000000 0.152083 1.000000 0.150000 0.998437 0.150000 0.996875 0.147917 0.995313 0.145833 0.993750 0.145833 0.990625 0.145833 0.990625 0.143750
2 0.796875 0.464583 0.793750 0.464583 0.790625 0.466667 0.789062 0.468750 0.787500 0.470833 0.787500 0.481250 0.789062 0.487500 0.790625 0.489583 0.793750 0.491667 0.800000 0.491667 0.810937 0.491667 0.820312 0.491667 0.829688 0.489583 0.834375 0.485417 0.835938 0.481250 0.835938 0.477083 0.837500 0.472917 0.839063 0.468750 0.839063 0.464583 0.839063 0.460417 0.832812 0.460417 0.829688 0.460417 0.825000 0.460417 0.821875 0.460417 0.820312 0.460417 0.818750 0.462500
2 0.903125 0.437500 0.903125 0.441667 0.901563 0.445833 0.901563 0.447917 0.901563 0.452083 0.901563 0.456250 0.903125 0.460417 0.906250 0.460417 0.907813 0.464583 0.910937 0.464583 0.915625 0.464583 0.918750 0.464583 0.923438 0.464583 0.928125 0.462500 0.932813 0.458333 0.935937 0.454167 0.935937 0.452083 0.935937 0.447917 0.935937 0.439583 0.932813 0.433333 0.931250 0.429167 0.928125 0.429167 0.923438 0.427083 0.918750 0.427083 0.912500 0.427083 0.909375 0.427083
2 0.987500 0.418750 0.987500 0.416667 0.982812 0.418750 0.982812 0.420833 0.982812 0.427083 0.982812 0.431250 0.982812 0.437500 0.987500 0.437500 0.992188 0.437500 0.996875 0.437500 1.000000 0.437500 1.003125 0.433333 1.006250 0.431250 1.007812 0.429167 1.009375 0.425000 1.009375 0.420833 1.009375 0.416667 1.009375 0.414583 1.007812 0.412500 1.000000 0.410417 0.987500 0.410417 0.984375 0.412500 0.984375 0.414583
2 0.835938 0.952083 0.820312 0.954167 0.814063 0.956250 0.812500 0.960417 0.812500 0.966667 0.812500 0.975000 0.812500 0.981250 0.812500 0.987500 0.815625 0.993750 0.818750 0.997917 0.821875 1.002083 0.829688 1.006250 0.837500 1.010417 0.843750 1.000000 0.846875 0.993750 0.848437 0.985417 0.848437 0.979167 0.848437 0.972917 0.848437 0.968750 0.848437 0.962500 0.845313 0.958333 0.843750 0.956250 0.839063 0.956250 0.835938 0.956250
2 0.792188 0.791667 0.789062 0.797917 0.787500 0.808333 0.785937 0.814583 0.785937 0.818750 0.785937 0.825000 0.785937 0.833333 0.785937 0.843750 0.785937 0.852083 0.787500 0.862500 0.790625 0.868750 0.793750 0.870833 0.796875 0.872917 0.800000 0.875000 0.804688 0.875000 0.809375 0.870833 0.812500 0.868750 0.814063 0.864583 0.815625 0.860417 0.815625 0.856250
2 0.746875 0.645833 0.745313 0.645833 0.739062 0.645833 0.735938 0.645833 0.734375 0.650000 0.731250 0.654167 0.731250 0.660417 0.731250 0.662500 0.731250 0.668750 0.731250 0.675000 0.731250 0.679167 0.734375 0.683333 0.735938 0.689583 0.739062 0.693750 0.739062 0.697917 0.743750 0.702083 0.746875 0.702083 0.751563 0.704167 0.754687 0.704167 0.757812 0.702083 0.759375 0.702083 0.760938 0.700000 0.764062 0.695833 0.764062 0.693750 0.764062 0.689583 0.767188 0.685417
2 0.704688 0.512500 0.701562 0.512500 0.696875 0.512500 0.693750 0.520833 0.693750 0.527083 0.693750 0.533333 0.696875 0.539583 0.698438 0.547917 0.703125 0.552083 0.706250 0.558333 0.712500 0.558333 0.718750 0.558333 0.723437 0.556250 0.726562 0.550000 0.728125 0.543750 0.728125 0.537500 0.728125 0.533333 0.725000 0.527083 0.720313 0.525000 0.715625 0.520833 0.710938 0.516667 0.706250 0.514583 0.703125 0.510417
2 0.571875 0.660417 0.568750 0.660417 0.564063 0.662500 0.557813 0.664583 0.554688 0.666667 0.550000 0.670833 0.548438 0.675000 0.546875 0.679167 0.546875 0.689583 0.546875 0.695833 0.548438 0.702083 0.550000 0.708333 0.553125 0.714583 0.557813 0.722917 0.560937 0.729167 0.562500 0.735417 0.565625 0.739583 0.570312 0.739583 0.573438 0.739583 0.579688 0.739583 0.582812 0.739583 0.587500 0.739583 0.589063 0.739583
2 0.615625 0.833333 0.612500 0.831250 0.606250 0.831250 0.603125 0.831250 0.600000 0.831250 0.596875 0.835417 0.595313 0.839583 0.595313 0.843750 0.595313 0.850000 0.595313 0.856250 0.595313 0.860417 0.596875 0.864583 0.598437 0.872917 0.600000 0.877083 0.603125 0.881250 0.606250 0.889583 0.610938 0.891667 0.615625 0.895833 0.618750 0.895833 0.621875 0.895833 0.625000 0.895833 0.628125 0.895833
2 0.432812 0.908333 0.429688 0.908333 0.426563 0.908333 0.423438 0.908333 0.421875 0.908333 0.418750 0.908333 0.417187 0.912500 0.417187 0.916667 0.417187 0.920833 0.417187 0.927083 0.417187 0.931250 0.417187 0.935417 0.417187 0.939583 0.417187 0.943750 0.418750 0.947917 0.420312 0.952083 0.421875 0.956250 0.421875 0.958333 0.426563 0.960417 0.428125 0.964583 0.431250 0.968750 0.434375 0.970833 0.439063 0.970833 0.440625 0.970833 0.443750 0.970833 0.446875 0.968750 0.446875 0.964583
2 0.396875 0.718750 0.393750 0.718750 0.392188 0.722917 0.389062 0.727083 0.385937 0.731250 0.384375 0.735417 0.382812 0.743750 0.381250 0.747917 0.381250 0.752083 0.381250 0.760417 0.381250 0.770833 0.384375 0.777083 0.389062 0.783333 0.393750 0.791667 0.396875 0.795833 0.401562 0.800000 0.406250 0.800000 0.409375 0.800000 0.414062 0.800000 0.418750 0.800000 0.418750 0.800000 0.414062 0.800000
2 0.050000 0.625000 0.046875 0.625000 0.042188 0.625000 0.035937 0.625000 0.029687 0.627083 0.021875 0.629167 0.018750 0.633333 0.015625 0.637500 0.014063 0.641667 0.014063 0.645833 0.014063 0.652083 0.017188 0.654167 0.023438 0.658333 0.026562 0.658333 0.031250 0.660417 0.034375 0.660417 0.039062 0.658333 0.046875 0.654167 0.050000 0.650000 0.053125 0.645833 0.056250 0.639583 0.056250 0.635417 0.056250 0.631250
2 0.287500 0.572917 0.281250 0.572917 0.267188 0.577083 0.256250 0.579167 0.253125 0.583333 0.248438 0.589583 0.245312 0.593750 0.242188 0.597917 0.242188 0.602083 0.242188 0.608333 0.245312 0.612500 0.253125 0.612500 0.259375 0.612500 0.270313 0.610417 0.276562 0.608333 0.282813 0.602083 0.287500 0.597917 0.292187 0.589583 0.293750 0.583333 0.293750 0.577083 0.285938 0.570833
2 0.192188 0.583333 0.185938 0.589583 0.179688 0.589583 0.175000 0.593750 0.168750 0.595833 0.162500 0.602083 0.156250 0.606250 0.153125 0.610417 0.148438 0.614583 0.143750 0.618750 0.145313 0.629167 0.150000 0.635417 0.156250 0.639583 0.162500 0.639583 0.170313 0.639583 0.179688 0.637500 0.185938 0.633333 0.192188 0.629167 0.198437 0.620833 0.201563 0.610417 0.203125 0.602083 0.203125 0.593750
2 0.103125 0.454167 0.098437 0.454167 0.095312 0.454167 0.089063 0.456250 0.085938 0.460417 0.085938 0.466667 0.085938 0.475000 0.092188 0.481250 0.096875 0.481250 0.104688 0.481250 0.114062 0.481250 0.120313 0.481250 0.128125 0.477083 0.132812 0.475000 0.137500 0.470833 0.137500 0.464583 0.137500 0.460417 0.135937 0.454167 0.131250 0.450000 0.125000 0.447917 0.120313 0.447917 0.115625 0.447917 0.110937 0.447917
2 0.023438 0.479167 0.020313 0.479167 0.017188 0.479167 0.014063 0.479167 0.007812 0.481250 0.004687 0.487500 0.001563 0.493750 0.001563 0.497917 0.001563 0.502083 0.004687 0.504167 0.010937 0.508333 0.017188 0.508333 0.021875 0.508333 0.026562 0.508333 0.031250 0.504167 0.031250 0.497917 0.031250 0.491667 0.031250 0.487500 0.026562 0.483333 0.023438 0.481250 0.020313 0.481250
2 0.032813 0.364583 0.026562 0.364583 0.023438 0.368750 0.020313 0.375000 0.020313 0.381250 0.032813 0.385417 0.046875 0.385417 0.059375 0.383333 0.070312 0.375000 0.079687 0.372917 0.087500 0.368750 0.089063 0.362500 0.092188 0.352083 0.092188 0.347917 0.082812 0.347917 0.070312 0.347917 0.064062 0.350000 0.056250 0.352083 0.050000 0.356250 0.043750 0.358333 0.037500 0.364583
2 0.148438 0.329167 0.143750 0.329167 0.140625 0.331250 0.139063 0.335417 0.137500 0.337500 0.135937 0.343750 0.135937 0.347917 0.139063 0.354167 0.140625 0.358333 0.143750 0.358333 0.150000 0.358333 0.154688 0.358333 0.157812 0.358333 0.162500 0.356250 0.165625 0.356250 0.168750 0.354167 0.173437 0.352083 0.175000 0.347917 0.178125 0.345833 0.181250 0.341667 0.181250 0.335417 0.179688 0.331250 0.176563 0.331250 0.171875 0.331250 0.162500 0.331250 0.156250 0.331250 0.153125 0.331250
2 0.234375 0.302083 0.228125 0.306250 0.221875 0.314583 0.220312 0.322917 0.220312 0.329167 0.225000 0.335417 0.231250 0.337500 0.240625 0.337500 0.250000 0.337500 0.256250 0.333333 0.262500 0.331250 0.270313 0.325000 0.276562 0.320833 0.278125 0.314583 0.279687 0.306250 0.278125 0.300000 0.273438 0.300000 0.260937 0.295833 0.254688 0.295833 0.250000 0.295833 0.242188 0.295833
6 0.732812 0.516667 0.862500 0.483333 0.987500 0.468750 1.012500 0.418750 0.939063 0.427083 0.856250 0.445833 0.781250 0.464583 0.725000 0.487500 0.693750 0.529167 0.709375 0.614583 0.735938 0.718750 0.776563 0.847917 0.814063 0.952083 0.851562 1.000000 0.848437 0.929167 0.821875 0.847917 0.798438 0.770833 0.776563 0.687500 0.750000 0.622917 0.729688 0.550000 0.767188 0.500000
6 0.535937 0.572917 0.528125 0.610417 0.539062 0.662500 0.548438 0.702083 0.560937 0.758333 0.567187 0.808333 0.573438 0.856250 0.589063 0.916667 0.606250 0.966667 0.628125 1.000000 0.654687 1.000000 0.648438 0.956250 0.637500 0.920833 0.632812 0.879167 0.625000 0.835417 0.612500 0.787500 0.600000 0.747917 0.584375 0.695833 0.573438 0.641667 0.560937 0.606250 0.545312 0.577083
6 0.385937 0.656250 0.376563 0.662500 0.371875 0.679167 0.371875 0.697917 0.376563 0.712500 0.379688 0.731250 0.382812 0.745833 0.384375 0.768750 0.387500 0.793750 0.389062 0.812500 0.392188 0.833333 0.395313 0.860417 0.396875 0.881250 0.401562 0.900000 0.406250 0.918750 0.412500 0.943750 0.418750 0.964583 0.425000 0.981250 0.431250 0.993750 0.440625 1.000000 0.454688 0.993750
6 0.001563 0.660417 0.089063 0.658333 0.129688 0.652083 0.175000 0.650000 0.207813 0.641667 0.243750 0.629167 0.282813 0.618750 0.318750 0.602083 0.353125 0.593750 0.364063 0.572917 0.348438 0.556250 0.307812 0.558333 0.265625 0.566667 0.225000 0.577083 0.179688 0.585417 0.143750 0.591667 0.104688 0.600000 0.071875 0.608333 0.043750 0.614583 0.020313 0.622917 0.000000 0.637500
6 0.000000 0.514583 0.043750 0.500000 0.090625 0.487500 0.131250 0.475000 0.165625 0.464583 0.204687 0.454167 0.240625 0.437500 0.271875 0.429167 0.300000 0.420833 0.323437 0.414583 0.334375 0.391667 0.298438 0.389583 0.256250 0.397917 0.229687 0.408333 0.196875 0.416667 0.156250 0.425000 0.114062 0.443750 0.064062 0.460417 0.029687 0.470833 -0.001563 0.489583 0.001563 0.510417
6 0.003125 0.391667 0.065625 0.377083 0.101562 0.364583 0.140625 0.352083 0.178125 0.341667 0.201563 0.331250 0.221875 0.322917 0.240625 0.318750 0.259375 0.308333 0.278125 0.300000 0.270313 0.287500 0.240625 0.289583 0.210938 0.297917 0.182812 0.308333 0.140625 0.320833 0.098437 0.329167 0.064062 0.339583 0.014063 0.356250 0.000000 0.368750 0.004687 0.383333 0.029687 0.383333
6 0.282813 0.008333 0.285938 0.031250 0.287500 0.050000 0.289062 0.066667 0.292187 0.077083 0.292187 0.093750 0.293750 0.106250 0.295312 0.129167 0.300000 0.145833 0.301563 0.158333 0.306250 0.166667 0.317188 0.166667 0.325000 0.162500 0.329688 0.141667 0.331250 0.129167 0.331250 0.110417 0.329688 0.089583 0.325000 0.075000 0.323437 0.062500 0.318750 0.047917 0.315625 0.033333 0.310937 0.025000
6 0.398438 0.006250 0.406250 0.033333 0.409375 0.050000 0.417187 0.072917 0.421875 0.089583 0.425000 0.106250 0.431250 0.129167 0.435937 0.137500 0.443750 0.145833 0.453125 0.143750 0.454688 0.133333 0.454688 0.120833 0.453125 0.106250 0.446875 0.093750 0.440625 0.077083 0.434375 0.062500 0.426563 0.045833 0.414062 0.022917 0.409375 0.010417 0.406250 0.000000 0.396875 -0.006250 0.392188 0.004167
6 0.510938 0.004167 0.518750 0.025000 0.531250 0.047917 0.543750 0.070833 0.553125 0.089583 0.564063 0.110417 0.578125 0.137500 0.589063 0.156250 0.603125 0.175000 0.612500 0.189583 0.618750 0.183333 0.620313 0.162500 0.614062 0.145833 0.606250 0.129167 0.598437 0.110417 0.582812 0.085417 0.573438 0.066667 0.557813 0.043750 0.548438 0.029167 0.535937 0.012500 0.518750 -0.002083
6 0.615625 0.220833 0.651563 0.218750 0.682813 0.218750 0.721875 0.212500 0.776563 0.204167 0.837500 0.189583 0.895312 0.181250 0.945312 0.175000 0.975000 0.170833 1.006250 0.164583 1.003125 0.141667 0.971875 0.141667 0.926562 0.141667 0.857812 0.145833 0.796875 0.156250 0.742188 0.166667 0.693750 0.175000 0.659375 0.175000 0.631250 0.179167 0.610938 0.193750 0.625000 0.212500
