7 -0.006250 0.229167 0.001563 0.225000 0.014063 0.225000 0.025000 0.225000 0.037500 0.222917 0.050000 0.222917 0.085938 0.210417 0.085938 0.191667 0.084375 0.168750 0.084375 0.150000 0.084375 0.125000 0.084375 0.097917 0.085938 0.081250 0.081250 0.072917 0.071875 0.062500 0.062500 0.060417 0.043750 0.060417 0.034375 0.056250 0.015625 0.056250 0.001563 0.054167 -0.006250 0.050000
7 0.000000 0.568750 0.000000 0.585417 0.000000 0.597917 -0.001563 0.610417 -0.003125 0.625000 -0.003125 0.650000 -0.003125 0.666667 -0.003125 0.679167 0.000000 0.687500 0.003125 0.675000 0.009375 0.662500 0.012500 0.650000 0.015625 0.641667 0.020313 0.629167 0.025000 0.616667 0.031250 0.600000 0.034375 0.591667 0.031250 0.581250 0.021875 0.579167 0.009375 0.575000 0.001563 0.572917
7 0.621875 0.000000 0.621875 0.012500 0.621875 0.022917 0.637500 0.025000 0.648438 0.025000 0.656250 0.031250 0.667188 0.035417 0.675000 0.037500 0.687500 0.041667 0.693750 0.041667 0.703125 0.041667 0.712500 0.041667 0.720313 0.041667 0.725000 0.041667 0.734375 0.041667 0.742188 0.041667 0.746875 0.037500 0.751563 0.029167 0.753125 0.016667 0.753125 0.006250 0.751563 0.000000
1 0.729688 0.050000 0.062500 0.029167
1 0.885938 0.085417 0.068750 0.041667
1 0.987500 0.116667 0.025000 0.025000
1 0.652344 0.162500 0.032813 0.087500
1 0.651563 0.352083 0.040625 0.137500
1 0.651563 0.576042 0.034375 0.122917
1 0.633594 0.836458 0.023438 0.131250
1 0.431250 0.102083 0.028125 0.100000
1 0.412500 0.294792 0.025000 0.118750
1 0.395313 0.512500 0.025000 0.125000
1 0.375000 0.765625 0.028125 0.168750
1 0.253125 0.081250 0.243750 0.081250 0.232813 0.081250 0.225000 0.075000 0.217188 0.093750 0.210938 0.106250 0.207813 0.118750 0.207813 0.129167 0.207813 0.137500 0.212500 0.143750 0.221875 0.143750 0.231250 0.143750 0.234375 0.131250 0.240625 0.122917 0.243750 0.110417 0.250000 0.097917 0.253125 0.087500 0.256250 0.075000 0.259375 0.062500 0.253125 0.060417 0.243750 0.060417
1 0.207813 0.243750 0.196875 0.243750 0.190625 0.243750 0.187500 0.256250 0.187500 0.275000 0.185938 0.293750 0.181250 0.310417 0.179688 0.322917 0.176563 0.335417 0.171875 0.347917 0.179688 0.350000 0.185938 0.356250 0.193750 0.350000 0.196875 0.331250 0.203125 0.312500 0.207813 0.300000 0.212500 0.287500 0.215625 0.272917 0.218750 0.254167 0.218750 0.243750 0.210938 0.237500 0.203125 0.237500
1 0.179688 0.429167 0.171875 0.429167 0.168750 0.429167 0.162500 0.429167 0.160938 0.431250 0.159375 0.437500 0.156250 0.443750 0.156250 0.450000 0.156250 0.460417 0.154688 0.462500 0.153125 0.475000 0.150000 0.487500 0.150000 0.493750 0.150000 0.504167 0.148438 0.506250 0.148438 0.512500 0.148438 0.518750 0.150000 0.525000 0.156250 0.531250 0.159375 0.531250 0.165625 0.531250 0.168750 0.531250
2 0.237500 0.150000 0.231250 0.150000 0.212500 0.150000 0.203125 0.150000 0.203125 0.162500 0.196875 0.179167 0.193750 0.193750 0.190625 0.206250 0.187500 0.218750 0.187500 0.229167 0.193750 0.231250 0.203125 0.235417 0.212500 0.235417 0.218750 0.235417 0.223438 0.222917 0.225000 0.210417 0.228125 0.193750 0.234375 0.181250 0.237500 0.168750 0.237500 0.156250 0.237500 0.150000 0.225000 0.150000
2 0.179688 0.354167 0.170313 0.350000 0.165625 0.362500 0.165625 0.375000 0.162500 0.387500 0.160938 0.400000 0.159375 0.412500 0.156250 0.429167 0.159375 0.435417 0.171875 0.441667 0.181250 0.441667 0.187500 0.441667 0.193750 0.425000 0.193750 0.412500 0.193750 0.400000 0.196875 0.387500 0.196875 0.372917 0.196875 0.360417 0.193750 0.350000 0.185938 0.347917 0.179688 0.350000 0.170313 0.356250
2 0.156250 0.543750 0.143750 0.541667 0.134375 0.543750 0.134375 0.556250 0.131250 0.575000 0.128125 0.587500 0.125000 0.606250 0.118750 0.622917 0.118750 0.637500 0.117188 0.650000 0.123438 0.662500 0.134375 0.662500 0.143750 0.666667 0.148438 0.656250 0.153125 0.643750 0.156250 0.629167 0.156250 0.610417 0.160938 0.593750 0.162500 0.575000 0.165625 0.560417 0.162500 0.550000
2 0.379688 0.850000 0.368750 0.850000 0.362500 0.850000 0.353125 0.850000 0.346875 0.850000 0.337500 0.847917 0.335938 0.856250 0.335938 0.875000 0.332813 0.891667 0.332813 0.904167 0.332813 0.916667 0.332813 0.925000 0.332813 0.935417 0.332813 0.943750 0.332813 0.950000 0.332813 0.962500 0.337500 0.962500 0.346875 0.962500 0.353125 0.962500 0.359375 0.962500 0.364063 0.962500
1 0.143750 0.681250 0.129688 0.679167 0.112500 0.675000 0.109375 0.687500 0.109375 0.710417 0.107813 0.735417 0.103125 0.754167 0.100000 0.768750 0.100000 0.787500 0.096875 0.804167 0.096875 0.822917 0.107813 0.831250 0.118750 0.831250 0.121875 0.818750 0.128125 0.804167 0.131250 0.787500 0.140625 0.768750 0.145313 0.743750 0.150000 0.725000 0.150000 0.706250 0.150000 0.691667
2 0.403125 0.579167 0.398438 0.579167 0.387500 0.579167 0.381250 0.579167 0.375000 0.579167 0.371875 0.585417 0.371875 0.593750 0.371875 0.604167 0.368750 0.612500 0.368750 0.625000 0.367188 0.631250 0.367188 0.643750 0.365625 0.654167 0.364063 0.662500 0.360938 0.675000 0.362500 0.681250 0.368750 0.681250 0.376563 0.681250 0.384375 0.687500 0.387500 0.691667 0.396875 0.693750
2 0.409375 0.350000 0.396875 0.347917 0.387500 0.347917 0.384375 0.362500 0.384375 0.381250 0.384375 0.397917 0.384375 0.418750 0.384375 0.437500 0.387500 0.447917 0.400000 0.450000 0.412500 0.454167 0.421875 0.454167 0.418750 0.450000 0.418750 0.429167 0.418750 0.412500 0.421875 0.391667 0.423438 0.375000 0.423438 0.362500 0.418750 0.350000 0.406250 0.347917
2 0.412500 0.150000 0.410938 0.160417 0.409375 0.172917 0.409375 0.181250 0.409375 0.193750 0.407813 0.204167 0.406250 0.212500 0.406250 0.225000 0.406250 0.235417 0.415625 0.237500 0.425000 0.237500 0.434375 0.241667 0.439063 0.225000 0.439063 0.200000 0.439063 0.187500 0.439063 0.179167 0.440625 0.162500 0.440625 0.150000 0.431250 0.150000 0.421875 0.143750 0.415625 0.143750 0.410938 0.150000
2 0.637500 0.043750 0.637500 0.062500 0.637500 0.075000 0.637500 0.085417 0.637500 0.093750 0.637500 0.104167 0.637500 0.116667 0.642188 0.118750 0.648438 0.118750 0.653125 0.118750 0.659375 0.118750 0.667188 0.118750 0.668750 0.116667 0.668750 0.097917 0.668750 0.085417 0.668750 0.072917 0.668750 0.066667 0.667188 0.056250 0.667188 0.050000 0.667188 0.041667 0.665625 0.037500
2 0.631250 0.200000 0.631250 0.212500 0.631250 0.222917 0.631250 0.235417 0.631250 0.241667 0.634375 0.254167 0.634375 0.266667 0.637500 0.268750 0.643750 0.272917 0.651563 0.275000 0.656250 0.275000 0.659375 0.279167 0.668750 0.279167 0.673438 0.275000 0.673438 0.260417 0.673438 0.243750 0.673438 0.235417 0.673438 0.225000 0.673438 0.218750 0.668750 0.210417 0.668750 0.200000 0.668750 0.193750
2 0.662500 0.406250 0.653125 0.404167 0.643750 0.406250 0.637500 0.406250 0.637500 0.418750 0.637500 0.431250 0.634375 0.443750 0.634375 0.460417 0.631250 0.475000 0.631250 0.487500 0.631250 0.504167 0.642188 0.506250 0.650000 0.506250 0.657813 0.506250 0.667188 0.506250 0.673438 0.504167 0.673438 0.481250 0.673438 0.462500 0.673438 0.450000 0.673438 0.431250 0.673438 0.418750
2 0.662500 0.635417 0.653125 0.635417 0.635938 0.635417 0.625000 0.635417 0.621875 0.650000 0.625000 0.668750 0.626563 0.685417 0.625000 0.706250 0.621875 0.725000 0.620313 0.737500 0.620313 0.756250 0.628125 0.762500 0.637500 0.766667 0.648438 0.766667 0.657813 0.766667 0.662500 0.750000 0.662500 0.729167 0.665625 0.718750 0.667188 0.706250 0.667188 0.681250 0.667188 0.662500 0.667188 0.643750
2 0.668750 0.012500 0.668750 0.018750 0.668750 0.025000 0.668750 0.031250 0.668750 0.037500 0.668750 0.047917 0.668750 0.050000 0.668750 0.060417 0.675000 0.062500 0.687500 0.066667 0.690625 0.066667 0.696875 0.066667 0.700000 0.066667 0.700000 0.054167 0.700000 0.043750 0.700000 0.037500 0.700000 0.031250 0.700000 0.025000 0.700000 0.018750 0.700000 0.012500 0.700000 0.010417
2 0.773438 0.029167 0.773438 0.037500 0.773438 0.050000 0.773438 0.056250 0.773438 0.062500 0.773438 0.072917 0.787500 0.075000 0.806250 0.081250 0.809375 0.081250 0.814063 0.081250 0.818750 0.081250 0.825000 0.081250 0.831250 0.081250 0.840625 0.087500 0.846875 0.087500 0.853125 0.087500 0.854688 0.085417 0.854688 0.075000 0.854688 0.068750 0.854688 0.060417 0.854688 0.050000 0.854688 0.043750 0.854688 0.037500 0.854688 0.029167
2 0.925000 0.068750 0.925000 0.081250 0.925000 0.087500 0.925000 0.097917 0.928125 0.106250 0.939063 0.110417 0.943750 0.110417 0.953125 0.110417 0.956250 0.110417 0.965625 0.116667 0.971875 0.116667 0.971875 0.106250 0.971875 0.097917 0.975000 0.087500 0.968750 0.085417 0.960938 0.085417 0.950000 0.085417 0.940625 0.085417 0.934375 0.085417 0.932813 0.085417 0.925000 0.081250
6 0.679688 0.072917 0.715625 0.075000 0.753125 0.072917 0.796875 0.075000 0.835938 0.087500 0.871875 0.100000 0.912500 0.110417 0.964063 0.125000 0.995313 0.131250 1.003125 0.097917 0.970313 0.091667 0.940625 0.087500 0.906250 0.072917 0.868750 0.062500 0.835938 0.050000 0.803125 0.043750 0.767188 0.041667 0.735938 0.037500 0.700000 0.037500 0.668750 0.029167 0.673438 0.068750
6 0.657813 0.043750 0.640625 0.100000 0.628125 0.181250 0.626563 0.260417 0.625000 0.341667 0.628125 0.425000 0.631250 0.510417 0.628125 0.600000 0.628125 0.697917 0.615625 0.810417 0.609375 0.904167 0.650000 0.875000 0.668750 0.781250 0.678125 0.693750 0.681250 0.597917 0.682813 0.516667 0.690625 0.416667 0.675000 0.335417 0.679688 0.237500 0.679688 0.143750 0.659375 0.043750
6 0.446875 0.050000 0.410938 0.087500 0.398438 0.175000 0.387500 0.268750 0.381250 0.362500 0.371875 0.447917 0.371875 0.537500 0.360938 0.631250 0.346875 0.756250 0.334375 0.881250 0.334375 0.968750 0.376563 0.918750 0.392188 0.835417 0.403125 0.750000 0.409375 0.654167 0.412500 0.566667 0.421875 0.468750 0.428125 0.362500 0.437500 0.254167 0.450000 0.156250 0.446875 0.050000
6 0.268750 0.072917 0.232813 0.060417 0.209375 0.131250 0.192188 0.200000 0.179688 0.268750 0.162500 0.350000 0.153125 0.437500 0.134375 0.531250 0.109375 0.612500 0.100000 0.700000 0.089063 0.837500 0.134375 0.806250 0.156250 0.718750 0.165625 0.637500 0.171875 0.560417 0.192188 0.472917 0.212500 0.391667 0.228125 0.293750 0.250000 0.181250 0.270313 0.085417 0.243750 0.043750
7 0.270313 0.000000 0.268750 0.000000 0.267188 0.000000 0.264062 0.000000 0.262500 0.000000 0.259375 0.000000 0.257812 0.000000 0.256250 0.000000 0.254688 0.000000 0.253125 0.000000 0.250000 0.000000 0.248438 0.000000 0.246875 0.000000 0.243750 0.000000 0.240625 0.000000 0.237500 0.000000 0.237500 0.000000 0.232813 0.000000 0.231250 0.000000 0.228125 0.000000 0.226562 0.000000 0.225000 0.000000 0.221875 0.000000 0.220312 0.000000 0.218750 0.000000 0.217188 0.000000 0.215625 0.000000
7 0.215625 0.002083 0.210938 0.016667 0.206250 0.033333 0.203125 0.045833 0.203125 0.058333 0.214062 0.072917 0.225000 0.077083 0.239063 0.081250 0.250000 0.083333 0.264062 0.081250 0.275000 0.072917 0.282813 0.062500 0.284375 0.045833 0.284375 0.033333 0.284375 0.016667 0.276562 0.004167 0.267188 0.000000 0.254688 0.000000 0.243750 0.000000 0.232813 0.000000 0.221875 0.000000 0.214062 0.008333
