6 0.682813 0.366667 0.729688 0.350000 0.759375 0.325000 0.800000 0.287500 0.834375 0.254167 0.862500 0.229167 0.896875 0.200000 0.940625 0.166667 0.971875 0.143750 0.995313 0.118750 0.987500 0.106250 0.960938 0.122917 0.934375 0.143750 0.909375 0.166667 0.871875 0.193750 0.837500 0.222917 0.809375 0.243750 0.775000 0.279167 0.725000 0.312500 0.700000 0.331250 0.675000 0.354167
6 0.734375 0.525000 0.767188 0.506250 0.793750 0.475000 0.825000 0.443750 0.850000 0.418750 0.881250 0.391667 0.915625 0.362500 0.943750 0.335417 0.968750 0.306250 0.992188 0.281250 0.987500 0.268750 0.962500 0.291667 0.939063 0.312500 0.906250 0.341667 0.878125 0.362500 0.846875 0.393750 0.809375 0.435417 0.771875 0.460417 0.735938 0.481250 0.715625 0.516667 0.737500 0.525000
6 0.431250 0.181250 0.443750 0.206250 0.462500 0.229167 0.485938 0.256250 0.510938 0.285417 0.534375 0.312500 0.557813 0.335417 0.579688 0.356250 0.603125 0.381250 0.625000 0.393750 0.625000 0.368750 0.606250 0.347917 0.581250 0.322917 0.565625 0.293750 0.548438 0.268750 0.525000 0.247917 0.506250 0.222917 0.481250 0.206250 0.457813 0.187500 0.439063 0.168750 0.434375 0.187500
6 0.328125 0.260417 0.337500 0.281250 0.346875 0.293750 0.356250 0.322917 0.367188 0.341667 0.379688 0.356250 0.392188 0.381250 0.398438 0.400000 0.409375 0.406250 0.412500 0.397917 0.415625 0.381250 0.409375 0.360417 0.398438 0.343750 0.387500 0.331250 0.381250 0.316667 0.376563 0.300000 0.367188 0.285417 0.356250 0.275000 0.343750 0.256250 0.331250 0.250000
6 0.242188 0.331250 0.231250 0.341667 0.240625 0.366667 0.250000 0.387500 0.256250 0.410417 0.262500 0.431250 0.271875 0.462500 0.282813 0.487500 0.290625 0.510417 0.300000 0.525000 0.312500 0.535417 0.325000 0.518750 0.318750 0.493750 0.306250 0.475000 0.293750 0.450000 0.287500 0.425000 0.278125 0.400000 0.270313 0.375000 0.262500 0.356250 0.251563 0.337500 0.240625 0.325000
6 0.000000 0.943750 0.015625 0.962500 0.043750 0.937500 0.084375 0.922917 0.134375 0.891667 0.168750 0.860417 0.217188 0.806250 0.262500 0.775000 0.321875 0.729167 0.364063 0.687500 0.387500 0.650000 0.340625 0.650000 0.300000 0.672917 0.267188 0.704167 0.218750 0.737500 0.184375 0.775000 0.150000 0.818750 0.109375 0.837500 0.065625 0.875000 0.025000 0.912500 -0.001563 0.943750
6 0.179688 0.993750 0.201563 0.975000 0.240625 0.960417 0.275000 0.943750 0.315625 0.912500 0.337500 0.887500 0.359375 0.860417 0.381250 0.831250 0.393750 0.806250 0.375000 0.800000 0.337500 0.818750 0.293750 0.850000 0.273438 0.872917 0.243750 0.897917 0.212500 0.922917 0.184375 0.943750 0.160938 0.954167 0.140625 0.975000 0.129688 1.004167 0.156250 1.004167 0.185938 0.997917
6 0.725000 0.862500 0.725000 0.862500 0.725000 0.862500
6 0.721875 0.862500 0.709375 0.850000 0.690625 0.843750 0.681250 0.856250 0.681250 0.881250 0.690625 0.904167 0.704688 0.918750 0.721875 0.947917 0.740625 0.968750 0.753125 0.987500 0.767188 1.006250 0.781250 1.010417 0.796875 1.010417 0.806250 1.000000 0.800000 0.981250 0.790625 0.960417 0.776563 0.937500 0.760938 0.912500 0.751563 0.897917 0.737500 0.875000 0.721875 0.862500
6 0.856250 0.693750 0.839063 0.672917 0.815625 0.668750 0.825000 0.697917 0.850000 0.722917 0.871875 0.743750 0.893750 0.768750 0.903125 0.804167 0.925000 0.843750 0.953125 0.872917 0.987500 0.906250 1.012500 0.929167 1.015625 0.906250 1.000000 0.881250 0.981250 0.862500 0.965625 0.835417 0.948438 0.800000 0.932813 0.775000 0.917188 0.750000 0.893750 0.722917 0.870313 0.706250
6 0.871875 0.654167 0.887500 0.635417 0.903125 0.622917 0.921875 0.606250 0.934375 0.587500 0.959375 0.562500 0.978125 0.537500 0.996875 0.516667 1.006250 0.500000 1.006250 0.475000 0.990625 0.487500 0.978125 0.500000 0.965625 0.510417 0.953125 0.529167 0.939063 0.547917 0.923438 0.562500 0.906250 0.585417 0.887500 0.606250 0.871875 0.612500 0.856250 0.629167 0.856250 0.650000 0.871875 0.650000
3 0.673438 0.362500 0.673438 0.347917 0.671875 0.331250 0.671875 0.318750 0.668750 0.306250 0.659375 0.304167 0.650000 0.300000 0.637500 0.300000 0.634375 0.306250 0.634375 0.329167 0.634375 0.350000 0.634375 0.375000 0.634375 0.387500 0.634375 0.404167 0.637500 0.412500 0.648438 0.412500 0.657813 0.410417 0.673438 0.404167 0.675000 0.391667 0.675000 0.375000 0.675000 0.362500 0.673438 0.350000
3 0.426563 0.335417 0.418750 0.335417 0.409375 0.337500 0.409375 0.350000 0.410938 0.362500 0.412500 0.375000 0.418750 0.387500 0.423438 0.406250 0.428125 0.418750 0.431250 0.429167 0.443750 0.431250 0.450000 0.431250 0.454688 0.422917 0.454688 0.406250 0.454688 0.397917 0.450000 0.385417 0.446875 0.375000 0.442188 0.360417 0.437500 0.350000 0.434375 0.343750 0.429688 0.335417
3 0.564063 0.543750 0.565625 0.543750 0.568750 0.541667 0.575000 0.537500 0.579688 0.537500 0.579688 0.535417 0.573438 0.535417 0.568750 0.535417 0.564063 0.535417 0.557813 0.537500 0.554688 0.537500 0.553125 0.543750 0.550000 0.550000 0.550000 0.556250 0.556250 0.560417 0.559375 0.562500 0.565625 0.556250 0.568750 0.554167 0.573438 0.550000 0.578125 0.543750 0.581250 0.543750
1 0.956250 0.131250 0.953125 0.131250 0.946875 0.135417 0.943750 0.137500 0.939063 0.141667 0.934375 0.143750 0.934375 0.143750 0.932813 0.150000 0.932813 0.156250 0.934375 0.162500 0.934375 0.168750 0.939063 0.172917 0.940625 0.168750 0.943750 0.166667 0.948438 0.162500 0.950000 0.160417 0.953125 0.156250 0.956250 0.154167 0.960938 0.147917 0.962500 0.143750 0.964063 0.137500 0.960938 0.135417 0.956250 0.131250 0.956250 0.131250
1 0.893750 0.172917 0.893750 0.175000 0.887500 0.181250 0.885938 0.185417 0.881250 0.187500 0.876563 0.193750 0.871875 0.197917 0.868750 0.200000 0.870313 0.206250 0.876563 0.212500 0.881250 0.218750 0.885938 0.218750 0.890625 0.212500 0.893750 0.210417 0.896875 0.204167 0.900000 0.200000 0.903125 0.193750 0.906250 0.187500 0.903125 0.181250 0.898438 0.181250 0.893750 0.179167
1 0.828125 0.229167 0.821875 0.235417 0.815625 0.237500 0.809375 0.237500 0.806250 0.243750 0.800000 0.247917 0.796875 0.250000 0.792188 0.254167 0.792188 0.262500 0.793750 0.268750 0.796875 0.272917 0.800000 0.272917 0.806250 0.272917 0.809375 0.268750 0.814063 0.266667 0.818750 0.262500 0.825000 0.254167 0.829688 0.250000 0.831250 0.247917 0.835938 0.243750 0.835938 0.235417 0.831250 0.235417 0.829688 0.231250
1 0.756250 0.291667 0.751563 0.297917 0.745313 0.300000 0.737500 0.306250 0.734375 0.306250 0.728125 0.312500 0.721875 0.318750 0.715625 0.322917 0.710938 0.331250 0.712500 0.337500 0.718750 0.341667 0.729688 0.341667 0.737500 0.335417 0.742188 0.335417 0.746875 0.325000 0.753125 0.325000 0.759375 0.318750 0.762500 0.310417 0.767188 0.300000 0.762500 0.293750 0.756250 0.293750
1 0.970313 0.279167 0.965625 0.275000 0.960938 0.281250 0.959375 0.281250 0.956250 0.287500 0.956250 0.287500 0.956250 0.291667 0.956250 0.293750 0.960938 0.293750 0.964063 0.297917 0.965625 0.297917 0.970313 0.297917 0.971875 0.293750 0.975000 0.293750 0.975000 0.291667 0.978125 0.287500 0.979688 0.281250 0.979688 0.279167 0.978125 0.275000 0.975000 0.275000 0.971875 0.275000 0.970313 0.275000 0.965625 0.275000
1 0.929688 0.318750 0.925000 0.318750 0.918750 0.325000 0.915625 0.325000 0.909375 0.331250 0.907813 0.335417 0.903125 0.341667 0.903125 0.343750 0.900000 0.350000 0.900000 0.356250 0.900000 0.362500 0.903125 0.362500 0.907813 0.362500 0.912500 0.362500 0.918750 0.356250 0.918750 0.350000 0.925000 0.343750 0.929688 0.337500 0.934375 0.331250 0.939063 0.325000 0.939063 0.322917 0.934375 0.318750 0.932813 0.318750
1 0.850000 0.391667 0.846875 0.391667 0.845313 0.393750 0.840625 0.397917 0.835938 0.400000 0.831250 0.406250 0.825000 0.412500 0.821875 0.418750 0.821875 0.425000 0.821875 0.431250 0.825000 0.437500 0.829688 0.437500 0.834375 0.437500 0.837500 0.437500 0.840625 0.431250 0.846875 0.425000 0.850000 0.422917 0.856250 0.418750 0.862500 0.410417 0.862500 0.404167 0.862500 0.397917 0.859375 0.391667 0.853125 0.391667
1 0.762500 0.462500 0.760938 0.468750 0.756250 0.475000 0.753125 0.479167 0.746875 0.485417 0.745313 0.487500 0.742188 0.491667 0.737500 0.497917 0.737500 0.504167 0.734375 0.506250 0.731250 0.510417 0.734375 0.518750 0.737500 0.518750 0.745313 0.525000 0.751563 0.525000 0.753125 0.518750 0.759375 0.512500 0.762500 0.506250 0.767188 0.500000 0.767188 0.493750 0.768750 0.487500 0.768750 0.481250 0.767188 0.475000 0.760938 0.475000
1 0.987500 0.487500 0.979688 0.491667 0.968750 0.500000 0.960938 0.504167 0.953125 0.510417 0.948438 0.516667 0.943750 0.518750 0.940625 0.525000 0.939063 0.531250 0.940625 0.537500 0.943750 0.543750 0.950000 0.543750 0.954688 0.543750 0.960938 0.543750 0.965625 0.541667 0.970313 0.537500 0.975000 0.531250 0.981250 0.522917 0.985938 0.516667 0.987500 0.510417 0.987500 0.506250 0.987500 0.500000 0.987500 0.493750 0.984375 0.487500
1 0.903125 0.591667 0.893750 0.593750 0.878125 0.600000 0.871875 0.606250 0.868750 0.610417 0.862500 0.618750 0.860938 0.625000 0.859375 0.631250 0.862500 0.637500 0.871875 0.637500 0.881250 0.637500 0.890625 0.637500 0.893750 0.631250 0.901563 0.629167 0.903125 0.618750 0.909375 0.610417 0.912500 0.600000 0.912500 0.593750 0.912500 0.587500 0.906250 0.587500
1 0.881250 0.718750 0.875000 0.718750 0.870313 0.729167 0.868750 0.735417 0.867188 0.743750 0.870313 0.754167 0.875000 0.762500 0.881250 0.768750 0.885938 0.775000 0.893750 0.779167 0.901563 0.779167 0.906250 0.781250 0.915625 0.781250 0.918750 0.775000 0.918750 0.762500 0.912500 0.743750 0.906250 0.735417 0.898438 0.731250 0.887500 0.725000 0.876563 0.718750
1 0.956250 0.837500 0.950000 0.850000 0.946875 0.856250 0.948438 0.868750 0.962500 0.879167 0.970313 0.885417 0.978125 0.891667 0.984375 0.900000 0.987500 0.906250 0.995313 0.916667 1.000000 0.922917 1.003125 0.929167 1.009375 0.912500 1.012500 0.900000 1.009375 0.891667 0.995313 0.881250 0.987500 0.875000 0.981250 0.868750 0.975000 0.860417 0.968750 0.850000 0.964063 0.843750 0.956250 0.837500
1 0.696875 0.843750 0.689063 0.847917 0.684375 0.856250 0.690625 0.868750 0.696875 0.879167 0.700000 0.891667 0.706250 0.900000 0.712500 0.906250 0.715625 0.918750 0.721875 0.925000 0.725000 0.931250 0.731250 0.929167 0.740625 0.925000 0.746875 0.918750 0.746875 0.912500 0.745313 0.900000 0.737500 0.887500 0.729688 0.879167 0.725000 0.868750 0.718750 0.862500 0.709375 0.850000 0.700000 0.843750 0.690625 0.837500
1 0.506250 0.916667 0.492188 0.925000 0.484375 0.931250 0.478125 0.937500 0.471875 0.943750 0.465625 0.954167 0.457813 0.960417 0.446875 0.968750 0.440625 0.975000 0.443750 0.985417 0.450000 0.997917 0.462500 0.993750 0.475000 0.981250 0.485938 0.975000 0.493750 0.968750 0.503125 0.962500 0.510938 0.956250 0.515625 0.943750 0.515625 0.925000 0.510938 0.912500
1 0.328125 0.831250 0.337500 0.837500 0.345313 0.843750 0.346875 0.856250 0.348438 0.862500 0.364063 0.856250 0.375000 0.850000 0.381250 0.843750 0.392188 0.837500 0.396875 0.831250 0.400000 0.822917 0.400000 0.812500 0.400000 0.804167 0.398438 0.793750 0.392188 0.793750 0.384375 0.793750 0.371875 0.804167 0.367188 0.806250 0.359375 0.812500 0.350000 0.818750 0.345313 0.825000 0.340625 0.831250
1 0.267188 0.891667 0.256250 0.897917 0.250000 0.900000 0.242188 0.906250 0.237500 0.912500 0.231250 0.916667 0.225000 0.918750 0.218750 0.925000 0.218750 0.931250 0.225000 0.937500 0.225000 0.947917 0.231250 0.950000 0.237500 0.947917 0.243750 0.937500 0.251563 0.931250 0.256250 0.931250 0.267188 0.925000 0.270313 0.925000 0.275000 0.912500 0.275000 0.906250 0.275000 0.897917 0.271875 0.887500
1 0.329688 0.675000 0.329688 0.687500 0.332813 0.700000 0.337500 0.700000 0.346875 0.697917 0.356250 0.687500 0.364063 0.681250 0.368750 0.679167 0.371875 0.675000 0.379688 0.668750 0.381250 0.662500 0.384375 0.656250 0.381250 0.650000 0.376563 0.647917 0.367188 0.650000 0.359375 0.656250 0.350000 0.656250 0.346875 0.662500 0.340625 0.666667 0.334375 0.666667 0.329688 0.668750
1 0.267188 0.725000 0.262500 0.731250 0.256250 0.731250 0.253125 0.737500 0.243750 0.743750 0.240625 0.747917 0.234375 0.754167 0.231250 0.756250 0.225000 0.762500 0.217188 0.762500 0.218750 0.775000 0.225000 0.781250 0.228125 0.787500 0.240625 0.787500 0.259375 0.768750 0.267188 0.766667 0.273438 0.760417 0.273438 0.750000 0.273438 0.737500 0.273438 0.729167 0.267188 0.725000
1 0.179688 0.818750 0.171875 0.818750 0.170313 0.822917 0.165625 0.825000 0.159375 0.825000 0.153125 0.831250 0.150000 0.831250 0.145313 0.835417 0.139063 0.837500 0.134375 0.841667 0.139063 0.850000 0.139063 0.856250 0.143750 0.856250 0.156250 0.850000 0.165625 0.847917 0.170313 0.843750 0.178125 0.841667 0.184375 0.837500 0.185938 0.831250 0.184375 0.825000 0.179688 0.818750
1 0.075000 0.891667 0.071875 0.897917 0.068750 0.900000 0.065625 0.900000 0.062500 0.904167 0.059375 0.906250 0.054688 0.906250 0.050000 0.912500 0.050000 0.912500 0.046875 0.916667 0.050000 0.918750 0.053125 0.922917 0.053125 0.925000 0.056250 0.929167 0.059375 0.929167 0.062500 0.929167 0.068750 0.925000 0.073438 0.925000 0.078125 0.918750 0.081250 0.912500 0.081250 0.904167 0.081250 0.900000 0.081250 0.893750 0.081250 0.891667 0.081250 0.885417 0.078125 0.881250
1 0.003125 0.937500 0.003125 0.941667 0.001563 0.943750 0.001563 0.947917 0.000000 0.947917 0.000000 0.950000 0.000000 0.954167 0.000000 0.956250 0.000000 0.960417 0.000000 0.962500 0.000000 0.962500 0.000000 0.968750 0.000000 0.968750 0.001563 0.968750 0.001563 0.968750 0.003125 0.968750 0.006250 0.968750 0.009375 0.966667 0.009375 0.962500 0.009375 0.962500 0.009375 0.960417 0.009375 0.956250 0.009375 0.950000 0.009375 0.950000 0.009375 0.947917 0.009375 0.943750 0.006250 0.943750 0.003125 0.937500
1 0.248438 0.356250 0.250000 0.356250 0.250000 0.350000 0.246875 0.347917 0.243750 0.343750 0.243750 0.337500 0.240625 0.335417 0.237500 0.331250 0.232813 0.331250 0.231250 0.337500 0.231250 0.341667 0.234375 0.350000 0.237500 0.356250 0.240625 0.360417 0.240625 0.362500 0.240625 0.368750 0.243750 0.368750 0.248438 0.366667 0.253125 0.362500 0.253125 0.360417 0.253125 0.356250
1 0.270313 0.391667 0.265625 0.391667 0.259375 0.393750 0.256250 0.400000 0.254688 0.404167 0.256250 0.406250 0.262500 0.412500 0.265625 0.418750 0.265625 0.425000 0.267188 0.429167 0.267188 0.431250 0.268750 0.437500 0.271875 0.437500 0.275000 0.437500 0.278125 0.431250 0.282813 0.431250 0.282813 0.418750 0.282813 0.406250 0.282813 0.404167 0.278125 0.400000 0.278125 0.393750 0.273438 0.387500 0.270313 0.387500
1 0.298438 0.460417 0.293750 0.462500 0.290625 0.462500 0.287500 0.468750 0.282813 0.468750 0.282813 0.472917 0.285938 0.481250 0.290625 0.485417 0.290625 0.487500 0.293750 0.491667 0.296875 0.493750 0.298438 0.500000 0.300000 0.504167 0.301563 0.506250 0.304688 0.506250 0.309375 0.504167 0.312500 0.500000 0.309375 0.493750 0.304688 0.485417 0.298438 0.475000 0.298438 0.472917 0.293750 0.466667 0.293750 0.462500 0.293750 0.456250 0.293750 0.456250
1 0.340625 0.281250 0.343750 0.279167 0.346875 0.275000 0.350000 0.275000 0.350000 0.268750 0.350000 0.266667 0.346875 0.262500 0.345313 0.256250 0.340625 0.254167 0.340625 0.250000 0.337500 0.247917 0.335938 0.250000 0.334375 0.250000 0.332813 0.254167 0.334375 0.256250 0.334375 0.262500 0.334375 0.266667 0.334375 0.268750 0.334375 0.275000 0.334375 0.275000 0.337500 0.279167 0.337500 0.281250
1 0.450000 0.193750 0.450000 0.193750 0.454688 0.193750 0.456250 0.187500 0.457813 0.187500 0.457813 0.187500 0.454688 0.185417 0.453125 0.181250 0.446875 0.179167 0.443750 0.175000 0.443750 0.172917 0.440625 0.172917 0.439063 0.172917 0.437500 0.172917 0.434375 0.175000 0.434375 0.179167 0.434375 0.179167 0.434375 0.181250 0.437500 0.187500 0.439063 0.187500 0.440625 0.191667 0.443750 0.193750 0.443750 0.193750
1 0.575000 0.316667 0.568750 0.318750 0.565625 0.318750 0.559375 0.325000 0.559375 0.331250 0.559375 0.337500 0.565625 0.343750 0.568750 0.347917 0.573438 0.350000 0.578125 0.350000 0.581250 0.350000 0.587500 0.350000 0.590625 0.350000 0.596875 0.347917 0.596875 0.341667 0.596875 0.335417 0.590625 0.331250 0.585938 0.325000 0.581250 0.322917 0.578125 0.318750 0.573438 0.312500
1 0.518750 0.254167 0.515625 0.256250 0.509375 0.262500 0.506250 0.268750 0.506250 0.279167 0.506250 0.281250 0.512500 0.287500 0.515625 0.291667 0.523438 0.293750 0.528125 0.297917 0.531250 0.300000 0.537500 0.300000 0.543750 0.293750 0.543750 0.291667 0.543750 0.281250 0.543750 0.275000 0.540625 0.268750 0.537500 0.262500 0.531250 0.260417 0.528125 0.256250
1 0.485938 0.212500 0.484375 0.212500 0.481250 0.212500 0.478125 0.216667 0.475000 0.218750 0.475000 0.222917 0.473438 0.225000 0.473438 0.229167 0.473438 0.231250 0.473438 0.235417 0.475000 0.237500 0.478125 0.241667 0.481250 0.243750 0.481250 0.243750 0.487500 0.243750 0.490625 0.243750 0.493750 0.243750 0.496875 0.243750 0.496875 0.237500 0.496875 0.231250 0.496875 0.229167 0.496875 0.225000 0.496875 0.218750 0.493750 0.218750 0.492188 0.212500 0.489063 0.212500 0.485938 0.212500
1 0.367188 0.293750 0.364063 0.293750 0.359375 0.300000 0.356250 0.300000 0.353125 0.304167 0.350000 0.306250 0.350000 0.312500 0.353125 0.316667 0.356250 0.318750 0.359375 0.318750 0.364063 0.318750 0.367188 0.318750 0.371875 0.318750 0.371875 0.318750 0.376563 0.318750 0.378125 0.318750 0.378125 0.312500 0.378125 0.306250 0.376563 0.300000 0.371875 0.300000 0.368750 0.300000 0.367188 0.293750 0.364063 0.293750 0.353125 0.293750 0.353125 0.293750
1 0.398438 0.356250 0.396875 0.356250 0.392188 0.356250 0.392188 0.360417 0.390625 0.362500 0.387500 0.368750 0.387500 0.375000 0.387500 0.379167 0.390625 0.385417 0.392188 0.387500 0.395313 0.391667 0.398438 0.391667 0.400000 0.391667 0.406250 0.391667 0.409375 0.391667 0.412500 0.391667 0.412500 0.387500 0.412500 0.381250 0.412500 0.379167 0.412500 0.372917 0.412500 0.362500 0.412500 0.362500 0.409375 0.356250 0.407813 0.356250 0.403125 0.356250 0.400000 0.350000 0.400000 0.350000
2 0.981250 0.116667 0.979688 0.112500 0.978125 0.112500 0.975000 0.118750 0.970313 0.118750 0.968750 0.122917 0.965625 0.129167 0.964063 0.131250 0.964063 0.135417 0.964063 0.137500 0.965625 0.141667 0.970313 0.141667 0.971875 0.141667 0.978125 0.141667 0.978125 0.137500 0.981250 0.137500 0.981250 0.131250 0.981250 0.131250 0.984375 0.125000 0.985938 0.122917 0.985938 0.118750 0.985938 0.112500
2 0.925000 0.160417 0.923438 0.160417 0.918750 0.162500 0.917188 0.166667 0.915625 0.166667 0.912500 0.168750 0.909375 0.172917 0.909375 0.175000 0.907813 0.181250 0.907813 0.181250 0.907813 0.187500 0.909375 0.187500 0.915625 0.185417 0.918750 0.181250 0.925000 0.179167 0.928125 0.175000 0.929688 0.172917 0.929688 0.168750 0.929688 0.162500 0.929688 0.160417
2 0.860938 0.218750 0.860938 0.216667 0.859375 0.216667 0.856250 0.216667 0.853125 0.216667 0.850000 0.218750 0.850000 0.218750 0.846875 0.218750 0.846875 0.222917 0.846875 0.225000 0.845313 0.225000 0.843750 0.229167 0.843750 0.231250 0.843750 0.235417 0.843750 0.237500 0.845313 0.237500 0.846875 0.237500 0.850000 0.237500 0.850000 0.237500 0.856250 0.237500 0.860938 0.235417 0.862500 0.235417 0.862500 0.231250 0.865625 0.231250 0.865625 0.229167 0.865625 0.225000 0.865625 0.222917 0.865625 0.218750 0.865625 0.218750
2 0.790625 0.272917 0.787500 0.275000 0.784375 0.279167 0.782813 0.279167 0.778125 0.281250 0.773438 0.281250 0.768750 0.287500 0.767188 0.287500 0.762500 0.291667 0.762500 0.293750 0.762500 0.293750 0.762500 0.300000 0.767188 0.300000 0.768750 0.300000 0.773438 0.300000 0.776563 0.300000 0.781250 0.300000 0.784375 0.300000 0.784375 0.297917 0.787500 0.291667 0.792188 0.285417 0.793750 0.281250 0.793750 0.279167 0.793750 0.275000
2 0.956250 0.297917 0.954688 0.297917 0.950000 0.300000 0.948438 0.304167 0.943750 0.306250 0.943750 0.312500 0.940625 0.318750 0.940625 0.318750 0.940625 0.325000 0.943750 0.325000 0.948438 0.325000 0.953125 0.325000 0.956250 0.325000 0.956250 0.322917 0.960938 0.318750 0.960938 0.312500 0.960938 0.306250 0.960938 0.306250 0.960938 0.300000 0.959375 0.297917 0.956250 0.291667
2 0.896875 0.356250 0.893750 0.356250 0.890625 0.360417 0.884375 0.362500 0.878125 0.366667 0.871875 0.368750 0.870313 0.372917 0.868750 0.375000 0.867188 0.379167 0.862500 0.381250 0.862500 0.387500 0.862500 0.391667 0.862500 0.393750 0.867188 0.393750 0.871875 0.393750 0.878125 0.393750 0.881250 0.393750 0.884375 0.393750 0.885938 0.391667 0.887500 0.385417 0.890625 0.379167 0.893750 0.372917 0.893750 0.368750 0.893750 0.362500 0.893750 0.360417 0.893750 0.356250
2 0.818750 0.431250 0.815625 0.435417 0.806250 0.437500 0.796875 0.437500 0.793750 0.443750 0.790625 0.447917 0.784375 0.456250 0.781250 0.460417 0.778125 0.462500 0.773438 0.466667 0.768750 0.472917 0.773438 0.475000 0.778125 0.475000 0.784375 0.475000 0.790625 0.475000 0.800000 0.468750 0.806250 0.462500 0.809375 0.460417 0.814063 0.454167 0.814063 0.443750 0.815625 0.431250
2 0.940625 0.531250 0.937500 0.541667 0.932813 0.543750 0.925000 0.554167 0.918750 0.560417 0.918750 0.562500 0.915625 0.568750 0.915625 0.575000 0.915625 0.581250 0.912500 0.585417 0.912500 0.591667 0.917188 0.591667 0.923438 0.591667 0.929688 0.587500 0.934375 0.581250 0.940625 0.575000 0.943750 0.568750 0.946875 0.562500 0.948438 0.554167 0.950000 0.550000 0.950000 0.543750 0.946875 0.541667 0.940625 0.537500
2 0.862500 0.637500 0.862500 0.635417 0.856250 0.637500 0.853125 0.643750 0.846875 0.647917 0.840625 0.650000 0.839063 0.654167 0.839063 0.656250 0.837500 0.660417 0.839063 0.662500 0.840625 0.666667 0.843750 0.672917 0.846875 0.675000 0.853125 0.675000 0.860938 0.672917 0.862500 0.666667 0.868750 0.662500 0.870313 0.654167 0.870313 0.643750 0.870313 0.641667 0.870313 0.637500 0.867188 0.631250 0.862500 0.631250
2 0.856250 0.722917 0.860938 0.722917 0.867188 0.712500 0.867188 0.704167 0.867188 0.693750 0.862500 0.693750 0.856250 0.691667 0.850000 0.687500 0.840625 0.687500 0.835938 0.681250 0.831250 0.681250 0.828125 0.675000 0.821875 0.675000 0.818750 0.679167 0.818750 0.687500 0.821875 0.693750 0.825000 0.697917 0.831250 0.700000 0.835938 0.710417 0.840625 0.712500 0.846875 0.718750 0.854688 0.722917 0.860938 0.722917
2 0.929688 0.779167 0.923438 0.779167 0.918750 0.781250 0.912500 0.791667 0.907813 0.800000 0.906250 0.810417 0.909375 0.816667 0.921875 0.825000 0.929688 0.831250 0.934375 0.835417 0.939063 0.841667 0.940625 0.847917 0.950000 0.847917 0.956250 0.837500 0.954688 0.825000 0.950000 0.812500 0.948438 0.800000 0.943750 0.791667 0.940625 0.781250 0.932813 0.775000 0.923438 0.775000 0.915625 0.779167
2 0.756250 0.922917 0.742188 0.925000 0.734375 0.929167 0.731250 0.937500 0.737500 0.950000 0.743750 0.960417 0.750000 0.968750 0.753125 0.975000 0.756250 0.981250 0.762500 0.987500 0.767188 0.997917 0.773438 1.004167 0.781250 1.004167 0.784375 1.004167 0.787500 0.991667 0.784375 0.979167 0.782813 0.968750 0.781250 0.960417 0.776563 0.950000 0.771875 0.943750 0.767188 0.931250 0.762500 0.925000 0.756250 0.918750
2 0.210938 0.931250 0.207813 0.931250 0.201563 0.931250 0.185938 0.937500 0.179688 0.943750 0.176563 0.947917 0.171875 0.956250 0.171875 0.968750 0.171875 0.975000 0.175000 0.981250 0.179688 0.981250 0.185938 0.985417 0.193750 0.985417 0.196875 0.985417 0.203125 0.985417 0.207813 0.981250 0.215625 0.972917 0.218750 0.968750 0.218750 0.956250 0.218750 0.950000 0.215625 0.941667 0.212500 0.935417 0.209375 0.931250 0.206250 0.929167
2 0.303125 0.843750 0.290625 0.850000 0.285938 0.856250 0.281250 0.862500 0.278125 0.872917 0.275000 0.881250 0.275000 0.893750 0.278125 0.904167 0.282813 0.904167 0.290625 0.906250 0.296875 0.906250 0.304688 0.904167 0.314063 0.893750 0.321875 0.887500 0.328125 0.881250 0.331250 0.875000 0.337500 0.866667 0.337500 0.856250 0.340625 0.850000 0.337500 0.843750 0.328125 0.843750 0.318750 0.843750 0.309375 0.843750
2 0.123438 0.856250 0.115625 0.856250 0.106250 0.860417 0.100000 0.862500 0.096875 0.875000 0.093750 0.881250 0.092188 0.887500 0.092188 0.893750 0.093750 0.900000 0.100000 0.904167 0.106250 0.904167 0.112500 0.904167 0.125000 0.900000 0.129688 0.893750 0.134375 0.885417 0.139063 0.875000 0.139063 0.862500 0.137500 0.856250 0.134375 0.854167 0.128125 0.850000 0.123438 0.850000
2 0.210938 0.775000 0.207813 0.775000 0.196875 0.781250 0.193750 0.787500 0.185938 0.793750 0.184375 0.800000 0.181250 0.810417 0.181250 0.818750 0.187500 0.825000 0.193750 0.825000 0.196875 0.825000 0.203125 0.825000 0.212500 0.825000 0.217188 0.818750 0.218750 0.806250 0.225000 0.800000 0.225000 0.791667 0.223438 0.785417 0.217188 0.781250 0.210938 0.779167 0.207813 0.779167
2 0.306250 0.697917 0.298438 0.700000 0.290625 0.706250 0.287500 0.712500 0.282813 0.718750 0.278125 0.725000 0.275000 0.731250 0.275000 0.743750 0.275000 0.750000 0.282813 0.750000 0.293750 0.750000 0.303125 0.747917 0.314063 0.737500 0.321875 0.731250 0.329688 0.722917 0.332813 0.712500 0.332813 0.704167 0.329688 0.697917 0.321875 0.697917 0.314063 0.697917 0.306250 0.697917
2 0.251563 0.362500 0.250000 0.362500 0.246875 0.366667 0.246875 0.368750 0.246875 0.375000 0.246875 0.379167 0.246875 0.381250 0.250000 0.385417 0.253125 0.387500 0.254688 0.387500 0.256250 0.387500 0.259375 0.387500 0.262500 0.387500 0.265625 0.387500 0.265625 0.381250 0.265625 0.381250 0.265625 0.375000 0.265625 0.372917 0.262500 0.368750 0.262500 0.366667 0.259375 0.362500 0.256250 0.362500 0.253125 0.362500 0.250000 0.362500 0.243750 0.362500
2 0.285938 0.425000 0.282813 0.425000 0.278125 0.425000 0.275000 0.425000 0.275000 0.429167 0.275000 0.435417 0.273438 0.437500 0.273438 0.443750 0.273438 0.447917 0.273438 0.450000 0.273438 0.456250 0.275000 0.460417 0.275000 0.462500 0.278125 0.466667 0.282813 0.466667 0.285938 0.462500 0.287500 0.462500 0.290625 0.456250 0.290625 0.450000 0.290625 0.447917 0.290625 0.443750 0.290625 0.437500 0.287500 0.431250 0.287500 0.431250 0.282813 0.425000
2 0.309375 0.504167 0.309375 0.504167 0.306250 0.510417 0.306250 0.512500 0.306250 0.516667 0.306250 0.518750 0.306250 0.518750 0.306250 0.522917 0.306250 0.525000 0.309375 0.525000 0.312500 0.525000 0.317188 0.522917 0.318750 0.522917 0.321875 0.518750 0.321875 0.518750 0.321875 0.516667 0.321875 0.512500 0.321875 0.510417 0.321875 0.506250 0.321875 0.506250 0.318750 0.506250 0.317188 0.504167 0.315625 0.504167 0.314063 0.504167 0.312500 0.504167 0.312500 0.504167
2 0.353125 0.279167 0.350000 0.279167 0.348438 0.279167 0.346875 0.281250 0.343750 0.281250 0.343750 0.285417 0.340625 0.287500 0.340625 0.291667 0.340625 0.293750 0.340625 0.297917 0.340625 0.300000 0.343750 0.300000 0.345313 0.306250 0.346875 0.306250 0.348438 0.306250 0.353125 0.306250 0.353125 0.300000 0.353125 0.300000 0.356250 0.293750 0.356250 0.293750 0.356250 0.291667 0.356250 0.287500 0.356250 0.287500 0.356250 0.281250 0.356250 0.279167 0.356250 0.275000 0.353125 0.275000
2 0.379688 0.318750 0.376563 0.322917 0.376563 0.325000 0.375000 0.331250 0.375000 0.335417 0.375000 0.343750 0.378125 0.350000 0.381250 0.354167 0.384375 0.356250 0.387500 0.362500 0.392188 0.362500 0.393750 0.360417 0.396875 0.356250 0.396875 0.350000 0.396875 0.343750 0.396875 0.337500 0.396875 0.331250 0.393750 0.329167 0.387500 0.322917 0.384375 0.322917 0.381250 0.318750
2 0.412500 0.391667 0.412500 0.397917 0.412500 0.406250 0.412500 0.412500 0.415625 0.418750 0.418750 0.425000 0.418750 0.431250 0.421875 0.431250 0.425000 0.431250 0.428125 0.431250 0.431250 0.425000 0.434375 0.425000 0.434375 0.418750 0.437500 0.412500 0.434375 0.404167 0.434375 0.397917 0.431250 0.393750 0.428125 0.387500 0.425000 0.385417 0.421875 0.381250 0.418750 0.381250
2 0.603125 0.350000 0.600000 0.354167 0.596875 0.360417 0.595313 0.368750 0.595313 0.372917 0.595313 0.379167 0.596875 0.381250 0.600000 0.391667 0.604688 0.391667 0.609375 0.391667 0.615625 0.391667 0.617188 0.387500 0.620313 0.381250 0.621875 0.379167 0.621875 0.372917 0.621875 0.366667 0.618750 0.360417 0.615625 0.356250 0.610938 0.350000 0.606250 0.350000 0.603125 0.347917
2 0.543750 0.285417 0.540625 0.287500 0.540625 0.291667 0.537500 0.300000 0.537500 0.306250 0.537500 0.312500 0.542188 0.318750 0.543750 0.322917 0.550000 0.325000 0.554688 0.329167 0.557813 0.331250 0.562500 0.331250 0.565625 0.331250 0.568750 0.325000 0.573438 0.318750 0.573438 0.312500 0.573438 0.306250 0.573438 0.300000 0.568750 0.293750 0.565625 0.293750 0.562500 0.291667 0.557813 0.287500 0.553125 0.287500 0.548438 0.287500
2 0.460938 0.193750 0.457813 0.193750 0.454688 0.193750 0.450000 0.200000 0.446875 0.200000 0.446875 0.210417 0.446875 0.216667 0.450000 0.222917 0.454688 0.222917 0.456250 0.222917 0.459375 0.222917 0.462500 0.218750 0.465625 0.218750 0.468750 0.212500 0.470313 0.212500 0.473438 0.210417 0.473438 0.206250 0.473438 0.200000 0.473438 0.197917 0.470313 0.193750 0.465625 0.193750 0.462500 0.193750 0.457813 0.193750 0.454688 0.193750
2 0.523438 0.262500 0.518750 0.256250 0.512500 0.254167 0.509375 0.247917 0.503125 0.243750 0.496875 0.241667 0.492188 0.241667 0.485938 0.243750 0.485938 0.250000 0.489063 0.262500 0.493750 0.266667 0.496875 0.275000 0.506250 0.279167 0.509375 0.281250 0.515625 0.285417 0.518750 0.287500 0.528125 0.287500 0.534375 0.291667 0.540625 0.291667 0.540625 0.281250 0.540625 0.275000 0.534375 0.268750 0.528125 0.266667 0.525000 0.260417
3 0.364063 0.512500 0.367188 0.529167 0.368750 0.543750 0.371875 0.554167 0.376563 0.568750 0.379688 0.581250 0.384375 0.593750 0.387500 0.604167 0.395313 0.612500 0.403125 0.618750 0.415625 0.606250 0.421875 0.593750 0.425000 0.572917 0.418750 0.550000 0.412500 0.531250 0.406250 0.518750 0.392188 0.500000 0.381250 0.487500 0.371875 0.487500 0.364063 0.500000 0.360938 0.512500 0.362500 0.525000
7 0.307812 0.527083 0.301563 0.550000 0.315625 0.572917 0.301563 0.593750 0.279687 0.608333 0.256250 0.627083 0.240625 0.650000 0.240625 0.679167 0.254688 0.700000 0.273438 0.702083 0.287500 0.685417 0.300000 0.666667 0.323437 0.666667 0.335938 0.647917 0.335938 0.620833 0.350000 0.608333 0.360938 0.587500 0.359375 0.564583 0.337500 0.554167 0.331250 0.550000 0.321875 0.531250 0.300000 0.531250
7 0.853125 0.550000 0.846875 0.564583 0.839063 0.575000 0.839063 0.587500 0.823438 0.593750 0.812500 0.595833 0.803125 0.606250 0.796875 0.614583 0.795312 0.625000 0.796875 0.637500 0.800000 0.654167 0.804688 0.666667 0.814063 0.672917 0.825000 0.666667 0.839063 0.656250 0.856250 0.639583 0.870313 0.620833 0.881250 0.600000 0.889062 0.577083 0.889062 0.554167 0.871875 0.547917 0.859375 0.545833
7 0.534375 0.960417 0.554688 0.947917 0.557813 0.922917 0.553125 0.910417 0.537500 0.908333 0.526563 0.908333 0.517188 0.916667 0.515625 0.933333 0.515625 0.947917 0.515625 0.962500 0.518750 0.977083 0.521875 0.991667 0.534375 1.000000 0.548438 1.000000 0.560937 1.000000 0.571875 0.997917 0.578125 0.968750 0.570312 0.962500 0.560937 0.966667 0.551562 0.975000 0.537500 0.968750 0.534375 0.956250
