3 0.496875 0.075000 0.503125 0.075000 0.506250 0.091667 0.506250 0.097917 0.515625 0.100000 0.521875 0.100000 0.540625 0.100000 0.550000 0.100000 0.565625 0.100000 0.579688 0.100000 0.585938 0.097917 0.590625 0.093750 0.590625 0.085417 0.589063 0.075000 0.585938 0.072917 0.579688 0.068750 0.559375 0.068750 0.548438 0.072917 0.532813 0.072917 0.523438 0.075000 0.517188 0.075000 0.503125 0.075000 0.503125 0.081250
3 0.860938 0.081250 0.846875 0.097917 0.839063 0.106250 0.821875 0.122917 0.809375 0.137500 0.803125 0.143750 0.800000 0.156250 0.800000 0.168750 0.809375 0.172917 0.821875 0.172917 0.831250 0.168750 0.837500 0.156250 0.843750 0.150000 0.846875 0.141667 0.854688 0.131250 0.859375 0.125000 0.868750 0.116667 0.875000 0.106250 0.881250 0.093750 0.878125 0.087500 0.868750 0.081250 0.860938 0.079167
3 0.778125 0.162500 0.781250 0.166667 0.781250 0.179167 0.776563 0.187500 0.776563 0.197917 0.784375 0.212500 0.793750 0.225000 0.800000 0.235417 0.809375 0.243750 0.821875 0.250000 0.825000 0.243750 0.825000 0.225000 0.825000 0.212500 0.821875 0.206250 0.814063 0.197917 0.809375 0.187500 0.803125 0.181250 0.798438 0.175000 0.793750 0.166667 0.787500 0.162500 0.782813 0.162500 0.781250 0.172917
3 0.306250 0.043750 0.321875 0.060417 0.329688 0.068750 0.340625 0.079167 0.346875 0.085417 0.353125 0.093750 0.364063 0.100000 0.368750 0.097917 0.368750 0.075000 0.365625 0.068750 0.359375 0.062500 0.350000 0.054167 0.340625 0.043750 0.337500 0.037500 0.328125 0.031250 0.321875 0.025000 0.314063 0.035417 0.306250 0.043750 0.318750 0.062500 0.325000 0.068750 0.334375 0.075000 0.343750 0.081250
4 0.118750 0.100000 0.121875 0.100000 0.134375 0.104167 0.140625 0.106250 0.146875 0.106250 0.153125 0.106250 0.156250 0.106250 0.162500 0.106250 0.165625 0.100000 0.168750 0.093750 0.168750 0.087500 0.168750 0.081250 0.165625 0.081250 0.156250 0.081250 0.153125 0.085417 0.148438 0.085417 0.140625 0.087500 0.134375 0.087500 0.129688 0.087500 0.128125 0.093750 0.125000 0.100000
2 0.706250 0.543750 0.714063 0.556250 0.718750 0.572917 0.721875 0.579167 0.725000 0.591667 0.728125 0.597917 0.734375 0.606250 0.745313 0.604167 0.753125 0.600000 0.762500 0.600000 0.767188 0.600000 0.760938 0.587500 0.756250 0.575000 0.753125 0.568750 0.751563 0.550000 0.750000 0.543750 0.745313 0.537500 0.737500 0.537500 0.731250 0.537500 0.725000 0.541667 0.715625 0.541667 0.709375 0.541667
2 0.776563 0.693750 0.784375 0.697917 0.793750 0.718750 0.798438 0.725000 0.800000 0.737500 0.804688 0.743750 0.806250 0.754167 0.812500 0.760417 0.818750 0.762500 0.829688 0.760417 0.831250 0.754167 0.831250 0.737500 0.825000 0.729167 0.818750 0.716667 0.815625 0.704167 0.812500 0.693750 0.809375 0.687500 0.803125 0.687500 0.793750 0.687500 0.787500 0.687500 0.784375 0.693750 0.784375 0.706250
2 0.856250 0.879167 0.871875 0.887500 0.878125 0.900000 0.884375 0.916667 0.890625 0.931250 0.898438 0.950000 0.903125 0.962500 0.907813 0.968750 0.915625 0.981250 0.921875 0.987500 0.934375 0.985417 0.943750 0.981250 0.954688 0.975000 0.950000 0.968750 0.932813 0.937500 0.912500 0.900000 0.903125 0.872917 0.896875 0.862500 0.881250 0.868750 0.871875 0.875000 0.862500 0.875000
2 0.096875 0.347917 0.096875 0.360417 0.096875 0.362500 0.121875 0.362500 0.128125 0.360417 0.134375 0.356250 0.140625 0.356250 0.146875 0.356250 0.150000 0.356250 0.153125 0.356250 0.154688 0.350000 0.153125 0.347917 0.148438 0.347917 0.131250 0.347917 0.123438 0.347917 0.118750 0.347917 0.112500 0.347917 0.109375 0.343750 0.100000 0.343750 0.096875 0.343750 0.096875 0.343750
2 0.881250 0.337500 0.881250 0.341667 0.881250 0.347917 0.881250 0.350000 0.881250 0.356250 0.885938 0.356250 0.887500 0.350000 0.893750 0.350000 0.893750 0.350000 0.900000 0.350000 0.903125 0.350000 0.903125 0.350000 0.906250 0.347917 0.906250 0.343750 0.906250 0.341667 0.903125 0.337500 0.903125 0.337500 0.900000 0.337500 0.896875 0.337500 0.893750 0.337500 0.890625 0.341667 0.885938 0.341667 0.884375 0.341667
2 0.796875 0.331250 0.796875 0.335417 0.798438 0.337500 0.798438 0.343750 0.798438 0.347917 0.800000 0.350000 0.800000 0.360417 0.803125 0.360417 0.809375 0.356250 0.814063 0.356250 0.815625 0.356250 0.818750 0.356250 0.821875 0.350000 0.821875 0.347917 0.821875 0.341667 0.821875 0.337500 0.821875 0.335417 0.818750 0.331250 0.815625 0.331250 0.809375 0.331250 0.806250 0.331250 0.803125 0.331250 0.800000 0.331250 0.793750 0.331250
2 0.506250 0.116667 0.506250 0.112500 0.506250 0.116667 0.506250 0.116667 0.506250 0.116667 0.509375 0.118750 0.509375 0.118750 0.509375 0.118750 0.509375 0.118750 0.509375 0.122917 0.510938 0.122917 0.510938 0.122917 0.512500 0.122917 0.512500 0.122917 0.512500 0.122917 0.515625 0.122917 0.515625 0.122917 0.517188 0.118750 0.518750 0.118750 0.518750 0.118750 0.518750 0.118750 0.518750 0.118750 0.521875 0.118750 0.523438 0.118750 0.523438 0.118750 0.525000 0.118750 0.525000 0.118750
2 0.531250 0.137500 0.531250 0.137500 0.531250 0.137500 0.528125 0.137500 0.528125 0.137500 0.528125 0.135417 0.528125 0.135417 0.528125 0.135417 0.526563 0.131250 0.525000 0.131250 0.525000 0.131250 0.521875 0.131250 0.521875 0.131250 0.518750 0.131250 0.518750 0.131250 0.518750 0.131250 0.517188 0.131250 0.515625 0.131250 0.515625 0.131250 0.515625 0.131250 0.515625 0.131250
2 0.540625 0.160417 0.540625 0.160417 0.537500 0.160417 0.534375 0.160417 0.534375 0.160417 0.532813 0.160417 0.531250 0.156250 0.531250 0.156250 0.528125 0.156250 0.528125 0.156250 0.528125 0.154167 0.528125 0.154167 0.526563 0.154167 0.526563 0.156250 0.526563 0.156250 0.526563 0.160417 0.526563 0.162500 0.528125 0.162500 0.528125 0.162500 0.531250 0.162500 0.534375 0.162500 0.540625 0.162500 0.540625 0.162500 0.540625 0.156250 0.540625 0.154167 0.540625 0.150000 0.540625 0.150000
2 0.559375 0.197917 0.559375 0.193750 0.557813 0.193750 0.557813 0.187500 0.556250 0.187500 0.554688 0.185417 0.554688 0.181250 0.553125 0.181250 0.550000 0.181250 0.546875 0.181250 0.543750 0.185417 0.542188 0.187500 0.540625 0.187500 0.540625 0.187500 0.542188 0.193750 0.543750 0.193750 0.543750 0.193750 0.548438 0.193750 0.550000 0.193750 0.554688 0.193750 0.557813 0.193750 0.559375 0.193750 0.559375 0.193750
1 0.489063 0.081250 0.490625 0.081250 0.492188 0.081250 0.493750 0.085417 0.493750 0.087500 0.493750 0.087500 0.493750 0.091667 0.493750 0.093750 0.496875 0.093750 0.501563 0.093750 0.503125 0.093750 0.503125 0.093750 0.506250 0.091667 0.506250 0.087500 0.509375 0.087500 0.510938 0.087500 0.510938 0.087500 0.509375 0.085417 0.506250 0.085417 0.506250 0.081250 0.506250 0.081250 0.503125 0.081250 0.503125 0.081250 0.500000 0.081250 0.496875 0.081250 0.496875 0.081250 0.493750 0.085417 0.493750 0.085417
1 0.500000 0.106250 0.503125 0.106250 0.503125 0.106250 0.503125 0.110417 0.503125 0.110417 0.503125 0.112500 0.506250 0.112500 0.506250 0.116667 0.506250 0.118750 0.506250 0.118750 0.509375 0.116667 0.510938 0.116667 0.512500 0.112500 0.515625 0.112500 0.515625 0.110417 0.515625 0.110417 0.515625 0.106250 0.515625 0.106250 0.512500 0.106250 0.506250 0.106250 0.506250 0.106250 0.503125 0.106250 0.503125 0.106250
1 0.512500 0.131250 0.515625 0.135417 0.517188 0.137500 0.518750 0.141667 0.518750 0.143750 0.518750 0.143750 0.521875 0.150000 0.523438 0.150000 0.525000 0.150000 0.528125 0.150000 0.531250 0.150000 0.532813 0.150000 0.534375 0.150000 0.534375 0.143750 0.534375 0.143750 0.534375 0.141667 0.528125 0.141667 0.521875 0.141667 0.518750 0.141667 0.515625 0.141667 0.512500 0.141667
1 0.531250 0.166667 0.534375 0.166667 0.534375 0.168750 0.537500 0.172917 0.537500 0.175000 0.537500 0.175000 0.537500 0.179167 0.540625 0.181250 0.543750 0.181250 0.543750 0.181250 0.548438 0.181250 0.550000 0.181250 0.550000 0.181250 0.550000 0.175000 0.550000 0.172917 0.550000 0.168750 0.548438 0.166667 0.548438 0.162500 0.546875 0.160417 0.543750 0.160417 0.540625 0.162500 0.537500 0.162500 0.534375 0.162500 0.534375 0.162500 0.531250 0.166667
1 0.543750 0.206250 0.548438 0.206250 0.550000 0.210417 0.550000 0.212500 0.553125 0.212500 0.559375 0.212500 0.564063 0.212500 0.565625 0.212500 0.565625 0.212500 0.564063 0.206250 0.564063 0.200000 0.564063 0.197917 0.559375 0.193750 0.557813 0.193750 0.553125 0.197917 0.548438 0.197917 0.548438 0.197917 0.550000 0.200000 0.550000 0.206250 0.553125 0.206250 0.553125 0.212500
1 0.162500 0.347917 0.165625 0.350000 0.165625 0.356250 0.165625 0.362500 0.168750 0.366667 0.181250 0.368750 0.192188 0.368750 0.196875 0.368750 0.203125 0.372917 0.210938 0.372917 0.212500 0.368750 0.212500 0.360417 0.212500 0.350000 0.215625 0.343750 0.201563 0.343750 0.193750 0.343750 0.187500 0.343750 0.181250 0.343750 0.178125 0.343750 0.171875 0.343750
1 0.825000 0.337500 0.825000 0.347917 0.821875 0.350000 0.821875 0.360417 0.831250 0.362500 0.843750 0.360417 0.846875 0.356250 0.860938 0.360417 0.868750 0.360417 0.871875 0.360417 0.878125 0.362500 0.881250 0.356250 0.881250 0.350000 0.884375 0.347917 0.878125 0.343750 0.868750 0.347917 0.856250 0.347917 0.843750 0.347917 0.839063 0.347917 0.831250 0.343750 0.825000 0.337500
1 0.984375 0.350000 0.981250 0.360417 0.981250 0.362500 0.981250 0.368750 0.981250 0.368750 0.990625 0.368750 0.995313 0.368750 1.000000 0.368750 1.003125 0.366667 1.009375 0.362500 1.006250 0.362500 1.006250 0.360417 1.006250 0.356250 1.006250 0.350000 1.003125 0.350000 1.000000 0.350000 0.996875 0.356250 0.993750 0.356250 0.990625 0.356250 0.987500 0.356250 0.984375 0.356250
1 0.714063 0.504167 0.050000 0.066667
1 0.742188 0.618750 0.746875 0.622917 0.746875 0.629167 0.751563 0.637500 0.756250 0.641667 0.762500 0.643750 0.767188 0.650000 0.773438 0.656250 0.776563 0.662500 0.781250 0.666667 0.787500 0.666667 0.793750 0.662500 0.793750 0.656250 0.787500 0.643750 0.784375 0.637500 0.781250 0.631250 0.778125 0.622917 0.773438 0.618750 0.767188 0.612500 0.760938 0.610417 0.753125 0.616667 0.746875 0.618750
1 0.814063 0.756250 0.821875 0.768750 0.825000 0.781250 0.828125 0.791667 0.831250 0.804167 0.835938 0.816667 0.843750 0.831250 0.850000 0.837500 0.856250 0.850000 0.859375 0.862500 0.868750 0.866667 0.887500 0.862500 0.892188 0.856250 0.887500 0.850000 0.871875 0.829167 0.862500 0.812500 0.854688 0.797917 0.846875 0.785417 0.840625 0.775000 0.835938 0.762500 0.829688 0.756250
1 0.968750 0.987500 0.962500 0.987500 0.956250 0.987500 0.953125 0.987500 0.948438 0.993750 0.943750 0.993750 0.939063 0.997917 0.932813 1.000000 0.929688 1.000000 0.929688 1.000000 0.932813 1.000000 0.940625 1.000000 0.943750 1.000000 0.950000 0.993750 0.954688 0.993750 0.956250 0.987500 0.956250 0.987500 0.960938 0.987500 0.964063 0.987500 0.965625 0.985417 0.968750 0.985417
0 0.714063 0.556250 0.687500 0.554167 0.651563 0.550000 0.612500 0.554167 0.626563 0.629167 0.643750 0.672917 0.653125 0.706250 0.662500 0.743750 0.675000 0.768750 0.710938 0.762500 0.756250 0.762500 0.781250 0.762500 0.800000 0.754167 0.798438 0.731250 0.782813 0.722917 0.776563 0.691667 0.775000 0.662500 0.762500 0.650000 0.742188 0.637500 0.731250 0.600000 0.725000 0.562500
0 0.001563 0.337500 0.006250 0.354167 0.006250 0.375000 0.003125 0.393750 0.003125 0.406250 0.009375 0.410417 0.040625 0.418750 0.056250 0.418750 0.078125 0.425000 0.104688 0.431250 0.121875 0.431250 0.131250 0.431250 0.143750 0.431250 0.153125 0.429167 0.159375 0.425000 0.165625 0.412500 0.165625 0.393750 0.162500 0.379167 0.162500 0.362500 0.162500 0.354167 0.165625 0.343750 0.165625 0.331250
0 0.225000 0.341667 0.234375 0.397917 0.237500 0.412500 0.273438 0.410417 0.309375 0.406250 0.325000 0.397917 0.329688 0.381250 0.340625 0.375000 0.356250 0.372917 0.371875 0.366667 0.379688 0.350000 0.367188 0.337500 0.345313 0.335417 0.325000 0.335417 0.318750 0.343750 0.309375 0.341667 0.293750 0.335417 0.273438 0.337500 0.259375 0.325000 0.240625 0.325000 0.228125 0.331250 0.225000 0.347917
6 0.725000 0.460417 0.687500 0.502083 0.717187 0.564583 0.751563 0.639583 0.764062 0.656250 0.790625 0.714583 0.818750 0.795833 0.832812 0.814583 0.860938 0.870833 0.896875 0.943750 0.914062 0.947917 0.926562 0.991667 0.960938 1.050000 0.970313 0.977083 0.928125 0.918750 0.890625 0.856250 0.860938 0.785417 0.815625 0.702083 0.764062 0.579167 0.734375 0.510417
6 0.887500 0.331250 0.857812 0.331250 0.842187 0.329167 0.829688 0.329167 0.818750 0.329167 0.809375 0.329167 0.804688 0.335417 0.800000 0.345833 0.803125 0.354167 0.809375 0.358333 0.818750 0.364583 0.826562 0.364583 0.839063 0.364583 0.854688 0.364583 0.864062 0.364583 0.870313 0.360417 0.878125 0.358333 0.889062 0.352083 0.892188 0.347917 0.890625 0.331250 0.889062 0.322917
6 1.006250 0.343750 0.993750 0.343750 0.987500 0.343750 0.978125 0.343750 0.970313 0.343750 0.964063 0.343750 0.959375 0.343750 0.953125 0.343750 0.951562 0.343750 0.951562 0.356250 0.953125 0.360417 0.954688 0.364583 0.962500 0.368750 0.968750 0.368750 0.973437 0.368750 0.978125 0.368750 0.982812 0.368750 0.990625 0.368750 0.995313 0.368750 0.996875 0.366667 0.998437 0.360417 1.000000 0.350000 1.000000 0.343750
6 0.510938 0.081250 0.492188 0.077083 0.489063 0.085417 0.493750 0.100000 0.504687 0.122917 0.510938 0.139583 0.521875 0.166667 0.528125 0.179167 0.537500 0.197917 0.548438 0.214583 0.557813 0.218750 0.560937 0.212500 0.564063 0.200000 0.562500 0.187500 0.556250 0.170833 0.548438 0.156250 0.540625 0.145833 0.534375 0.129167 0.523438 0.102083 0.517188 0.089583 0.510938 0.077083
6 0.215625 0.347917 0.200000 0.347917 0.190625 0.347917 0.182812 0.347917 0.173437 0.347917 0.162500 0.347917 0.153125 0.347917 0.146875 0.352083 0.143750 0.354167 0.146875 0.360417 0.150000 0.368750 0.154688 0.372917 0.159375 0.375000 0.164062 0.375000 0.176563 0.375000 0.187500 0.372917 0.198437 0.372917 0.204687 0.372917 0.209375 0.368750 0.210938 0.364583 0.212500 0.347917 0.210938 0.341667
7 0.509375 0.375000 0.481250 0.364583 0.467187 0.364583 0.456250 0.366667 0.454688 0.387500 0.454688 0.406250 0.462500 0.443750 0.464062 0.456250 0.470313 0.475000 0.476562 0.500000 0.484375 0.502083 0.495312 0.500000 0.515625 0.485417 0.528125 0.479167 0.531250 0.472917 0.531250 0.456250 0.531250 0.439583 0.528125 0.416667 0.518750 0.395833 0.507812 0.375000 0.504687 0.364583
7 0.437500 0.347917 0.385937 0.347917 0.364063 0.354167 0.346875 0.364583 0.331250 0.375000 0.326562 0.391667 0.326562 0.416667 0.331250 0.437500 0.335938 0.454167 0.353125 0.447917 0.367188 0.443750 0.392188 0.435417 0.425000 0.431250 0.443750 0.429167 0.456250 0.422917 0.460938 0.406250 0.456250 0.381250 0.448437 0.360417 0.439063 0.343750 0.429688 0.345833 0.418750 0.347917 0.406250 0.343750
7 0.957812 0.331250 0.935937 0.337500 0.923438 0.347917 0.900000 0.354167 0.878125 0.360417 0.864062 0.364583 0.860938 0.372917 0.856250 0.381250 0.859375 0.408333 0.862500 0.420833 0.867188 0.425000 0.881250 0.425000 0.896875 0.416667 0.909375 0.412500 0.926562 0.406250 0.942187 0.402083 0.957812 0.400000 0.964063 0.395833 0.960938 0.375000 0.957812 0.352083 0.953125 0.335417 0.950000 0.327083
7 0.739062 0.214583 0.731250 0.212500 0.725000 0.210417 0.721875 0.206250 0.718750 0.202083 0.712500 0.202083 0.703125 0.206250 0.696875 0.208333 0.692187 0.210417 0.693750 0.214583 0.698438 0.227083 0.704688 0.233333 0.710938 0.239583 0.712500 0.243750 0.721875 0.247917 0.726562 0.245833 0.734375 0.243750 0.739062 0.239583 0.739062 0.235417 0.742188 0.222917 0.742188 0.214583
